session,target_position
1000,0.307687307561382
1001,0.5608404091390745
1002,0.7607657897778537
1003,0.9009455418663832
1004,1.1036147317034966
1005,0.7234058798517756
1006,1.9852178992853735
1007,0.6901497199853878
1008,1.9031773562621312
1009,1.4296858866140014
1010,0.8431474922930469
1011,0.7583083677858475
1012,0.8292562083137
1013,1.7615665465904362
1014,0.019539515371453556
1015,0.4151160312246198
1016,1.9333381456741445
1017,1.1809800904262735
1018,0.4754837151059571
1019,1.243017741706937
1020,0.48829827548783916
1021,0.5658400139140833
1022,1.5122189666051165
1023,2.0269918857170235
1024,0.2598013017301952
1025,1.1238706587940248
1026,0.11457331180137871
1027,1.4529427155461727
1028,2.510537668213042
1029,1.2586745260951655
1030,0.6602910796095776
1031,2.0019071109444653
1032,0.6257507521994269
1033,1.0259337374050417
1034,0.5670331774816381
1035,1.8179942720517965
1036,0.48060852751189975
1037,0.4041457825766362
1038,0.6596286847043763
1039,1.4399753792691121
1040,0.7546153911334528
1041,1.9126727063807465
1042,1.797579130623172
1043,0.5457677278284351
1044,1.0607807790801351
1045,0.8421290248270596
1046,0.280316684617178
1047,0.6380382494471142
1048,1.4442127405957108
1049,1.1232056263262078
1050,1.7814131916039377
1051,-0.07708561077421144
1052,-0.0073974683576388325
1053,1.064143924155753
1054,1.9848661284751075
1055,1.8016657288759568
1056,1.1758101862053554
1057,1.5151400516974967
1058,0.7693136261291511
1059,-0.15417698267668173
1060,-0.15435686496227957
1061,0.9085330242629186
1062,0.08782287015126172
1063,-0.19756373193059332
1064,0.19997326993182848
1065,1.4122228339814906
1066,1.1481273417825335
1067,1.1409086300632798
1068,0.7859811858853385
1069,1.2599893220538496
1070,1.401013565817316
1071,1.5717248717982524
1072,0.5102817175417692
1073,2.119547398356901
1074,1.1910004911517826
1075,1.0051173241538696
1076,0.8049644429881263
1077,1.8529550875545908
1078,1.4409415125646907
1079,1.5887530841953472
1080,1.00679838412344
1081,0.28942519187917676
1082,0.32014091208147005
1083,-0.027979263906071507
1084,0.9904605708735661
1085,1.3180958943466958
1086,1.307507071132415
1087,1.616410267116876
1088,1.6529027615447462
1089,0.4899093638152385
1090,0.07600074771035475
1091,2.095261231367177
1092,0.34905910549486596
1093,1.8977625075367117
1094,0.28993533840028685
1095,0.3581788652426748
1096,-0.2634587461687153
1097,1.1659643579410335
1098,-0.28081503733554714
1099,1.472580566349482
1100,1.6731836021830855
1101,0.8547562633134115
1102,0.8872703134949449
1103,0.5884575968937925
1104,2.1547134044581995
1105,2.1838656310258133
1106,-0.32294128284361745
1107,1.9853839999878806
1108,1.600742925766356
1109,1.4863635376670508
1110,0.05122522999190345
1111,0.4809690890299161
1112,1.9420642147104998
1113,2.1920142256292836
1114,0.8084143844694799
1115,1.103055376691831
1116,1.7740855131638205
1117,0.9563641022718746
1118,1.204834130111251
1119,-0.3932020430419245
1120,0.491429742687804
1121,1.1172264270334606
1122,1.3951998883008685
1123,1.704342379550988
1124,1.076507874217112
1125,0.6596275188061469
1126,2.0659173508803086
1127,0.8526458510024006
1128,1.472358513037963
1129,0.14188132571614304
1130,1.5180715255285298
1131,0.8246130211394346
1132,0.017565006758596787
1133,0.9181370171813938
1134,1.925877498419674
1135,1.976952744193024
1136,1.4461094755137398
1137,1.4697795452899123
1138,1.9939789477037555
1139,0.944700411644622
1140,1.4924836693351686
1141,0.9644966786393133
1142,0.2547222669865566
1143,0.6289000305466446
1144,0.688872397793574
1145,0.2282475251290157
1146,1.3018827332854368
1147,1.8787234056466562
1148,1.71359481982581
1149,2.3127861463570163
1150,1.0380103970779386
1151,2.1729467630850308
1152,0.709965432819724
1153,0.7172257570710396
1154,1.453045713632502
1155,0.8742383974673184
1156,-0.2957130236704242
1157,1.5557097705690102
1158,0.5898851896800323
1159,1.1889035327598052
1160,0.25083266989410796
1161,1.5333063312251927
1162,1.2930030369056142
1163,0.28132225641409114
1164,1.301591198899065
1165,1.7554183886131747
1166,0.8437533110101159
1167,1.1714510339145845
1168,1.438947476929349
1169,2.2241950874465193
1170,0.34586843469340617
1171,0.5922492510381296
1172,0.1750113121917744
1173,1.559098906743373
1174,1.9016837727561706
1175,0.9902259396798652
1176,2.18023314373325
1177,0.3392062310207425
1178,0.19837259669258792
1179,1.0332355681411025
1180,-0.14884459793809043
1181,0.5464351295071764
1182,0.8602740423455116
1183,0.47985945565094695
1184,1.8226951344231277
1185,-0.009812897590465254
1186,0.21828346998874346
1187,1.594069711514099
1188,1.5368038486464333
1189,1.4021328850103898
1190,1.8298911611901483
1191,0.677212521930432
1192,1.5041253704254
1193,0.8770919115744445
1194,2.368936460072769
1195,1.533393057427786
1196,0.24191104088421136
1197,0.011280349139218097
1198,1.4301244159106083
1199,0.33575965388563356
1200,2.106184112926779
1201,0.2060299184945319
1202,0.8537365251048271
1203,1.5067655163849978
1204,0.8017400673568862
1205,0.819428660502883
1206,1.6431668769310184
1207,0.17164330100553538
1208,1.471862722760715
1209,2.3016508675783007
1210,-0.10889172004036865
1211,0.34794660563630614
1212,-0.27550593013700453
1213,1.3462570335308095
1214,0.6143954344270672
1215,1.3574382950292456
1216,-0.06262760251066289
1217,0.22619938052235336
1218,2.470210142246119
1219,2.536924105850318
1220,0.004244407177317715
1221,-0.07049206393890389
1222,-0.0026660221208067887
1223,2.0251471574708733
1224,2.132972005810307
1225,0.8095320333719471
1226,1.1217218997758418
1227,2.1926234416197925
1228,0.1478857084067477
1229,0.015354395971892898
1230,1.0342148508226476
1231,-0.025924749068505504
1232,2.014856195250847
1233,0.7262802510011547
1234,2.1963482054760477
1235,0.5162546981467651
1236,1.6126719125632485
1237,0.06866462823828484
1238,0.6518618351278868
1239,1.6521081723110067
1240,0.9496322295617671
1241,1.8776499004604985
1242,-0.12225462428709666
1243,1.520004297773733
1244,1.1835616687873247
1245,0.2864254634781678
1246,0.43681205595603184
1247,0.711197329180276
1248,1.0615105045570048
1249,0.7276773897840587
1250,2.061359885898294
1251,0.6264531055170224
1252,0.6576671465475247
1253,2.0325094528664356
1254,1.687432563586071
1255,1.187011574095525
1256,1.7790121873497908
1257,1.2267179053189163
1258,2.221305292684188
1259,2.0731066912002394
1260,0.4617753065850832
1261,0.425206988970291
1262,-0.17014352938894328
1263,1.4521542668199034
1264,0.801625371737822
1265,1.116260126304748
1266,0.2358765581142244
1267,1.4344952323300826
1268,0.5023706796559317
1269,1.182932947374816
1270,0.5529903891328345
1271,0.7030410170426261
1272,0.24796033335063633
1273,1.5185035406723737
1274,0.6491902952778569
1275,0.3384343147050423
1276,1.0277861987585826
1277,2.212812238602076
1278,1.255431473122649
1279,0.10428152936197493
1280,-0.18447658421880891
1281,0.0838745178240766
1282,1.0362712237203728
1283,-0.15118364713407823
1284,1.215715116295331
1285,1.3786728283808898
1286,1.3951430549000754
1287,0.1781220325300362
1288,0.8260531856943182
1289,0.6309267886492992
1290,1.3502083783786274
1291,1.4784216744830965
1292,-0.501197233552182
1293,0.6056933656305092
1294,1.6448637695915271
1295,0.39035429726002024
1296,1.7152672661912116
1297,1.4978034073453044
1298,0.5618033898273294
1299,-0.037975912608643095
1300,1.0542313969613502
1301,0.3493705049071158
1302,2.1352755891247672
1303,0.30111351875991743
1304,1.4055603508099357
1305,1.2546534527262725
1306,1.6106895478937673
1307,1.684441467422619
1308,0.682750873563183
1309,1.9870888103725086
1310,1.8733862616474248
1311,1.6938441756857028
1312,1.4550895506988892
1313,-0.14729464029393505
1314,2.084869500498331
1315,1.398595927878636
1316,1.3479135131170752
1317,0.9770316957794289
1318,1.5746656251039441
1319,1.1009386350161432
1320,2.1173489318217005
1321,0.4343374972278919
1322,0.11894121381081328
1323,0.5262416787573213
1324,1.1637023507197697
1325,1.1711131757813313
1326,-0.13687648624137172
1327,1.753535360728877
1328,0.5192274186615745
1329,2.13176520981601
1330,1.709198287348755
1331,1.9433040275973825
1332,0.051931938838751475
1333,2.163031486310452
1334,1.0611693628285799
1335,0.154438969354307
1336,0.981715715339823
1337,1.8101889247767506
1338,0.5883423385607431
1339,1.8458469762341658
1340,0.43773150727497157
1341,-0.025296716503553578
1342,1.5817763581898716
1343,2.1017843477402884
1344,1.8726074189039743
1345,0.21366684094836913
1346,-0.016443498932000505
1347,1.1823138383281364
1348,0.9099313762500894
1349,1.7790240686881507
1350,1.7551044918645333
1351,0.8309798548411041
1352,1.1509280558172197
1353,1.9981903877908835
1354,0.5912464349677382
1355,0.957150448135507
1356,0.7913453357859881
1357,0.728517102191672
1358,1.2676280198749987
1359,-0.18100960704784602
1360,0.8745673083047875
1361,-0.06751252029826264
1362,1.8746969207519961
1363,1.0402261541161437
1364,0.6582045688613701
1365,-0.009533127536924677
1366,1.5904618824254821
1367,0.2611752595947419
1368,0.9736807664614439
1369,0.6456658011311248
1370,1.1988311006918084
1371,0.6885494297831075
1372,0.6227403217301726
1373,0.0044279976633068395
1374,0.28251268767511195
1375,0.9064407815799554
1376,0.5673892057760129
1377,2.655432035322062
1378,1.8824198847204008
1379,3.0540775317503415
1380,0.24958989964887993
1381,0.261100007141312
1382,2.158730387828559
1383,-0.5511520795860451
1384,1.2743401032013368
1385,1.0001412959066796
1386,0.44885015010300044
1387,-0.09642196536646522
1388,-0.15576096775599604
1389,1.999477209738481
1390,0.8025301144377084
1391,1.0554173398781996
1392,0.5526940456489864
1393,0.7405900063473001
1394,1.3281884339901402
1395,1.0510404969349758
1396,1.2249087162289451
1397,1.1206151038375984
1398,-0.011573437341450013
1399,0.383512863970262
1400,-0.058712185098955
1401,1.552059767355234
1402,0.9455861697918331
1403,-0.15902393536528647
1404,0.3884934343537159
1405,0.8891105212217787
1406,-0.061508974147164525
1407,2.011542771868543
1408,0.3438854262713236
1409,1.3776630127448912
1410,1.2207836920587536
1411,2.2110535251479457
1412,0.5520851975153538
1413,1.1209776502262996
1414,1.3385031026019607
1415,-0.12404210458180515
1416,0.8838067913839487
1417,0.2532482875079309
1418,0.9689974170644805
1419,-0.05328633844290254
1420,0.5330217163778971
1421,1.2219812764358153
1422,0.9469297938676405
1423,0.41363411597385635
1424,3.1663543922435
1425,1.0954999949528714
1426,1.4742662470967343
1427,0.6888461040422352
1428,2.0719437285709694
1429,1.1420613976056335
1430,-0.03866897817342403
1431,0.5396736402693729
1432,1.6402887878948642
1433,0.8022111997613801
1434,1.1323054779079187
1435,1.1592980680509966
1436,1.3961724641205624
1437,1.480518165000189
1438,1.102010892782024
1439,0.09192527020747532
1440,1.784021581534061
1441,2.0424318949256146
1442,1.1841836439651034
1443,0.04230602706283978
1444,0.20027297580063724
1445,1.221092393195093
1446,0.6473590584562242
1447,1.9909552230784726
1448,1.2336225973457633
1449,2.25918639175603
1450,1.2622676841592262
1451,0.9032069333881481
1452,0.6728979417289065
1453,1.0579910015713423
1454,1.0898509079256102
1455,0.7501802440175372
1456,1.3098046187980124
1457,0.6579348793347283
1458,1.5981779232923188
1459,0.3265827436549568
1460,2.217304258342655
1461,0.8169273280593671
1462,0.8367532132492477
1463,2.076908907220283
1464,0.3270878188224482
1465,1.0127252817765362
1466,0.4980750781861229
1467,0.5775613534267656
1468,0.17399061651299896
1469,0.10651071230798174
1470,1.1992306503923014
1471,0.7897495955719178
1472,0.14166605908628507
1473,1.2409590180031875
1474,1.5577072178670415
1475,0.8734314292376404
1476,-0.13076543080941727
1477,0.4148599016205399
1478,0.37667038971582667
1479,0.4572111867243849
1480,2.0714482001168038
1481,0.47250392850512213
1482,0.42219668874954314
1483,1.4330753842510402
1484,0.43577475225960705
1485,1.2616395631362198
1486,-0.09831182913598696
1487,0.6635867087166254
1488,0.9966705149537329
1489,-0.2057973573213055
1490,0.7111170124456228
1491,0.5998590234075745
1492,1.0898367811857281
1493,1.6944181979821484
1494,1.0181898738753499
1495,0.32060723071913916
1496,1.6828452878010833
1497,1.9679503447815274
1498,1.533633621920345
1499,1.8041078005680296
1500,0.13476301066979696
1501,1.370507634063981
1502,0.11108062715960527
1503,2.249010578885243
1504,0.7796488028039187
1505,0.9967235097066768
1506,2.0324386326947836
1507,1.8501583708012475
1508,-0.02224156946006564
1509,2.0216512211374082
1510,1.2934353278645647
1511,0.9839296067093556
1512,0.790578324250731
1513,1.0171106061973578
1514,0.29244235833685034
1515,1.0035136048761644
1516,1.715515460496471
1517,0.7924866276704983
1518,0.03162634826448806
1519,0.5624157210689017
1520,0.06714026468479284
1521,1.4437658919996088
1522,0.8723851627053223
1523,1.5586519144860516
1524,0.4212425919446038
1525,-0.28929736612999896
1526,0.5032859693975025
1527,0.5945254378308581
1528,1.1752156482973062
1529,1.1448544310415318
1530,1.6541766512333125
1531,-0.17123388798686873
1532,2.4374468743516675
1533,1.4358298112305274
1534,0.9450128507681882
1535,0.8689946726289853
1536,1.8715988209711858
1537,0.6930852890231887
1538,0.5575302070902497
1539,0.7119315130114304
1540,1.5600188101104553
1541,2.0293037565114953
1542,1.8348540261988426
1543,0.6571043695667395
1544,-1.2196312527993527
1545,1.5337406498141126
1546,1.0651516148495421
1547,1.0198367183186607
1548,0.12449084465895571
1549,0.4252888418413338
1550,0.550089324393299
1551,0.7662696302306843
1552,1.2753854897360883
1553,0.8800585647349951
1554,1.883930508910513
1555,0.2955759801917862
1556,0.7185749176949596
1557,0.9776962337480347
1558,0.4510906512006971
1559,1.2137370469819226
1560,1.520749600480484
1561,0.6257204633774266
1562,2.112744878302112
1563,1.9661894806431297
1564,1.4906506602334524
1565,2.256125732923614
1566,-0.1107460724530365
1567,0.9161395148969004
1568,0.29559192168438536
1569,0.5653921371371251
1570,2.0405677404163405
1571,0.04572303143546001
1572,1.2184806657470462
1573,0.6761635890068284
1574,0.7261911575794882
1575,0.09973756243501516
1576,1.0688624132714888
1577,2.212136996687193
1578,-0.08062625028019024
1579,1.4283369615148895
1580,0.07425779466604196
1581,0.20564748733039728
1582,0.6660870500885614
1583,1.3489828686083543
1584,1.0137031995290853
1585,0.8317222182692398
1586,1.3235636489742728
1587,0.06825854786450439
1588,0.67734364256425
1589,1.4186977586874412
1590,0.325711549029246
1591,-0.08315322476284567
1592,0.522792203017785
1593,2.0399021432290554
1594,0.7693489218488645
1595,0.40557186875320195
1596,1.150667089753465
1597,0.8658687308076098
1598,0.00023697992657676845
1599,1.0834627896672249
1600,1.4266474855618103
1601,0.23557006216359602
1602,1.0857580744579587
1603,0.24065364901264472
1604,-0.04945028805545364
1605,0.0764415971649599
1606,1.4217406481604435
1607,2.096419233204444
1608,1.310453442974037
1609,0.5519945456442871
1610,1.4770223202933315
1611,2.0125438905125668
1612,2.1973361292243654
1613,1.6831199438484532
1614,1.9682326233935168
1615,1.9078450488579086
1616,2.0977362661186825
1617,0.9242103296189408
1618,0.532586979306834
1619,1.4078563540558453
1620,-0.30706199061879796
1621,1.4851892655082277
1622,0.24397044638219254
1623,1.6763470201482944
1624,1.366402659192275
1625,1.349685811658614
1626,1.4271075972326692
1627,0.36040392189523884
1628,0.9748826353378278
1629,-0.24757563410363093
1630,1.0503051223200182
1631,0.47844276154937493
1632,0.7728958173055978
1633,2.0067241029706864
1634,0.22174720339542373
1635,1.6245202025135599
1636,1.585974904239475
1637,0.046311832543130746
1638,1.2964202666483708
1639,0.8327574882717901
1640,0.1361979262921933
1641,0.5924609691124456
1642,1.0247270730421818
1643,0.7103477264824062
1644,1.0832803913470297
1645,0.8916687198254166
1646,1.94900330777761
1647,1.1703744582517122
1648,0.3814507168312545
1649,0.23133452595968654
1650,0.09357012918942742
1651,1.00366866992973
1652,0.34548794841642866
1653,0.9381156762448075
1654,1.9295214612772265
1655,1.0810726727566309
1656,1.643330815353447
1657,0.05967515006827601
1658,1.648463538492202
1659,-0.028947117504534887
1660,1.4282996340675596
1661,2.3297854883791334
1662,1.384938710982183
1663,2.812016445164065
1664,0.42947506887883075
1665,-0.09951574684912899
1666,0.8731662820627846
1667,2.0142613789155264
1668,-0.37955688594819725
1669,1.481617158810752
1670,1.2145245663000552
1671,1.446728592987582
1672,-0.0641496464238126
1673,2.065680133754113
1674,1.9846325804728457
1675,0.6939453998171188
1676,0.4384229103615299
1677,0.5933901905612751
1678,0.8365530014074722
1679,0.5145936967748632
1680,1.6155802483343629
1681,1.5512799942776927
1682,0.3481279520828483
1683,0.09644370508639787
1684,0.07204377990367047
1685,1.1580296312034526
1686,-0.22113073855445753
1687,0.37410296638863144
1688,1.5651083644936912
1689,2.220000193428812
1690,-0.2894879467049535
1691,0.9889402878408522
1692,0.5082438298346347
1693,1.5602614135993318
1694,0.10439581338766424
1695,0.8296192437579395
1696,1.4693885632631245
1697,0.6811256486213461
1698,0.27366915790385166
1699,-0.22506860959475872
1700,0.5946527469799989
1701,0.7235001258556525
1702,1.2357779797185449
1703,1.7129925222577593
1704,0.21533288964006364
1705,1.820419046038985
1706,2.0456568999227778
1707,0.19704547724731258
1708,0.3250967739877323
1709,1.4915064616915825
1710,0.1894520148835489
1711,0.7492678697555094
1712,0.7548535243368774
1713,1.3360422867118775
1714,1.6496232123911752
1715,2.147169488199005
1716,0.7206605081000323
1717,2.1195055988529856
1718,3.6806513333681914
1719,1.5555565862391596
1720,0.560710172760291
1721,1.041931985797225
1722,1.998418752750962
1723,1.2625427845466493
1724,0.494238136903494
1725,0.9888856993189757
1726,1.3155069478307104
1727,1.2346525260989245
1728,1.2956341932700737
1729,1.4824269860755122
1730,2.5819390401782756
1731,1.147686859438359
1732,2.852139197162068
1733,2.1206772973307735
1734,0.4946461885370383
1735,-0.018029606312323247
1736,2.0461091010398658
1737,0.15758509419577468
1738,1.5190216650067117
1739,1.2947609200283694
1740,0.4571951443419777
1741,2.0524003727543376
1742,1.1500920656628064
1743,0.10478311268686281
1744,-0.012416725046681482
1745,1.5432783096708937
1746,-0.14408302604951334
1747,0.34474980246664516
1748,0.8315212129593298
1749,1.0082045259283132
1750,1.197224997789208
1751,1.981428758375984
1752,0.7587759075566448
1753,-0.023135964920896264
1754,-0.15973195288923628
1755,0.851013077149005
1756,0.8836585296372572
1757,0.7528415658400202
1758,0.9932248944524857
1759,0.5798941545734674
1760,1.7690935084827113
1761,0.990453835660917
1762,1.2506247419356757
1763,-0.4380896249674686
1764,1.168143490091774
1765,1.115739561829033
1766,0.2376246638577208
1767,-0.030020320805841584
1768,0.08652809832939648
1769,0.3447784932379834
1770,0.06226484791179195
1771,0.14756472320518618
1772,2.1242725331181425
1773,0.8472159147094492
1774,1.4683896889560302
1775,2.2193383063024386
1776,1.2072981291519431
1777,1.7071295446600558
1778,0.20247903267707013
1779,2.3852671651146973
1780,0.7874535320119721
1781,1.3823568697916069
1782,1.6067465942997663
1783,0.34207877106718493
1784,1.5419780284100648
1785,1.4084589815950226
1786,2.2130394480914335
1787,0.6256998769960369
1788,1.1010750994229406
1789,0.3424549902020778
1790,1.024456866543025
1791,1.7431047144167056
1792,0.6443192193893555
1793,-0.18016979060961438
1794,0.4937531297501875
1795,2.262143516827709
1796,0.48499183473875607
1797,0.9534210738507338
1798,1.138799369146363
1799,0.33768001147933935
1800,1.386034701013358
1801,0.5149766121462666
1802,0.7964822742579706
1803,1.4696407060086822
1804,0.7420055328933243
1805,1.0927169765228473
1806,0.6663193326553676
1807,1.9997839169581944
1808,0.29400092620267515
1809,0.01971208025065683
1810,0.7211801833667713
1811,0.024141457961078173
1812,0.5271083407510544
1813,1.3165261699087223
1814,1.6685431246343716
1815,0.9644283921485146
1816,-0.1956693781908206
1817,1.420326911544345
1818,1.3894135966474588
1819,2.6919858444783995
1820,2.078871316121019
1821,1.7004386916726253
1822,0.32464520849950623
1823,1.4357801960400214
1824,-0.0736572251922417
1825,1.5190963579914372
1826,0.4920562269160807
1827,1.0723443876228094
1828,0.5668026674554975
1829,0.2984380542311024
1830,0.4608436946036003
1831,0.6510603976429753
1832,0.4152912810198479
1833,0.3523299977361506
1834,1.6028941250847588
1835,1.543867031323824
1836,1.1324395364667466
1837,1.3670197339349575
1838,0.3828062948403026
1839,1.1846710068326942
1840,0.5792464186791146
1841,1.7641601144332577
1842,2.096121431292644
1843,0.9652271944573116
1844,2.031564475322127
1845,1.2583562342775825
1846,1.0678591985710069
1847,1.0891369552504573
1848,2.0195363879991417
1849,0.8462994972513113
1850,1.9151790283923555
1851,0.654370081461876
1852,-0.09512012631032248
1853,0.14101962695662917
1854,-0.03874247083788984
1855,1.8836998302955503
1856,1.4710834532185966
1857,-0.14994665643921934
1858,-0.2240951132532945
1859,0.7515870006440635
1860,0.640755580515901
1861,1.5788182645162596
1862,0.3619328993507687
1863,0.9313694033581826
1864,0.484737292709491
1865,1.057048861342688
1866,0.6334776497928168
1867,0.06893736505850868
1868,0.5047849447826664
1869,1.1044984428201436
1870,0.06269389619432594
1871,1.2331716840633509
1872,1.5661441427394847
1873,0.7559059193439895
1874,1.3731132880166586
1875,0.9378526729128734
1876,0.24049422153814198
1877,1.184901573946696
1878,2.003455244861835
1879,0.39266159089601216
1880,0.48829719630587565
1881,0.12509336610995353
1882,-0.13834637924947066
1883,-0.19196042393675739
1884,-0.2008303313864203
1885,0.496127938580917
1886,0.21643613318546745
1887,0.20906916868521172
1888,0.9965679553198197
1889,1.4328995973978484
1890,0.37121693690655466
1891,0.7080740325947718
1892,0.6561093642388258
1893,1.832378604209633
1894,-0.27824574572075333
1895,1.0647330915405622
1896,0.7241664476082086
1897,0.9342722297644357
1898,0.9954326446838933
1899,0.44227522963506777
1900,0.4855661329965332
1901,1.0815867532235388
1902,1.257599327222745
1903,0.28676057101961766
1904,1.5088813505924041
1905,0.41019901263414843
1906,0.26316303587094525
1907,-0.05491697283128272
1908,0.35342360680967994
1909,1.1756493202058085
1910,0.6980477279771687
1911,1.4003291309521344
1912,1.4911076590391346
1913,0.16755755029430505
1914,1.5853184208151079
1915,0.5243056860177293
1916,-0.07683523451593581
1917,-0.15887816375976885
1918,0.35158894623797793
1919,1.3216244623424116
1920,0.5912553765766652
1921,1.7628990003291571
1922,1.9170738392905502
1923,1.165635585646678
1924,1.0561273845674246
1925,0.07287859115023115
1926,0.009890767028639754
1927,0.23755715531422492
1928,-0.13562176064548556
1929,0.08850880461462195
1930,1.9331258999551553
1931,0.481924143192855
1932,0.6753952241197764
1933,1.8624952124060417
1934,2.045500157310937
1935,0.6627417159885326
1936,1.3106461055164589
1937,0.47097053005775996
1938,0.8516847202099345
1939,1.218660472034605
1940,-0.049887746824765586
1941,0.45839574654608783
1942,1.58127619265011
1943,0.9917631755487273
1944,0.5379879433762574
1945,1.1396547006408255
1946,1.4631846876301213
1947,2.4546635615987347
1948,1.3687850534258355
1949,0.9415765412222439
1950,0.3296691458220198
1951,0.5105637054372419
1952,-0.12631693768565536
1953,1.2419917172294683
1954,1.7096938781116997
1955,1.7719346521491217
1956,0.8039738631113732
1957,0.42802804743879286
1958,1.9173911475834868
1959,0.27270771912747505
1960,0.37065782612370735
1961,1.5258792537928243
1962,0.9535479964617152
1963,0.19013410042396503
1964,-0.22603388364296
1965,2.032710549957032
1966,0.3919337916990573
1967,1.055400265777158
1968,2.012227293298307
1969,-0.019085376333506383
1970,1.3140113332040766
1971,1.0749529543625456
1972,0.3274347176798991
1973,1.7307351992236355
1974,0.5399633087809455
1975,1.5868650794020553
1976,0.6109367092187309
1977,0.16035830174442073
1978,0.26094673343406205
1979,0.6401530095841981
1980,1.4064041553685491
1981,1.919790994312711
1982,-0.40071761311721993
1983,0.42162237629865024
1984,-0.011208100239481572
1985,1.681862923661098
1986,2.181347550093007
1987,0.31209741000584273
1988,0.015102687902759768
1989,0.01693921750340863
1990,0.007431508401613298
1991,0.988460580875913
1992,1.406190921619581
1993,1.5320348261104044
1994,1.9859037618110122
1995,1.1297797237819978
1996,2.0487247042939565
1997,0.9247627010918149
1998,0.4233987525550971
1999,1.3386971679230872
2000,1.3419251965397299
2001,2.1160413812936243
2002,0.9000277128843921
2003,1.9310452963891978
2004,0.9067163642127004
2005,1.9599473394829234
2006,-0.18066248485376202
2007,1.22648895201074
2008,1.835030571963693
2009,0.27125308150675154
2010,-0.8537220346822847
2011,0.9641242706622949
2012,1.6527353971819096
2013,1.5318222922103928
2014,0.7783187663843842
2015,1.5128718925987017
2016,1.9938372980765189
2017,0.1357804527326188
2018,-0.011262903973742695
2019,1.9728015529579461
2020,2.3336680694002987
2021,2.0923323985853397
2022,1.6667896709513788
2023,0.914341307636781
2024,1.224973048388157
2025,1.2631316493488207
2026,0.9677834043688691
2027,1.0477270155072738
2028,1.554740714067979
2029,1.307518503153822
2030,1.6757514002051808
2031,1.1550915658964436
2032,-0.08071669434309257
2033,0.43520947400829335
2034,-0.09271762582790244
2035,1.6258355973923042
2036,1.7226207426504854
2037,-0.3090117411402736
2038,1.5751262873093719
2039,0.9191518864518207
2040,1.4499211177441338
2041,1.8096473881869914
2042,0.746594877480767
2043,-0.02070337087653544
2044,0.305409012569434
2045,1.3938123458856635
2046,1.977690491925879
2047,1.751414632940345
2048,-0.6538539213245954
2049,0.3202549496262413
2050,0.5308233404999654
2051,0.3896401882555678
2052,-0.1676319322603635
2053,0.7114233869098108
2054,1.026133403979296
2055,1.4658402012655232
2056,0.6905596862262482
2057,2.0282232329364924
2058,1.4258891235245021
2059,0.9381076525561698
2060,1.9998838512150883
2061,0.5845640768160261
2062,0.36046048583428614
2063,0.765533735853157
2064,1.5306550902883678
2065,0.9797445351616132
2066,1.2866574052885742
2067,1.0474036452563849
2068,0.3432562487950514
2069,0.6594661823044591
2070,1.2123662118142813
2071,-0.10141800218534927
2072,0.5746323462266498
2073,1.490134316764454
2074,0.8644468362140242
2075,1.5461153433992414
2076,0.5787675782961513
2077,2.046407461389672
2078,0.6620080152771478
2079,1.880721525242905
2080,1.4172207965483778
2081,1.7651720585743207
2082,0.36616911780906214
2083,2.1031722426029478
2084,-0.1284973686043221
2085,-0.4659481015013847
2086,1.0908271677672838
2087,0.5340840555789363
2088,-0.0243145147099096
2089,0.30341677759087304
2090,2.1364156032072166
2091,1.7109543857385414
2092,0.7463447527488853
2093,1.2342369835967797
2094,0.003028944284344571
2095,1.4296257148644995
2096,1.0856576167067669
2097,0.46176610028112247
2098,1.553118173833299
2099,-0.20012116274821712
2100,1.1064774234596724
2101,2.2051959942640176
2102,1.174441107603488
2103,0.13933401211821594
2104,0.8994207837074978
2105,1.857215781316751
2106,0.8322010436503932
2107,0.9432690804174914
2108,0.754424531798152
2109,0.36438304721567355
2110,1.7614535196420102
2111,-0.08044427751203953
2112,0.44883963950762085
2113,0.4490201560469168
2114,0.3182996848674069
2115,1.2770033447606974
2116,1.644930149876844
2117,0.6036309784422518
2118,0.8774765327718492
2119,0.3076015489788203
2120,0.024510141017452452
2121,0.9691929763099345
2122,1.0616003585390394
2123,1.2304290013057748
2124,-0.016581811534269568
2125,2.0937659899112973
2126,3.6405173100340766
2127,0.6369448804466887
2128,2.0028221500969052
2129,1.881238755643163
2130,0.9778757996780453
2131,0.961188403676827
2132,0.6667156655880526
2133,1.3294935484898203
2134,1.8407646652472827
2135,-0.44618917355733234
2136,0.27298594210810345
2137,2.4933271686838943
2138,0.4850105420506435
2139,0.558652146661382
2140,1.681620134990645
2141,1.8421309698789325
2142,0.040878838010135976
2143,1.3162495561200305
2144,0.7701311042208783
2145,0.9474160275064258
2146,1.690732075926562
2147,0.45549999393020046
2148,1.857779105880096
2149,0.7316701636980758
2150,1.7422362287073008
2151,1.502585423958818
2152,0.9481472388866441
2153,1.883941365138317
2154,0.5182415842572569
2155,1.1652966774277265
2156,1.2048024107576065
2157,1.0794382028508438
2158,1.1098629916094351
2159,1.5186275848735378
2160,1.2982504812303937
2161,1.0930411450074935
2162,1.699635438112535
2163,0.06621592034540727
2164,0.04639479579029271
2165,1.706522329827825
2166,1.4943535827907204
2167,1.009146867308977
2168,2.674295321260089
2169,1.8054800499870318
2170,0.6173186753143842
2171,0.2091627107674802
2172,0.19448924843508963
2173,1.6533054675462184
2174,-0.11865224328445129
2175,0.34716887534745816
2176,0.1300738314478675
2177,0.22957970677984643
2178,1.9331117325752938
2179,1.103377924644719
2180,1.3271511115343797
2181,-0.6417619875007102
2182,1.213726342677131
2183,1.614842081802873
2184,0.2938143387634463
2185,1.1609250809021439
2186,1.9267824062793115
2187,0.26973791451631507
2188,1.1742698433120702
2189,1.204515291418591
2190,1.9087329147325813
2191,0.7262651350831988
2192,0.3465840938013742
2193,0.9104328958799568
2194,1.5356561085855407
2195,0.08501706236659476
2196,1.2028231419668478
2197,-0.17001728113320297
2198,1.6800541301604213
2199,0.6186532090650465
2200,1.2257087554244688
2201,0.8771569080606685
2202,1.1504481998859668
2203,1.4347143852965027
2204,1.9320846679726595
2205,-0.04175895745110911
2206,1.1475312142711325
2207,-0.12962722497399315
2208,1.2470872025494306
2209,-0.10931230363578001
2210,1.5786465361601092
2211,1.8834556090784185
2212,0.454288798095673
2213,0.7440261724064935
2214,1.3670770611935454
2215,0.42006981607971927
2216,1.7135870348085374
2217,0.9828822088749591
2218,0.12970165332105987
2219,0.9322146445447314
2220,1.0741513835994403
2221,0.432563088804531
2222,0.2712202991431033
2223,0.2983252580119062
2224,1.1129750080905372
2225,1.2680798643350581
2226,0.23292720854628102
2227,1.7111105007695255
2228,0.5814902419088279
2229,-0.1323547888607521
2230,1.462859157790033
2231,0.9815620316328182
2232,-0.1321889394507373
2233,0.7549165954441128
2234,0.6525271046020311
2235,1.4687948305461478
2236,0.0029671862862998936
2237,0.6748635821882342
2238,0.2717125918652498
2239,1.4280272267150729
2240,0.6217140148150023
2241,1.83576556513432
2242,1.0001343844971973
2243,-0.0818216494432791
2244,1.2336510614436147
2245,2.206240184465223
2246,-0.4702194863503708
2247,1.461396850611414
2248,1.0851854482615813
2249,1.9833349318739653
2250,1.4210720555610654
2251,1.2828487195687823
2252,0.3627502752846923
2253,0.39760908383726656
2254,0.768770953995604
2255,0.3167264509857579
2256,2.043958994413391
2257,0.9289813122431356
2258,1.451964250084223
2259,1.68000556772586
2260,0.5831936216922544
2261,0.36351706294768543
2262,1.5629431403598903
2263,0.9983429605223902
2264,1.684613762751348
2265,1.1894726076362738
2266,2.0212801530301494
2267,1.3700863557808878
2268,0.9562499657323738
2269,0.20841877963703895
2270,1.773759451576474
2271,-0.020926865312602093
2272,1.289916772800853
2273,1.7325953952153006
2274,2.4448015648649233
2275,1.3150134655018995
2276,1.161890934555988
2277,2.4606713516200496
2278,0.6655263390820805
2279,0.9007082976541718
2280,0.5745731316747792
2281,1.4991662210622911
2282,1.0592152782517161
2283,1.809942062545204
2284,-0.23260192892939444
2285,1.190030240155683
2286,0.010242849471762648
2287,0.1443133610746422
2288,1.5048798142229476
2289,0.6697274601586032
2290,1.4140373360260423
2291,1.153860629273295
2292,0.9482652772164444
2293,-0.3952975205440759
2294,1.5328853320783953
2295,0.8621597551234521
2296,1.4242421428239425
2297,1.6115181972302157
2298,1.9577255544839995
2299,-0.08565239544889769
2300,0.213402718441612
2301,1.4167101275318217
2302,0.6388078908879515
2303,2.0260548980273914
2304,0.6481496786017176
2305,0.2191321400215339
2306,0.3656750507259995
2307,2.166192171362986
2308,1.5196590526342466
2309,1.27600210641882
2310,0.8446436947542114
2311,0.49501604905871777
2312,1.3200420284852756
2313,2.0006960304948618
2314,1.9307725517238845
2315,-0.2509747107309964
2316,0.5863451778457812
2317,1.073020083107323
2318,0.3017645463895785
2319,1.6457505583111378
2320,0.6059211721652409
2321,0.10295456179008439
2322,0.28970892014403393
2323,0.30731964421867397
2324,2.296195848856634
2325,1.2857542801509891
2326,0.7837777887491798
2327,1.3209607116837263
2328,1.2717583872564153
2329,0.7584690697335007
2330,0.6555529333172416
2331,0.30439406253887585
2332,0.12042119006667003
2333,0.13571472299633136
2334,0.4219904577190555
2335,0.6518387574046821
2336,0.4858065825031795
2337,0.5366106053927253
2338,2.2066816311124478
2339,0.4827519392382395
2340,0.8517101423151884
2341,1.1147606227335927
2342,1.0076024556709455
2343,2.171238759755271
2344,0.6980498805627677
2345,1.23988503920644
2346,0.3064021832303355
2347,0.42475135280332793
2348,1.0764591613366816
2349,-0.020246472062405103
2350,1.04646545858458
2351,0.1874252136854002
2352,0.25952294889080274
2353,0.941833991072595
2354,-0.09683026968390246
2355,0.4814335408491778
2356,1.8886574927231634
2357,0.9839777782160629
2358,1.5902357069414228
2359,0.5498765320855455
2360,0.27350610067090037
2361,1.1451408999286212
2362,0.5404214955061151
2363,0.9429048391165074
2364,-0.544772330258327
2365,1.0363542519382145
2366,2.17061817494593
2367,1.1516417096644864
2368,0.759042265342872
2369,0.34689868330572865
2370,1.9975108135781117
2371,0.42078131309033623
2372,0.5331013920908236
2373,2.0261951612358984
2374,0.4915510126507076
2375,0.5049451488261307
2376,1.5590351254879233
2377,1.136720964200484
2378,1.160753490716739
2379,2.042109432124559
2380,-0.1441296691735459
2381,1.2766723404603828
2382,1.9619201109163302
2383,0.9265554951401881
2384,-0.10857379001488018
2385,0.9345764196208035
2386,0.7917710552655222
2387,0.5510494494954219
2388,0.45382467682611677
2389,0.8924791198357198
2390,0.8464150954416331
2391,0.599508900418391
2392,0.11655275872195003
2393,1.0479105728555667
2394,0.09055460084434534
2395,1.1820755866562394
2396,1.5395345360655817
2397,0.5345798729646182
2398,1.112881613934556
2399,0.6439225180656292
2400,1.8316830755649038
2401,0.7582562574997396
2402,0.7607512205544333
2403,0.6360387869437902
2404,1.5611808970597738
2405,-0.05395695111647501
2406,0.35718729893042483
2407,-0.24501315628843962
2408,0.016645886263201258
2409,-0.20117681408165092
2410,0.629119524953338
2411,-0.017729686708913187
2412,0.8956904367244463
2413,0.7218679352112586
2414,0.9372695920592947
2415,0.23407863086634895
2416,0.8522559441550864
2417,-0.03865408185576255
2418,-0.08032534620907095
2419,1.338682469900738
2420,2.0226890304643184
2421,1.211919650453755
2422,2.1962551001495005
2423,-0.11346403496640389
2424,0.9945376911590259
2425,2.216842972074144
2426,0.3241683178893706
2427,1.366340615222555
2428,1.8760257604435533
2429,1.0113884431185498
2430,1.3068155538566901
2431,1.1182287129747306
2432,1.230123523675217
2433,0.987411122447224
2434,0.683193508379158
2435,1.5827855237686979
2436,1.0068662459862674
2437,1.3012504085337335
2438,0.9937639891513386
2439,0.03451167216108965
2440,1.3165045877929518
2441,0.006017181950128184
2442,0.20636360307787932
2443,-0.19098671712697865
2444,1.080065013613838
2445,1.867278811432051
2446,2.1232358728319256
2447,-0.14920075258417145
2448,1.911553174558856
2449,0.7906861717475724
2450,1.7451363707289724
2451,-0.16698425236620296
2452,1.3804916139985122
2453,0.008805696874395905
2454,2.775661294512562
2455,0.8422914356352434
2456,1.0245243348808066
2457,1.688811691030505
2458,2.9750235735328956
2459,1.3993777032704586
2460,0.33618045961471427
2461,1.053823044832483
2462,1.7480081127490563
2463,0.6600552912744865
2464,0.7700746728555521
2465,2.4645649941791374
2466,0.30441224526783955
2467,0.5293272470457169
2468,1.5185256689491642
2469,-0.07567616834092095
2470,0.13839723360564632
2471,0.3833416252785899
2472,0.9756460711652518
2473,1.0954116114327492
2474,-0.031760489496095924
2475,1.5953116645970784
2476,1.1314047037955262
2477,0.047871658697327464
2478,1.1836601225002272
2479,0.8170016492537652
2480,1.7906036478406937
2481,0.9719120364336357
2482,2.0580084342429474
2483,0.6442011182371102
2484,-0.025164844315342
2485,-0.24651799746946085
2486,1.3844663577881033
2487,1.3100619954479051
2488,-0.20774281665632519
2489,1.499876067667822
2490,1.463682315151206
2491,0.9126630432309536
2492,1.3103577433048315
2493,0.11906572270619344
2494,1.6297503208767703
2495,-0.09630439633222311
2496,1.067830538021211
2497,0.4158966859759159
2498,1.2981805536801814
2499,1.3159037213366953
2500,1.701533591358603
2501,1.6011384529203503
2502,1.31196385965881
2503,0.6021876578368772
2504,-0.032137529430526335
2505,1.0255343635710763
2506,2.035025249485211
2507,0.2513069294433892
2508,2.492173346407552
2509,0.02669869465433796
2510,0.7272841592012558
2511,0.9028165109119187
2512,0.2663897750244463
2513,2.213037892297051
2514,1.2880759326837399
2515,2.0195741529664124
2516,1.1927555137679393
2517,1.644689564676854
2518,0.20497845286202218
2519,1.3521600240906153
2520,2.443742113533731
2521,2.0087130560247575
2522,0.04785256873902345
2523,0.39322832519664586
2524,0.7211763505242998
2525,0.47328227028513914
2526,1.6379258959678917
2527,0.3134995121509221
2528,0.2553587613237147
2529,1.3482594387196776
2530,2.147417441069506
2531,0.986252116337033
2532,0.08974170360575462
2533,0.5309066635592647
2534,0.5318035203960542
2535,1.9941545406602739
2536,1.35047952573608
2537,1.9533382603484666
2538,0.5031217923286913
2539,1.3566236898433015
2540,1.3676703513714985
2541,1.1962214555677302
2542,1.6595871825116824
2543,0.3623127924215475
2544,1.0132508856479674
2545,0.3512130518101947
2546,0.2359995523569142
2547,1.3461139495799042
2548,1.5954282881870034
2549,0.27517441529850656
2550,1.6305079861545417
2551,1.1333157397973035
2552,1.7555253357389506
2553,0.9258591697726618
2554,1.9757373802527125
2555,1.1904307299930639
2556,1.371705161244905
2557,0.8046878317607217
2558,0.25565387484773766
2559,1.0365398328690407
2560,0.3132682290635984
2561,-0.3657148115613025
2562,0.5610014495692442
2563,2.0354853329536677
2564,0.4620424807028975
2565,1.3332156489011304
2566,0.7119347267306972
2567,1.570442312079459
2568,0.9459225301529645
2569,0.34027646425102687
2570,2.567006722411126
2571,1.268063709884574
2572,1.7255526161070909
2573,0.23715923630117874
2574,1.4786674743429276
2575,-0.6171211979655572
2576,1.9615642392085506
2577,1.4352356085123654
2578,2.6978649589960106
2579,0.6211198502931665
2580,0.4871938991899171
2581,1.3916896151970486
2582,-0.1461013234274163
2583,0.2417561002720011
2584,1.2430761208465422
2585,0.6911349636351429
2586,0.8601725818083638
2587,0.4479093737484584
2588,0.8379972504040751
2589,0.4492427628809884
2590,0.37468423487786967
2591,0.4697932118931537
2592,0.8785888576532419
2593,-0.00650175472786596
2594,-0.13603921229478477
2595,0.010425285284287614
2596,-0.1757045068633828
2597,0.5972721286070074
2598,0.7863076084276344
2599,1.5112331738556164
2600,1.2547965658887097
2601,1.3676317821158017
2602,0.43784785638894247
2603,1.257813696277859
2604,0.8223311127907361
2605,1.415393882568527
2606,0.9420703357057956
2607,-0.17031595352070408
2608,1.0003129435138327
2609,1.6419673710827434
2610,0.39676462802371976
2611,0.9779845928419888
2612,1.3314359097029675
2613,0.36878658254707375
2614,0.513207184815539
2615,0.1770591628259935
2616,0.5843251302138834
2617,0.41462850179018773
2618,0.824854793600165
2619,1.8230097059178132
2620,2.1094383105020493
2621,0.4364369064642401
2622,0.47621377239918755
2623,2.005688768426008
2624,0.9371623984859335
2625,1.8080468052687015
2626,-0.07670867943393836
2627,0.26968078600400935
2628,1.366178022270939
2629,0.6265908956131007
2630,1.3903751351076044
2631,-0.049357270293946334
2632,0.5924253250575591
2633,0.5074126571282205
2634,0.011526746505361424
2635,0.44151455194158823
2636,0.8989988051924109
2637,0.6394972303116611
2638,1.3040689137601482
2639,1.8105278115309742
2640,0.9931434792273414
2641,1.187339543675349
2642,3.562322973684076
2643,0.38021829782763145
2644,2.1296428651791874
2645,1.1705249536058495
2646,1.8718252581133163
2647,1.3810513512618943
2648,1.6584979314906847
2649,1.1671867887884286
2650,1.135469015739284
2651,1.560329300477221
2652,1.9452363121115828
2653,1.2575781321291555
2654,0.3695117201447021
2655,2.0118558787911884
2656,1.7906421020963523
2657,2.0807991707552924
2658,0.5822278232333993
2659,1.7358928706553893
2660,2.443833511462901
2661,1.0989165641466172
2662,1.3083389336935296
2663,0.7106607203455145
2664,0.9359967875734144
2665,0.19208983801737056
2666,1.0808417532269425
2667,2.2786782481922008
2668,0.9913460366708392
2669,0.8327697799524377
2670,1.903847440474117
2671,0.8919576948744198
2672,1.1238161034235281
2673,0.7313005426683133
2674,0.7328486476739533
2675,-0.19414149157231375
2676,1.0104356830846086
2677,0.9340518990868945
2678,1.3545841569162305
2679,0.5122842978931317
2680,1.5835311670120722
2681,0.2533221685806927
2682,0.7875376384482139
2683,1.2314787602305723
2684,1.2499234176039575
2685,0.7011798340434335
2686,-0.19783459654751562
2687,0.5897999961237733
2688,0.3267725825209509
2689,1.5265781182135474
2690,1.6946876629298862
2691,0.2993105838175259
2692,0.518158914863929
2693,0.5296439954945552
2694,0.303950435082126
2695,1.3161155550669497
2696,1.0657796201616372
2697,0.9606392977283078
2698,2.170213683117772
2699,0.026822575965139983
2700,-0.32475068708514104
2701,0.7068852469605625
2702,0.7605432690192557
2703,1.6715633593540042
2704,0.3878536682124477
2705,-0.05586461674710541
2706,-0.0124012456980108
2707,-0.00028555390995655544
2708,1.237780848828748
2709,1.431380587707934
2710,0.024873376735537425
2711,-0.17508289144728123
2712,1.2212577249807381
2713,3.3752243544318112
2714,2.1672800024141297
2715,0.3147002964546298
2716,0.40618337038631025
2717,0.3454500063782079
2718,1.3580328926234981
2719,-0.012613395486865138
2720,1.9714580245212998
2721,0.011698061551571333
2722,-0.124759528672578
2723,1.140392500971934
2724,0.8618396022186599
2725,0.15634380739994172
2726,0.6963540874462718
2727,0.9457886316852637
2728,0.5369916060896665
2729,0.9209909254146238
2730,2.007633858330847
2731,-0.02478695649576986
2732,3.4842248652914427
2733,0.9606900653578949
2734,0.14857881794448927
2735,0.8765840681888248
2736,0.11661438044564824
2737,0.05372907635296155
2738,0.252008503425676
2739,1.9967804263711757
2740,1.810932327178973
2741,0.5078291277149961
2742,-0.2884293352486339
2743,1.1978663800369638
2744,0.9044864462202319
2745,0.8426331625642322
2746,0.7706508677049169
2747,0.7172910617748347
2748,0.4235097029184472
2749,0.8722562878883139
2750,2.1145598592809867
2751,1.2806524479393093
2752,0.6705642731503344
2753,2.0278598272390087
2754,1.8340766578656438
2755,0.5669613350308649
2756,0.4281573450638768
2757,1.1729648400793604
2758,0.4009903292084373
2759,0.7195470464573165
2760,0.760520002056451
2761,2.2158200106317634
2762,1.1129748447423153
2763,0.18781442175359686
2764,1.5243685067473594
2765,1.6709383311297183
2766,1.5891178106053807
2767,0.4647952649071507
2768,0.8346477918937425
2769,0.6716658499452642
2770,1.6336811558742905
2771,1.4713231539243128
2772,0.981676006058844
2773,-0.20722724099762463
2774,0.6914194669564611
2775,-0.14903504689128466
2776,1.4420444905331067
2777,1.0265255567025637
2778,1.42223132134747
2779,0.17355832101074195
2780,1.788154493693757
2781,2.3709413555214653
2782,-0.06588792559227585
2783,0.39232456150762957
2784,0.43579344817498944
2785,1.800496348923054
2786,1.0048079233752174
2787,1.6184137947389758
2788,0.6630413493042713
2789,2.0345000571446263
2790,0.9915559172520655
2791,1.5801616738754485
2792,0.6624508804060056
2793,2.1622265938403205
2794,0.9958846398186415
2795,1.957843808814751
2796,1.6463922457352451
2797,-0.12089837624284738
2798,1.8412075840775564
2799,1.7448726448119822
2800,0.33264895646249015
2801,1.5157604403697946
2802,0.818660156544377
2803,1.033267401484839
2804,0.14618263189547387
2805,0.837802160639018
2806,0.555092273388682
2807,0.6112368525111092
2808,0.14108161493816068
2809,2.0168957735064814
2810,-0.1917612445372984
2811,1.6694451757793034
2812,1.7782431055817365
2813,0.834261135198388
2814,0.6936722301955134
2815,2.0402401495279454
2816,0.16748941377425947
2817,-0.14716353234194127
2818,1.8186682137134589
2819,1.6355640167947874
2820,-0.009572857619072908
2821,0.363274753248627
2822,0.25181155270884825
2823,1.3975544998670855
2824,0.7906815302024336
2825,0.23382660876072664
2826,0.9668346505950883
2827,0.13705012167156522
2828,0.9675262738216622
2829,0.8518024948447868
2830,0.7641748118291999
2831,2.057956984303869
2832,0.36055394006087615
2833,2.189292188274505
2834,1.0155762191055517
2835,1.9240290040481343
2836,1.928021819724672
2837,-0.595271356057461
2838,0.8724373541027791
2839,0.0024277589014115204
2840,0.9188180351205181
2841,2.032604816233654
2842,0.1561838930904851
2843,0.8032589523542845
2844,1.9731041775940303
2845,0.2241985085065001
2846,-0.39766192817992196
2847,0.978779976182098
2848,0.9078409044598885
2849,0.20142436022485707
2850,1.5154830056080864
2851,0.2310547677565745
2852,0.4358468168023237
2853,0.21601093027635723
2854,-0.17928516578637557
2855,-0.06771074451471105
2856,2.205026589365477
2857,1.3192395272753796
2858,0.44066429802024576
2859,0.6450570641873716
2860,0.9987815551836665
2861,1.6984966620989856
2862,1.4087596747362092
2863,-0.34310090735777704
2864,0.8515130285695717
2865,0.21797801551708915
2866,2.1602405693435864
2867,-0.8452740853949298
2868,1.343729607756995
2869,-0.10647932491324005
2870,1.1397816294298297
2871,0.015453426548269818
2872,2.095604958394027
2873,0.6216213769209972
2874,0.2786327807592298
2875,2.1502689611726256
2876,0.9312448039751536
2877,0.530686431660836
2878,2.09069099342614
2879,0.969437807496877
2880,1.911660538219138
2881,1.2940020885542283
2882,1.202976951009195
2883,1.2675976070298265
2884,-0.12940555106653567
2885,0.8035599880695067
2886,0.22371702270212254
2887,0.3391685665532047
2888,-0.01595708496860857
2889,0.8074956746175008
2890,0.3353925471503341
2891,1.041466571191106
2892,0.9547695118204113
2893,1.0926513881729638
2894,0.7588981141089179
2895,1.0698915343399134
2896,0.3233855338350086
2897,1.4123571642354797
2898,1.2989803613625859
2899,1.3039449393399614
2900,1.2483199658477275
2901,0.3786751401244189
2902,-0.4152759808025406
2903,-0.32678513911663354
2904,0.13435820269451704
2905,1.231444130715473
2906,-0.09981162231007322
2907,1.759179836498068
2908,0.9157784612083538
2909,0.955465069245418
2910,1.2061398015360556
2911,1.1705479050238756
2912,1.0822500205648713
2913,2.0174182238035896
2914,0.8747565774565034
2915,0.547379681434446
2916,1.7420809969716828
2917,1.0200481476121703
2918,1.1800371092039441
2919,1.9600223298481863
2920,1.9196254367982997
2921,1.9006142497369796
2922,-0.1793489721485815
2923,1.4693030523795942
2924,0.2824769425072809
2925,2.1248393374325127
2926,0.5055632968470987
2927,1.1241313415938943
2928,0.7813103483923528
2929,1.3748359762137752
2930,0.9856399747286226
2931,0.7957844513583514
2932,1.5805941125797656
2933,0.8331000612217873
2934,1.7049222379175337
2935,0.39456115280823434
2936,0.45779766629342394
2937,-0.00979493300474523
2938,1.6200173394220865
2939,0.2962527821669356
2940,2.162957071698573
2941,0.8060479485722656
2942,-0.405250680096659
2943,0.0683793257564484
2944,1.0445745084923508
2945,1.0470197866440119
2946,0.808237485198755
2947,2.503497669174503
2948,0.5549900602821497
2949,0.013926811528404302
2950,1.6618304380228792
2951,0.622283346839934
2952,-0.13276280449221955
2953,0.24112507258240287
2954,1.256750004418635
2955,0.4879012978627966
2956,-0.11293796562124397
2957,1.2410570009161384
2958,0.6305812361289735
2959,-0.2983458761132534
2960,1.0650332746527102
2961,0.9919760938224538
2962,0.11925089729318458
2963,1.8011903632246387
2964,0.37295854828730846
2965,0.15706084651755625
2966,0.8659440546087341
2967,1.1664556572860425
2968,1.1890213599143635
2969,0.8068641509079827
2970,0.8148398660888178
2971,1.4387111929811978
2972,0.06621956431172771
2973,0.4997228526664123
2974,-0.05032732060266086
2975,0.43236081652744973
2976,1.5754737657255278
2977,1.131474990398936
2978,1.2686344973423072
2979,1.484400132121669
2980,0.8602540529415159
2981,0.7529882336488426
2982,-0.1844753803837251
2983,1.1425767924835428
2984,0.4031366116180216
2985,1.5199989249393884
2986,1.6725500583071986
2987,1.069818760850539
2988,0.3070942467009638
2989,2.0313123080687983
2990,-0.16907804289571118
2991,0.3682003438720164
2992,2.0267581016450156
2993,0.9942224498689409
2994,0.011821981112777588
2995,1.3824488030100204
2996,0.3110158459849729
2997,2.129232314363764
2998,2.12954752140751
2999,0.2674777204661935
3000,1.6378223498375053
3001,2.002454218887346
3002,1.565998734916103
3003,1.4327272140837064
3004,1.6188102419359403
3005,0.551370576775525
3006,2.08719324962241
3007,2.005784772658793
3008,1.1142652828904058
3009,2.3739709150034236
3010,1.2440677163402785
3011,1.3443191701946158
3012,1.455711265354057
3013,1.553392043128211
3014,1.498839499400515
3015,1.6490978430626033
3016,1.364620015435967
3017,-0.4047208383286569
3018,1.4445199368648294
3019,2.050380201500786
3020,1.6993286544977726
3021,-0.16305395054525554
3022,-0.14070107265419374
3023,1.3155322005314491
3024,0.5814249244334464
3025,1.6627911584676427
3026,2.119025704176024
3027,1.0035942205080397
3028,2.0664385690684393
3029,1.1760928980376886
3030,0.790046770385818
3031,2.100625103788472
3032,0.49878800570510884
3033,0.4401870993269475
3034,2.0101320932210243
3035,0.295098071268398
3036,2.03427395425821
3037,1.606618428013253
3038,0.9901714560264305
3039,0.6742028584050008
3040,2.0874418676436974
3041,0.6371170153363223
3042,0.07094993599985265
3043,1.2042537830589959
3044,1.6666716688860637
3045,0.35826669958372437
3046,1.7380608426459487
3047,1.7474813834604566
3048,1.9379745969346585
3049,1.1915002768339638
3050,2.1691723242509333
3051,1.3815627805922832
3052,1.3653318132972556
3053,-0.036111814584097415
3054,1.3309191711339836
3055,0.6611201459737469
3056,2.0049143294526557
3057,-0.11366840741849196
3058,1.8182728184146097
3059,1.3261897390157529
3060,2.1752809883674167
3061,1.2066434395235395
3062,0.9280874091064001
3063,1.2669428752871914
3064,1.4101356069523208
3065,1.8376671654782184
3066,1.344179691823021
3067,1.2217406095097125
3068,0.6562870995276562
3069,1.124586973877684
3070,0.8773740542246993
3071,2.0278684482680713
3072,0.015604981526079267
3073,2.0759725180378914
3074,1.8249627466583616
3075,1.2401924104231252
3076,0.26796430669982296
3077,0.6497306058107335
3078,1.4414726655285077
3079,2.0185868300403595
3080,1.447230677077839
3081,0.9197080640345884
3082,0.9047644929375251
3083,0.755699996959146
3084,0.4749604191576975
3085,1.6738856044987758
3086,2.164239816872812
3087,0.9344836946201621
3088,1.554162146023767
3089,1.5597062219123536
3090,-0.2411875558640078
3091,1.4964061759106626
3092,1.8269819559521667
3093,0.269533302750671
3094,0.5047938694841008
3095,0.6898287871816154
3096,0.5354330649581647
3097,1.6970574784902768
3098,0.455662411918379
3099,1.9962332412561254
3100,1.6363996323076526
3101,0.007521076187636949
3102,1.1733708492753925
3103,1.6710920087074927
3104,0.4934264237355149
3105,0.17658142783673553
3106,0.5213096708516112
3107,1.6378418192328459
3108,0.5485569308336318
3109,0.5714099278970822
3110,0.16487015666144936
3111,1.7631232551573561
3112,0.7632517665121926
3113,0.28333856056427015
3114,0.32495751444830256
3115,0.58602887510764
3116,-0.17479717107898718
3117,1.3430585308248262
3118,0.1290785941474159
3119,1.4085838951213898
3120,1.578640616233597
3121,0.8111557022244871
3122,1.059565822823095
3123,-0.10178037730904235
3124,0.33990399977173985
3125,0.7566674935302621
3126,1.1364651051529226
3127,0.6262859800298635
3128,1.2288901615569912
3129,0.7032839986823659
3130,0.8839743426354413
3131,1.5272322021451208
3132,0.1827394300492738
3133,1.4309938608976003
3134,1.2604388828847342
3135,1.7426131617928888
3136,1.738753583389429
3137,1.0253478779535592
3138,0.5627801078008066
3139,2.0220328721852665
3140,0.8257169356323815
3141,0.5318175566438635
3142,1.1014389016266541
3143,0.37881218930867483
3144,2.0756792571204508
3145,0.2919233425549739
3146,0.6728960592823346
3147,0.41413791530701166
3148,1.0297226713244325
3149,1.1890662793368139
3150,0.48717798896876086
3151,1.4777958520984444
3152,1.0279629332928089
3153,0.5199802568964078
3154,1.3658532671356156
3155,1.932752805445562
3156,2.2149466967866935
3157,0.6897594022312732
3158,2.086739760307903
3159,0.980447349144743
3160,0.7188307366134237
3161,0.19248893811833356
3162,1.228200226445602
3163,0.10462136161845266
3164,1.7372418503779687
3165,0.25194630873718776
3166,1.2033313099978011
3167,1.8852129099433854
3168,1.357136425069415
3169,0.4174014336950098
3170,1.8917099882827375
3171,0.8720077351639501
3172,-0.10825551781052979
3173,0.9112000835169888
3174,0.29787647908537174
3175,0.9088250256335538
3176,1.9773703394868614
3177,0.6668672493001999
3178,0.8950389986734193
3179,0.3817712106076508
3180,0.3471032959588853
3181,0.406982376340791
3182,2.1188535077422186
3183,1.7885672317320729
3184,0.1192398330118816
3185,0.15287671550127527
3186,1.2542775453741561
3187,1.5275536106312597
3188,1.6680758675265706
3189,1.486181338421554
3190,1.129182770199496
3191,-0.28970675902675275
3192,1.4081237085151201
3193,0.8228238822767934
3194,1.140459969275152
3195,0.7908528535871314
3196,0.5673167911090741
3197,0.2468531970771497
3198,1.246703398487825
3199,0.012101247767229154
3200,0.3098420059915487
3201,0.29781065877149415
3202,0.6578552335151947
3203,0.7807598699303703
3204,0.7483010447799255
3205,0.7506685864331405
3206,1.1220488329277318
3207,1.1665748736864563
3208,1.4805449779943431
3209,0.9275275946203161
3210,1.06234236571738
3211,0.5497474024021413
3212,-0.24512369580217797
3213,1.8568350234890374
3214,1.2075756882848911
3215,1.420951466793481
3216,1.1543651347944628
3217,1.4415481280173337
3218,0.8332541273648731
3219,1.9861056002376962
3220,2.0225850218134913
3221,1.9724596915073866
3222,0.22377063564131303
3223,0.9716595561639202
3224,-0.12432621073946742
3225,2.1839421484553503
3226,0.038443001382100994
3227,1.079758991198674
3228,1.2241277417537981
3229,1.6890169689518084
3230,1.1599698957255526
3231,1.3500183465813738
3232,1.2966932388913648
3233,1.6814497844691274
3234,0.33758299005074716
3235,0.023881309261655156
3236,1.065654940315792
3237,2.383550221006966
3238,0.7086045121099365
3239,0.5295647197811297
3240,0.8505902261734195
3241,1.9217754414610486
3242,0.6658994807737543
3243,1.5905978585638947
3244,0.25591488762711356
3245,2.3137525188859187
3246,1.6329287654366773
3247,0.41641136837928094
3248,-0.021858447953853007
3249,0.8363504873675707
3250,1.315303685345444
3251,1.579525988585064
3252,1.6380261733452846
3253,1.6578690368751856
3254,1.7788726034553972
3255,-0.03934552413349787
3256,1.092012715363438
3257,0.3225854982248076
3258,1.5493837648045174
3259,1.5532869721472173
3260,0.1937662259481185
3261,2.358157099428321
3262,0.8424367956327763
3263,0.2485090822426618
3264,-0.09058576019908399
3265,1.0571582018871846
3266,0.06515824802162212
3267,1.8040901274671388
3268,0.8629855446581876
3269,0.10221324059071316
3270,1.3388598994219327
3271,0.6313112106221995
3272,0.028059034159458866
3273,1.44842954051264
3274,1.2922156766695985
3275,1.119205340791123
3276,0.883861878771532
3277,0.027962204855218036
3278,0.5354862093558517
3279,1.030561162790938
3280,0.7193647183463993
3281,0.8360329230152492
3282,0.5594861874290016
3283,-0.1897006008539925
3284,1.320865063859115
3285,1.299918419544835
3286,1.433752810078625
3287,0.04159057477521241
3288,0.9845045857899946
3289,2.2039701643393363
3290,-0.03468042096434012
3291,0.43098765943974243
3292,0.05805070076436709
3293,1.2210893357793589
3294,1.3875996292647748
3295,1.6720276137543402
3296,0.22126868513742265
3297,0.14895578567677914
3298,1.5997651707648695
3299,1.206136562939929
3300,1.82148685198087
3301,1.669331510678683
3302,-0.05870769717320863
3303,1.2212727738978708
3304,0.4428213950369917
3305,0.35549139779145067
3306,0.1552547882080418
3307,-0.11432157248371883
3308,0.39368964367619647
3309,2.1676193782687334
3310,1.3271222191767296
3311,0.323558529875555
3312,1.9771290487395266
3313,0.94552462360297
3314,-0.1585177113618034
3315,2.2166544942795743
3316,0.982583361409987
3317,1.4107586068316231
3318,0.3421383124906823
3319,1.5313556988009986
3320,1.1398290356945027
3321,1.0533306902741901
3322,0.1711589558587988
3323,0.5044257022846248
3324,1.1833799708430006
3325,1.2130777260053254
3326,0.3719660331670199
3327,0.8325291038472364
3328,0.05897875118726842
3329,0.366246695690522
3330,1.0744963010134976
3331,1.3521863590868692
3332,1.9836497977851888
3333,1.9851360692859
3334,0.009084280222942623
3335,1.401421681239201
3336,1.3042040643425743
3337,1.7367485253270885
3338,1.6439887237996915
3339,0.3159575367468769
3340,0.7589944674106198
3341,1.912921392133379
3342,1.6240699149696063
3343,0.47934269251098255
3344,-0.0561263377212793
3345,2.031093917732026
3346,0.12231829207543965
3347,0.8633271372292476
3348,1.04216457995792
3349,0.4284185210649937
3350,-0.2913933289481328
3351,0.5783354993580367
3352,1.6022751318016217
3353,0.978320311229112
3354,-0.03361720616761184
3355,1.80560536938383
3356,1.1212636352961352
3357,0.4351540651090826
3358,0.36488047303769655
3359,-0.12773116711884477
3360,-0.23682051045148733
3361,-0.078866907158226
3362,1.4918830368960576
3363,1.1009319071835404
3364,-0.17514985840630434
3365,0.20014875985921743
3366,1.3171158387445996
3367,1.2915840244129329
3368,2.006885994034947
3369,0.9129394075245298
3370,0.5055816863259006
3371,-0.13679832293301689
3372,0.06149455993311016
3373,-0.03656944913554325
3374,2.087313476123772
3375,1.9732468717819398
3376,1.1358401192525889
3377,1.1304110479274472
3378,0.3288489272399526
3379,-0.16594925274265795
3380,-0.426052050900163
3381,0.9246844497293194
3382,2.10526429272808
3383,0.7639655551350361
3384,0.20336858575436043
3385,1.4586796231555403
3386,0.3328494016574598
3387,1.1313968635135545
3388,0.2119856770805707
3389,0.13113664949229217
3390,1.8382880915196618
3391,0.1301262742400791
3392,1.5150458252335055
3393,0.7398423552035678
3394,0.26360050604211904
3395,1.7777558805454572
3396,0.42239799946961765
3397,0.4558091238924952
3398,2.139506614868095
3399,1.210353696834669
3400,1.4891358511329664
3401,1.4126610539387534
3402,0.5216428938291569
3403,0.4963059779535494
3404,0.5966285557956478
3405,0.2329226635106672
3406,0.8865005093727305
3407,1.2498413645142556
3408,1.9851161190373388
3409,0.4165987095939716
3410,2.161540194620502
3411,2.1515540279505436
3412,1.0628113463036686
3413,1.61903476938003
3414,1.7319842656430398
3415,1.0315278800513354
3416,1.0188069178784622
3417,-0.03627660429561476
3418,1.3684828359233614
3419,0.879017062296544
3420,2.2680439626277398
3421,0.8015159731675687
3422,1.4445276244511789
3423,0.044236720946500774
3424,1.5795937828768696
3425,1.366354158071556
3426,-0.11349042286031344
3427,1.6331185110245374
3428,2.158929910858599
3429,1.43786509805888
3430,1.2331437151220843
3431,1.8073726320070307
3432,2.4445338417702103
3433,1.1953301248425596
3434,0.6288096744926803
3435,0.48457880615534804
3436,1.4831616969207175
3437,1.0809392992460318
3438,1.011197523589144
3439,1.494535438918918
3440,0.8153763325536685
3441,0.04062101632728062
3442,-0.15036588801000283
3443,1.5082555468409997
3444,1.5557331775116348
3445,1.6844033557939428
3446,1.8689649422297736
3447,0.030444108404341357
3448,0.993274695289002
3449,1.0223102231506371
3450,0.21307778687126291
3451,0.1628350667375849
3452,1.7427796547018877
3453,2.0108496995197864
3454,1.6479382111834056
3455,0.9618421664229789
3456,0.237466760075626
3457,0.8115827041048227
3458,2.1730272819095164
3459,1.7511913013447746
3460,0.9441505860699246
3461,1.8541249163993752
3462,0.8253286304518184
3463,1.4057508358302886
3464,0.6559573229292863
3465,0.02287064918177678
3466,0.8183737079771738
3467,0.7839725226300789
3468,0.7859928695964633
3469,0.829261851690691
3470,0.542703143366858
3471,0.300736653818727
3472,1.7679935977570513
3473,1.3181874916612086
3474,-0.08463470763950272
3475,1.2461814819343946
3476,1.4044324453852521
3477,0.34263176636107484
3478,2.0602345282502648
3479,0.662083479835846
3480,0.17058791874505166
3481,-0.1382330429520993
3482,-0.6584425314263251
3483,1.7428200429256613
3484,1.8778167002815909
3485,0.21847095840856556
3486,1.7711645452633116
3487,2.2083945569989045
3488,0.48165795686379853
3489,0.17671270264404476
3490,0.589176365722481
3491,0.6353537040302907
3492,1.2606976138685022
3493,1.0435966160298602
3494,1.4269496944912867
3495,-0.11017945569426629
3496,0.5797232847979138
3497,2.0926039483987955
3498,-0.19996743816946677
3499,1.97574579683753
3500,0.6040051188583957
3501,1.4019444031938764
3502,2.0155751325298854
3503,0.09101098098186335
3504,-0.06766891198614064
3505,1.3783394016110493
3506,0.9455109162840023
3507,0.7646683971151008
3508,0.907233540698529
3509,-0.4377693937283888
3510,1.0755660169878491
3511,0.8421886119119694
3512,1.231498450858106
3513,1.7252158069208428
3514,2.190077542545616
3515,1.8839134085234044
3516,1.1884725095768909
3517,0.8922961573168142
3518,0.27685005567425414
3519,0.3167380976944959
3520,1.7194901479402487
3521,0.5510771263621772
3522,2.06784323152545
3523,1.0678415994247656
3524,2.117139054094288
3525,1.640857002214616
3526,1.0761976868174465
3527,1.45282097800113
3528,1.320420158259859
3529,1.1717312435839722
3530,2.1704200917588223
3531,2.306990487470703
3532,1.2870122505035586
3533,0.7263107190275859
3534,1.5584905584227673
3535,2.573664866653904
3536,0.1802499572378794
3537,-0.08497433021235656
3538,0.4973276193600066
3539,0.859095568490978
3540,-0.012807340632733775
3541,2.024713012632274
3542,2.0557969129481677
3543,0.5697614903468681
3544,1.3320796327692728
3545,0.8599165273072393
3546,0.47593699273488144
3547,1.16702735228739
3548,1.2825448275539109
3549,0.605121924965747
3550,1.799558498683113
3551,1.704978645341908
3552,-0.1405402153083136
3553,1.0626076563198916
3554,1.3153484012451577
3555,0.2190152191848382
3556,1.743075574213768
3557,1.5277270938371315
3558,0.40152499373887024
3559,0.6178422431678654
3560,1.1818812837749255
3561,0.12571921333540767
3562,1.5594079940929755
3563,1.2592064433453336
3564,0.6419264703920468
3565,1.3086975495317508
3566,0.7128035836782145
3567,1.8520030597665982
3568,1.555553909652143
3569,1.8271144730728108
3570,2.153820481285994
3571,0.5639216316938676
3572,1.794822084981756
3573,0.26508942418635884
3574,0.6125235595190389
3575,2.2055936335183537
3576,2.0551175281994167
3577,1.3693725308929143
3578,0.593387130229976
3579,0.4952957704792809
3580,0.1739835509138929
3581,0.2611292588384882
3582,-0.1701747243525933
3583,0.06537697235007285
3584,0.29214985911389174
3585,1.9673686712143825
3586,1.1313339801371
3587,0.910218303635104
3588,0.5985620478689712
3589,1.5563209727647456
3590,1.6252129029027087
3591,-0.13900908755293787
3592,2.2895482007079377
3593,0.45177630507917754
3594,1.00275670814032
3595,1.5732071115329502
3596,1.6382888561085673
3597,1.107095625343331
3598,0.760707240617001
3599,0.05443077030850526
3600,0.8226344712225611
3601,0.2718637702829118
3602,0.7597452625813296
3603,1.0843688075518587
3604,2.099561937810828
3605,1.9744454769755713
3606,2.1721397553813846
3607,1.795171111322801
3608,0.4541830454232218
3609,0.6480039546793597
3610,1.1630646784465521
3611,1.4049081352303054
3612,0.8923251129017795
3613,1.1149041443708043
3614,1.8642669918482881
3615,0.9563171595174333
3616,0.23742237363074745
3617,0.6649233458161983
3618,2.0522157891103574
3619,1.2811056366910671
3620,-0.147692197776704
3621,1.205146567219609
3622,0.14822310262681493
3623,1.7920190086140375
3624,1.0831628497858008
3625,0.5161129973146392
3626,1.3080598232780276
3627,1.1819999169282935
3628,0.7651230485954441
3629,-0.18986651555144213
3630,0.32953988308011345
3631,-0.37441762531139133
3632,0.9674033405037167
3633,1.0228408216567972
3634,1.792930739753082
3635,0.8514743683030765
3636,1.0749250077691097
3637,1.4300263326200215
3638,0.7549850659525469
3639,2.1896760161995723
3640,1.2355035282483517
3641,1.3574777169429977
3642,0.36138331441790567
3643,0.8358439882406117
3644,2.082765887347412
3645,1.4836529654071058
3646,1.2147718149858742
3647,1.8813023168972889
3648,1.388335427659664
3649,-0.2585102112418678
3650,0.1226113039519112
3651,1.046619680726665
3652,0.677487256573967
3653,1.4453502740247468
3654,1.1294787788065948
3655,0.33731989832744946
3656,1.9966352828460237
3657,0.9293119996180121
3658,2.152620516026197
3659,0.36275272100369643
3660,0.27613241558488993
3661,-0.10264452042276653
3662,2.178258399480899
3663,1.3851206204328173
3664,1.5483617719474827
3665,1.1387524381811378
3666,0.5365545270744477
3667,0.38119075238157085
3668,0.5854276231419865
3669,0.782727975346784
3670,0.2730038983804072
3671,-0.199473846410944
3672,1.247930465765993
3673,2.168550620760011
3674,0.7450506574631586
3675,1.9898449749255624
3676,1.0390571469230383
3677,0.38793241599559947
3678,1.2076364606939314
3679,1.1393121397289496
3680,1.4971681994936865
3681,1.210176692458781
3682,0.26668189275974147
3683,1.5519743354469469
3684,1.543537054519589
3685,1.806160649957843
3686,0.8657155690063563
3687,0.5975164687022292
3688,1.025472801346985
3689,0.034895736148583045
3690,-0.038497199147660366
3691,1.9304952487963956
3692,1.2722663058049606
3693,2.172058405532848
3694,1.518722940174186
3695,-0.0401816948990736
3696,1.7394964135037243
3697,1.3956731682565773
3698,1.5324479479934345
3699,0.719937668803066
3700,1.989170668643863
3701,0.07302115246683023
3702,0.6740622324398035
3703,-0.012820198785149221
3704,0.23611828420271685
3705,0.5220286603233213
3706,1.1217847031639776
3707,1.556965890946469
3708,1.1573753089523844
3709,1.5881957744005766
3710,2.1006232768923416
3711,1.3809755501577392
3712,1.7305050769888717
3713,-0.04718072912514214
3714,1.413042919035781
3715,1.6897846915508608
3716,1.6130333768335672
3717,2.015201104307363
3718,1.2577711435857086
3719,2.0365295205994944
3720,0.6152367355557937
3721,1.1596532839446994
3722,1.7334569571311917
3723,0.3351740959195428
3724,-0.021314730810740284
3725,2.1111555431313582
3726,0.10046115856593474
3727,1.131355941441207
3728,0.7397749984171386
3729,0.4492924942634286
3730,1.8598771341416298
3731,0.20344482271339445
3732,0.15209077131263818
3733,1.2935824196916481
3734,1.3917566153105367
3735,-0.0036261154059605803
3736,0.01820740612810029
3737,1.1399611987070497
3738,0.062207500950389516
3739,1.3908961095945187
3740,0.801231018636375
3741,0.7486797049329058
3742,1.1686630756798093
3743,0.0978132387238771
3744,0.8785288710972929
3745,0.8047345310533931
3746,1.8377934184538796
3747,0.08553177163701578
3748,0.33901650013159346
3749,1.8094185795205364
3750,1.0496413917416738
3751,1.568197900789477
3752,0.38942047981443045
3753,1.557004619977446
3754,0.022165381867927252
3755,0.5907362171453632
3756,0.0432988092223458
3757,-0.2091794630677163
3758,1.4070021825141639
3759,0.5202087853942572
3760,-0.3148358062902304
3761,1.0622059130832564
3762,1.1314084598031102
3763,1.1717451982677107
3764,0.6524656568062587
3765,0.8781274635591141
3766,1.179573569991492
3767,1.748071362808338
3768,-0.002007337756190969
3769,0.23322358181620453
3770,0.23740166763332982
3771,0.9690319070491599
3772,0.825989674268301
3773,0.413672033229971
3774,1.0152054353818982
3775,0.8997401941138479
3776,-0.17841962979009124
3777,1.5807659578969577
3778,1.0620277417119484
3779,-0.30767725011098873
3780,0.6521773606525157
3781,-0.6903998234271059
3782,1.7112842154499464
3783,1.0887662677684644
3784,0.5400182217193865
3785,1.3655613130461473
3786,1.9717797355014817
3787,0.75508056021549
3788,0.8868349874081275
3789,1.585638672017644
3790,0.7684244560372854
3791,0.24971219066317976
3792,1.3010411918099216
3793,0.3525629645918187
3794,1.0563511968667276
3795,1.526377893369475
3796,0.8529038416783378
3797,1.232118773892022
3798,1.6970457875420673
3799,1.3278767809231633
3800,0.5989099203007356
3801,0.023997296795633897
3802,0.4164012064344983
3803,1.3956503041635893
3804,0.28040496590220115
3805,1.1628353994234535
3806,1.504216756360069
3807,1.4260068660711993
3808,-0.08732598621077116
3809,1.3821238848455204
3810,1.654971970896923
3811,0.7789988394224768
3812,0.9253191037162624
3813,1.5920521112392179
3814,1.2720612816781536
3815,0.2351269774168609
3816,1.024694392065711
3817,1.5996355411129792
3818,0.7950387705285203
3819,0.714825415956629
3820,0.03565794471893681
3821,2.2263828707040068
3822,0.975172985190994
3823,0.9750708858686938
3824,-0.08812232551844511
3825,0.4571567619600767
3826,0.40023859619722896
3827,2.060181783052841
3828,1.3105961606619851
3829,0.2939729877293302
3830,1.6865688770839977
3831,2.070294743768721
3832,0.7037099319776315
3833,1.1714566444404695
3834,1.085474098004803
3835,0.9826126711675511
3836,1.2714731298922954
3837,2.0663525736034534
3838,1.2263647466261778
3839,1.945308253143157
3840,1.2477892276786657
3841,1.6467248236148908
3842,0.4681739592861207
3843,1.155585762429
3844,0.7989497856034529
3845,1.4419844302933238
3846,1.157592186929949
3847,1.8298116154791313
3848,2.050293177549246
3849,0.6665116221423973
3850,1.2917369893704018
3851,1.3892945745458725
3852,0.5598452931450008
3853,1.1773879142026393
3854,1.6102936892631023
3855,1.2111429566737368
3856,1.5589133092170968
3857,0.7242034708713551
3858,1.4916963323847574
3859,2.109664581851067
3860,1.85251873789152
3861,0.037614492803994475
3862,0.7809378064103084
3863,0.17372956253006114
3864,1.3846321027440363
3865,0.23722278381187367
3866,0.8482903604691241
3867,1.647100547154249
3868,2.0162515284653435
3869,-0.012059203791970202
3870,0.5101400214568805
3871,0.1860665109729959
3872,0.34112151972875726
3873,-0.26602766137068895
3874,-0.08019317572255151
3875,1.7075204451885329
3876,0.83887708882635
3877,0.15872576987649828
3878,0.6276227423195216
3879,0.1390547556509792
3880,1.483037634681461
3881,0.24764210437997825
3882,1.3501003932699103
3883,1.2693691448229298
3884,1.4535946029427282
3885,1.2385638614189391
3886,0.7983235667763604
3887,0.9282696659299166
3888,1.1459771638029275
3889,1.675858238026649
3890,1.1739760084471547
3891,-0.1734446858177883
3892,1.1772240789511321
3893,0.8080835614223171
3894,0.0473471015898628
3895,-0.024873942226718827
3896,1.1236861617526959
3897,0.15790355654914134
3898,0.26190667343221424
3899,1.338843995952479
3900,-0.1451156703486137
3901,0.7651549715578474
3902,1.2129705105971065
3903,-0.08890388547996489
3904,2.0005904908523284
3905,0.954388287387201
3906,1.9927910558320148
3907,1.947930146412539
3908,2.025956169925189
3909,1.7056949996051842
3910,0.5075398025538436
3911,1.624329320376129
3912,1.8844704247196573
3913,1.5575053292687282
3914,0.6201400618230078
3915,1.844236369427489
3916,1.2158167999717606
3917,0.7774813579740112
3918,1.5810034821872043
3919,0.026563527902308082
3920,1.0914943842328821
3921,-0.2209067347591225
3922,0.431549704729432
3923,1.3533057251086142
3924,0.4224039418410629
3925,0.41710800732434367
3926,-0.2761488596877241
3927,2.0361821623608747
3928,0.4965903044278751
3929,0.8985783525319763
3930,0.8473537159594298
3931,1.435025066784731
3932,1.0342549661340814
3933,2.096781265824231
3934,-0.02160014005798002
3935,1.9920046460905922
3936,0.410300504589189
3937,0.8004435272459434
3938,0.9988486554670931
3939,1.6751092508275498
3940,1.760661555762698
3941,1.329106100655843
3942,0.7180977195032681
3943,0.8381389467811736
3944,1.3187456327861977
3945,1.2629643089830758
3946,0.9418512359083812
3947,0.23689781613444216
3948,1.2350319843012683
3949,0.1033973755748748
3950,1.4753738453834366
3951,-0.18784108043217743
3952,0.30120781353333614
3953,1.1783942752990195
3954,2.152216567234982
3955,0.36277241931596627
3956,0.11082703157930276
3957,1.4657049202405654
3958,0.12378075962138188
3959,-0.04472731869047075
3960,1.0529218133422242
3961,0.8166729041419732
3962,1.2592663726472564
3963,-0.0026162640383812392
3964,1.1440615501392544
3965,0.3405560732037374
3966,0.333665789814348
3967,1.871927850296211
3968,0.576514903973736
3969,2.203579282100099
3970,2.027772292965528
3971,1.7293640615176629
3972,1.4780806785478235
3973,0.4258477883055995
3974,2.2027635573737396
3975,0.6986958771015658
3976,1.0425548808052416
3977,0.9016485181955881
3978,2.0455808709556047
3979,1.4120293640094748
3980,1.057764648186791
3981,1.1945305752853916
3982,1.847852581288617
3983,1.1237584139616161
3984,0.2498312237004999
3985,1.69640118191836
3986,0.40770002382984716
3987,-0.16099599717283222
3988,1.7283118113976805
3989,0.5784365521280377
3990,1.248514652910682
3991,0.8831131537383815
3992,1.2709430235581318
3993,0.9560518407934346
3994,-0.07869126993283755
3995,1.415404968536152
3996,1.089730394085315
3997,-0.04739768418108371
3998,0.833467649832207
3999,0.3517684102827951
4000,-0.020067702472972036
4001,-0.13906287176187543
4002,0.4717640174496061
4003,1.277233401630182
4004,0.4824079617407169
4005,1.2053128264573338
4006,2.1320375095721205
4007,0.7875240833760213
4008,0.5971130847112748
4009,2.1939759937532077
4010,0.2683594231788112
4011,0.9378451426350716
4012,0.9803289740681609
4013,-0.11312615129532103
4014,1.0676043424139854
4015,1.3046175342717146
4016,-0.35623113518479316
4017,1.6367990550702545
4018,0.6978680400469566
4019,0.2475967693602404
4020,1.9137411244268048
4021,1.1299309781525106
4022,1.5148017444603212
4023,1.7823039030826686
4024,0.196499942013804
4025,1.9642908508398653
4026,0.9936332664396228
4027,0.444337809376894
4028,1.9644578161394943
4029,0.7280818346029535
4030,0.5399224663233375
4031,0.3019951498275424
4032,0.33213428201422085
4033,-0.03574025507899827
4034,-0.14057603366187368
4035,1.6178737914753751
4036,0.6346614673872192
4037,1.1069591299146087
4038,1.246972316268328
4039,1.8506415971528565
4040,-0.14024120731914597
4041,2.1433890058119673
4042,0.47960234543548214
4043,2.0328933171116694
4044,-0.02893192064349876
4045,2.2556495237231795
4046,0.6803102295895707
4047,0.048233078677100485
4048,0.023173380168878332
4049,0.5575835022039701
4050,1.6296095151620995
4051,0.19667666395838246
4052,-0.008640541779311589
4053,1.8054819072483859
4054,0.9955626682026345
4055,1.831921979011321
4056,0.013173864292743772
4057,2.0142936743969218
4058,1.9206947651360304
4059,0.08380461565899411
4060,0.526117857902969
4061,0.8173994583518779
4062,1.5497829065073643
4063,0.6536489184549932
4064,1.473973333940974
4065,1.4260295681387567
4066,-0.044816873934720364
4067,0.5560490150694664
4068,-0.27965964417262823
4069,-0.1952534613278891
4070,0.650261739401692
4071,1.2340619649818394
4072,0.015667443561848945
4073,0.19018935166790424
4074,0.2666105920787439
4075,0.48521177271832594
4076,0.7501619043841987
4077,1.2006354205873642
4078,1.13931696429821
4079,0.7236391934356105
4080,0.9334900945061846
4081,1.9725353985715046
4082,-0.11861440556821812
4083,0.17053154347413918
4084,0.37215432576808705
4085,1.8807466987122128
4086,1.0986232551612574
4087,0.4903844344043551
4088,0.5888045305207248
4089,1.213496131222837
4090,0.10181502439217027
4091,1.3052145609904982
4092,-0.01639568045688518
4093,1.6987139790342494
4094,0.6429202550131959
4095,-0.006362096687045626
4096,-0.25928173206092514
4097,1.846062991496402
4098,0.7313286885808444
4099,1.267821370111629
4100,1.3574944307486505
4101,0.10383333842847094
4102,0.993625154760288
4103,-0.04725400746937558
4104,0.9194047671350185
4105,1.4324975567571623
4106,1.400284159197831
4107,0.8633627557109934
4108,1.2334291578442835
4109,0.29021504141423166
4110,1.1756692492639271
4111,0.9165290424107878
4112,0.26046237115871
4113,1.0460061110224874
4114,2.1419432164890293
4115,1.433396705491686
4116,0.3708490380922863
4117,1.2050605460706831
4118,0.5781465752662369
4119,0.38856768999980407
4120,1.039365901592717
4121,1.2270486357283241
4122,1.346454829823264
4123,-0.1654140169987078
4124,-0.09680866560136148
4125,0.44452444212406395
4126,0.717292141579535
4127,0.36609062675694515
4128,0.27622508365444554
4129,1.0064291834627646
4130,2.1258811634659027
4131,0.16192694788748932
4132,0.5973088958407743
4133,0.04300343785875655
4134,0.0698003592209182
4135,-0.030366324696678222
4136,0.8710144319774551
4137,1.5171308308135043
4138,1.0206078504157137
4139,0.3348480311888811
4140,0.14419941959679394
4141,1.3954466704071442
4142,0.5044713692452887
4143,0.30471061843724623
4144,1.0348236268450348
4145,-0.24267757109066423
4146,0.31941782828006376
4147,1.1721670517116163
4148,2.189056585698864
4149,0.18430080221176603
4150,0.46803161413809197
4151,1.1818669900445868
4152,0.7357762099896802
4153,0.17987351422317716
4154,-0.03184979813162243
4155,0.5700766463583337
4156,2.0707393320516547
4157,1.2898129988775795
4158,1.4753891659976643
4159,0.5762267423621672
4160,1.8707029999941687
4161,1.9879856308181763
4162,1.1906584175591362
4163,1.4634079772294104
4164,2.101862493358939
4165,-0.11720742757797445
4166,1.6622103751927502
4167,2.1100542600803474
4168,1.8714443035987376
4169,1.5459014264697928
4170,0.5672306798771687
4171,1.2927923090986606
4172,1.1695176997312813
4173,1.863358273519631
4174,1.0618325872321646
4175,0.13053710724262887
4176,-0.06216449002485938
4177,0.27932571443358273
4178,1.2307928391158935
4179,2.064450968413595
4180,1.9302880597391159
4181,1.393023497226723
4182,-0.13573070544836938
4183,1.9026826752922568
4184,1.7912979086309726
4185,0.9627068745671225
4186,1.218518234408259
4187,0.3424365094026184
4188,-0.060264482489609
4189,2.4657098279967027
4190,0.7414821031873535
4191,1.1797388249309027
4192,1.9934979140588296
4193,2.0552369774934798
4194,1.6975779105337439
4195,0.7156683601573791
4196,0.8153088800504663
4197,0.05958025816157577
4198,-0.16819205359366438
4199,1.2013642981285866
4200,1.3900752576028093
4201,0.41875424251581483
4202,-0.2711502587086133
4203,1.5138965788900003
4204,-0.11131979768423564
4205,1.011353920758466
4206,1.6857462450379543
4207,1.0240111182883116
4208,1.2802643229108623
4209,0.7368151393718932
4210,1.0512972251306245
4211,1.0991063738399984
4212,1.3883988612461011
4213,1.5602578332926087
4214,-0.10273660207378257
4215,0.9862286534422967
4216,-0.04602518596871712
4217,0.4918557270991746
4218,1.2976735584788428
4219,-0.0535980427406066
4220,1.137688348975955
4221,-0.013617806504885692
4222,0.6257383819085031
4223,1.5399738621022954
4224,0.4989790092551044
4225,0.4681313107975373
4226,0.254225644297241
4227,1.5407714046430503
4228,1.4206071672921532
4229,0.6410190401921142
4230,0.19663321960028346
4231,1.5300353776934954
4232,0.13919777137729908
4233,0.6847807738879502
4234,0.8788679877512143
4235,0.11400383472115065
4236,1.7930945488504282
4237,2.026664111830883
4238,0.8134561061771216
4239,0.5547518002988909
4240,1.861923871697458
4241,0.2917071677379072
4242,0.19167713137929457
4243,1.7054636866760158
4244,0.22255641718382044
4245,0.7176838544213895
4246,0.2636905330373713
4247,1.3138860205167222
4248,0.5757610177015492
4249,1.2856268787622631
4250,1.1758643122296335
4251,1.8508693105809906
4252,1.348930929009383
4253,-0.04511205359209729
4254,2.046404097106616
4255,1.3752708403513025
4256,1.0501394070812289
4257,0.8947881372906156
4258,1.3380895341355554
4259,0.06950663974795657
4260,-1.3231813962019738
4261,0.1752669055310806
4262,0.6071545982616849
4263,0.6070663709605074
4264,-0.05932028110986834
4265,1.003360684292954
4266,-0.2737713712571183
4267,0.17442002897652326
4268,0.7392895395514854
4269,0.3396123725198983
4270,0.6682636170355979
4271,1.0899363771941488
4272,2.181215480199713
4273,1.6314944490947694
4274,1.9602793456394214
4275,1.8558834662073553
4276,1.1168023106064549
4277,2.0731695283236724
4278,1.5014818826459857
4279,0.18269648825449056
4280,0.6890350285161325
4281,0.5262801975850091
4282,1.8877926120908515
4283,0.5421750295042481
4284,0.456886514000896
4285,1.9823615192841602
4286,2.1023003743451807
4287,0.5681964643135822
4288,0.5888759665926104
4289,1.0743948891104462
4290,0.46745730813628766
4291,0.4126997372949797
4292,1.2176950517824223
4293,1.029605281010959
4294,-0.09549907123538084
4295,0.7040450689857197
4296,1.2027544930836074
4297,0.6851112594921823
4298,1.6021918347833637
4299,1.2745354368406803
4300,-0.13038056980810195
4301,2.075237137431341
4302,0.7869071014062723
4303,1.6122174585060995
4304,0.5815629528902421
4305,1.1288027834393182
4306,1.4202353346328955
4307,1.1418155874187115
4308,2.6240193237422655
4309,-0.008498905468757909
4310,2.183991087867457
4311,0.4671853914990055
4312,1.4299070289349607
4313,1.2466357768787588
4314,2.0963270801862324
4315,0.9637062818233804
4316,0.9607079646469142
4317,0.7861737822927002
4318,1.1755811792770192
4319,1.1304519444901433
4320,0.6953297830205858
4321,-0.056788544689384185
4322,0.13331227542690136
4323,2.083137691337168
4324,1.0130851778460293
4325,0.5564292130214419
4326,0.39269045537545294
4327,0.7633907657113883
4328,1.0117805385062444
4329,1.1886774092407142
4330,1.2356337431206885
4331,0.7818763022619515
4332,1.023473960974316
4333,0.44055752310308616
4334,0.39946483072308314
4335,0.21391796472207042
4336,0.801851386887246
4337,0.9882468778380713
4338,1.0176569780085831
4339,1.3397731311007814
4340,0.9695463845002894
4341,-0.10156873403463035
4342,-0.15853741443478211
4343,-0.11575665828646994
4344,0.8231533195228559
4345,-0.05310626637326232
4346,1.7920959839441404
4347,0.6933672991290064
4348,0.9172600644315152
4349,0.670352653274667
4350,0.6922010817128096
4351,1.5648594658653745
4352,1.7866849543762338
4353,0.7236454105354936
4354,0.4123051853767245
4355,2.1594001022007503
4356,0.24927128761358647
4357,1.5998338785375013
4358,2.05342642050338
4359,0.9757721784819329
4360,2.0072233408715485
4361,0.5391874290213531
4362,1.9818426242227778
4363,0.5045312550126991
4364,0.7789781585898622
4365,1.0501053602112183
4366,1.1599422796539016
4367,-0.6176295147439747
4368,0.18111940124164888
4369,1.5136466203562282
4370,0.22883588111783482
4371,1.7930054357635674
4372,0.6163034158376272
4373,1.5608861196665564
4374,1.0476023600038753
4375,1.3533869431143168
4376,1.9437083515469946
4377,1.1935561072118916
4378,1.977609037856102
4379,-0.0383437673044438
4380,0.8071215650059437
4381,1.783543643417309
4382,1.1716253067884987
4383,1.0326716731942995
4384,0.7633827182553409
4385,1.8613523170224322
4386,2.1146264489362374
4387,1.4390844940096739
4388,0.7413364469430492
4389,1.9428356177732249
4390,1.5504601559156126
4391,1.0818477758880316
4392,0.02029141734496928
4393,1.6612963200105657
4394,1.2080292257405105
4395,0.9334885973434055
4396,2.1748239045257987
4397,0.3788597266536231
4398,0.35738700409779023
4399,0.9101217514219885
4400,0.1557432716159006
4401,0.6009236800925133
4402,2.1663941506761555
4403,1.034923606544905
4404,0.015281699564796006
4405,0.3217428670401199
4406,2.185600967842473
4407,0.6349645665514825
4408,2.099526974307362
4409,0.32686708183636043
4410,0.22083668232295833
4411,1.1439198617103599
4412,2.0340638268313427
4413,0.9913944003759507
4414,-0.07488842117306425
4415,1.8654497395067116
4416,1.3287431058408243
4417,2.1382667740110923
4418,1.683095345001282
4419,0.8254975328395007
4420,1.2699709940560913
4421,2.1232131696470815
4422,0.9852190701621462
4423,1.188224096491924
4424,1.2804337816955502
4425,0.3983068358979311
4426,0.46579319129025504
4427,-0.23223493997566194
4428,0.33794854463201207
4429,1.7449086807679794
4430,0.9128620914192347
4431,0.6217774753802584
4432,2.5254282530336694
4433,-0.20939665528183107
4434,0.7382525467806638
4435,1.270359606003863
4436,0.8669703375090729
4437,1.407784779496005
4438,1.013783790711494
4439,1.3724808903951868
4440,0.12353744113218335
4441,1.4133215698130843
4442,-0.046092104170337614
4443,2.0055568540053605
4444,1.8398270535633532
4445,-0.14984627021610844
4446,0.5435206448444624
4447,1.2954954149586264
4448,-0.09067582017478402
4449,-0.17952169487841685
4450,0.9513149142164209
4451,0.4402682051619936
4452,0.6573083035985081
4453,1.0653641010794463
4454,0.6552716897300326
4455,0.07894905665190949
4456,0.3320216425707014
4457,1.8738263200540184
4458,1.0340739024768866
4459,2.1822577109571655
4460,0.25064623222489235
4461,-0.5147685963407432
4462,1.0153506541261206
4463,1.2678881859200355
4464,0.38187415509754563
4465,0.48844095723618713
4466,0.40759659835417505
4467,1.5835255225848415
4468,1.131587570553062
4469,2.014949604303538
4470,1.9526569994053056
4471,0.7171357861079162
4472,1.140619309920314
4473,0.3704194703995692
4474,0.488541929687195
4475,1.4919599394459713
4476,-0.04134608232841584
4477,1.460941509648662
4478,1.2738406635436377
4479,0.7696136097908275
4480,1.5617732654955083
4481,0.3570507097199834
4482,2.1714569955655283
4483,1.1585141872307942
4484,0.37706602473393097
4485,1.8398196763425751
4486,0.13594504111427483
4487,1.385630924515504
4488,0.8414704065693637
4489,1.4618346923672207
4490,1.317433709433955
4491,0.7593419406753121
4492,-0.06222324259317369
4493,0.3884927588348342
4494,1.4285613222009137
4495,0.22381771117750432
4496,1.748667794558607
4497,-0.1851833314403538
4498,1.6388055339019154
4499,2.7585505421553824
4500,0.2694407725878208
4501,1.090036606187812
4502,0.7225513620758857
4503,1.528031847246198
4504,1.8062313976348108
4505,0.28976443737099994
4506,0.6195154726533069
4507,0.5925384461455309
4508,-0.2523049456482137
4509,1.0587608350142728
4510,1.443569451422456
4511,0.730965497820209
4512,1.5600220725123475
4513,1.2016759496234841
4514,0.21227540269879958
4515,0.2724580953559296
4516,1.0014151252928802
4517,0.9223464204028475
4518,0.15777432475728148
4519,1.0916236911063413
4520,0.7609351350872755
4521,2.3373243627887
4522,0.7456681587073553
4523,1.0309392362473506
4524,0.019821243217078007
4525,0.043166524012222665
4526,1.1695960403942451
4527,0.45951962964572896
4528,3.3636134983527635
4529,0.9655247293386733
4530,1.6921279845847075
4531,-0.029361462332153254
4532,0.12071014051922624
4533,0.5537417229579815
4534,0.4914368289292873
4535,1.6649022198098504
4536,1.8181854506178636
4537,1.2502469557760805
4538,1.1368428057013555
4539,0.3516574555898289
4540,-0.06775898743037123
4541,1.3018897319625609
4542,1.4118185814120296
4543,2.449327707369276
4544,1.681420906920908
4545,-0.11235051576409358
4546,0.8930957283673046
4547,1.2703872566469245
4548,-0.23984789065403217
4549,-0.2901491507080566
4550,0.8275190740601198
4551,-0.15753668167168428
4552,0.3988138890590762
4553,1.2709594629977015
4554,1.2447989973758191
4555,1.1955120389806815
4556,0.1710893383354761
4557,0.5222384275900579
4558,1.7949673276525173
4559,0.2891114075425572
4560,0.9637047384012738
4561,1.1505688838016273
4562,0.01841095573011548
4563,0.7964343126459456
4564,0.6384704952537033
4565,1.2472486872438466
4566,0.9243131548321177
4567,1.2799500257890637
4568,3.1372598363909976
4569,1.0550626703859893
4570,0.486577244383773
4571,0.19530498076234398
4572,0.320411270311627
4573,0.893982477318397
4574,0.7785058174561733
4575,1.5541597021909526
4576,0.8480008633160057
4577,-0.036663700768782496
4578,0.7417488383809743
4579,-0.2202959200124621
4580,1.7220244740576565
4581,1.1437924832854325
4582,0.7432173879221057
4583,0.7423293151298027
4584,1.1707077669066557
4585,0.9557656115428442
4586,1.384145507853463
4587,1.100387760525831
4588,1.343454960248832
4589,0.7749796633026175
4590,0.11235140093674052
4591,0.6174572273326672
4592,0.7831545973419963
4593,0.5197097051471282
4594,0.9655992106196494
4595,0.6697448480626327
4596,1.600725806292289
4597,1.0584920051740465
4598,1.0499865348974113
4599,0.6047784532908899
4600,1.2474298864767899
4601,0.39938719133282036
4602,1.4186955163849817
4603,0.567963316250068
4604,0.5682464744157736
4605,-0.12926011569191853
4606,1.5003642230092122
4607,0.9547147169371749
4608,0.5153091027417918
4609,0.740729210285949
4610,1.5780672780996494
4611,1.792928551369788
4612,0.6741380349648689
4613,0.010152958890300023
4614,0.48898756448532044
4615,1.2749227308648903
4616,0.4546362387712066
4617,1.6269575776412921
4618,1.4292658965965161
4619,1.322857654121514
4620,0.8873421702268732
4621,0.09620967234856459
4622,1.7368338419613174
4623,0.5959922086553122
4624,1.5536894379405297
4625,0.45465402353449325
4626,0.23436432718161232
4627,0.018120595370516288
4628,2.01410766860418
4629,1.6633163563531557
4630,2.1714022677225566
4631,1.5588659378530891
4632,0.8383463265431679
4633,0.18796856948598892
4634,1.372145170250901
4635,1.0261181674396789
4636,-0.11387497883766792
4637,2.0884340692362753
4638,1.8844261766669037
4639,1.5407064959352799
4640,2.110114285343982
4641,1.0472891721897677
4642,1.6041123126285695
4643,0.4267449363536645
4644,1.6074320352280356
4645,0.21916368598363184
4646,0.4237541922445431
4647,2.0882133414725232
4648,1.4633188964111943
4649,0.8566297930870995
4650,0.941735336359975
4651,1.7692584378234737
4652,1.164484741529115
4653,1.9710148446631643
4654,1.1909543143045656
4655,0.2571985698934191
4656,2.064392209421219
4657,1.4551885649252767
4658,1.6949700571867963
4659,0.4308956853067839
4660,1.5397128721434945
4661,0.7518069888834844
4662,-0.006184529353096355
4663,1.4013293801882636
4664,0.012214789822109568
4665,0.8161970919244101
4666,2.048819599598029
4667,1.8031781875356139
4668,1.975815429702206
4669,1.7101623870800555
4670,1.6585380620989576
4671,0.8696866776707767
4672,2.505213066052668
4673,1.0164074047797151
4674,1.984179410690336
4675,-0.15996869872324745
4676,0.40927633672058916
4677,1.8770075670923019
4678,0.24128913848627379
4679,1.6930787303920758
4680,2.065465572282242
4681,0.8198004736753154
4682,1.0927130004441996
4683,0.2792587549358688
4684,1.991330191940884
4685,1.9502934388074566
4686,1.490112409060122
4687,0.3475240706954361
4688,-0.24663986158606332
4689,1.1293897812219158
4690,1.9121782399317786
4691,0.6403436938920918
4692,0.6094566592250443
4693,0.8120444945706442
4694,0.5361231963945471
4695,1.9007858385375653
4696,1.1086303766121028
4697,2.192167288660205
4698,1.904644982673264
4699,1.8594627426283754
4700,1.704662000909918
4701,1.0588959465064995
4702,0.03864447289509453
4703,0.7082284083275238
4704,0.9752865374208108
4705,1.6262147269336429
4706,0.6312362840594927
4707,0.4079479136988135
4708,1.4785735440819345
4709,-0.1831694408320063
4710,1.1787642568792682
4711,0.18172064532574866
4712,0.6626142481328818
4713,1.181839248802607
4714,3.038241743438754
4715,0.690178427517773
4716,2.061717009936327
4717,2.011810598333169
4718,1.8107974643504492
4719,0.8592063356757758
4720,0.43518494497354493
4721,1.09436590265496
4722,1.4948564189824927
4723,0.9846233999608268
4724,2.0718543645258922
4725,0.323003491795556
4726,1.1595552896742358
4727,0.26922288621060275
4728,0.5397331895092524
4729,0.35702012923484744
4730,1.7599366229631457
4731,-0.0588761095127336
4732,1.5462067521881095
4733,2.1840436574210194
4734,1.6167138434824653
4735,-0.19589300363010323
4736,2.6410634515588662
4737,2.0065368837335544
4738,1.7798082200472196
4739,0.715372216870287
4740,0.4289536590875483
4741,1.1910064946616843
4742,0.13920046939007352
4743,0.33950319916862204
4744,1.1150102511915896
4745,1.5164458145955844
4746,0.7065050450254167
4747,0.20501109725657915
4748,0.8279797101805438
4749,0.7487339705582832
4750,1.1084167523215518
4751,2.0505483727715244
4752,0.04992977925338103
4753,-0.20824778787935114
4754,0.7338329183834577
4755,0.05349118445535057
4756,0.2742324318613933
4757,1.465511614440288
4758,1.307865953651761
4759,0.7135426269713349
4760,2.0882371053679822
4761,1.1239056239195337
4762,0.8717813189401664
4763,-0.3958093908061513
4764,-0.44760392318867914
4765,0.9322223583528445
4766,1.5156793126746653
4767,2.3395419669523134
4768,0.0975115299242879
4769,1.2214923226258896
4770,-0.012919108158399376
4771,1.807416195949135
4772,1.9912591632026644
4773,1.5778664393746833
4774,1.6852421940271067
4775,0.39804986837936207
4776,0.9516111540056114
4777,1.197055609167668
4778,0.7450700385801743
4779,0.9638377192369796
4780,2.1567239876978657
4781,0.012331481134047148
4782,0.6196231542426304
4783,2.1806544893094806
4784,0.6914023087857684
4785,1.5722948392836875
4786,0.06729587652747089
4787,2.1624169576653913
4788,0.9456444350203462
4789,1.5843049428801281
4790,0.41933103548502193
4791,1.7357082520163458
4792,0.5527112879001493
4793,2.0462692821731707
4794,0.5575752623821731
4795,1.3828171547068335
4796,1.412655995488946
4797,2.0896844243784582
4798,-0.7960717179945053
4799,0.8430559983248131
4800,2.198347445228112
4801,1.0496466460798524
4802,2.73451376610487
4803,0.6217522314624931
4804,1.522107624553468
4805,0.5824886320460422
4806,0.3610512490536753
4807,1.4405814474439658
4808,0.9839799822911722
4809,-0.08596524280725272
4810,0.6549443080894499
4811,0.9516304835136828
4812,1.7212630009968297
4813,0.8819671362418621
4814,1.2284370879019242
4815,1.2994863506502285
4816,0.013036822174905802
4817,2.017057223977271
4818,0.5786864081847578
4819,1.5400003298692626
4820,0.045211843330830004
4821,1.8549423509444423
4822,1.8384097645095572
4823,1.671716220860341
4824,-0.4710414426653365
4825,0.8502780734402025
4826,-0.02556023485817247
4827,-0.0028940165780297032
4828,1.5152392118806433
4829,0.7041726103250245
4830,2.160344748242357
4831,2.0602728612883037
4832,0.9573267601508475
4833,0.7116381507403474
4834,0.4678010339943193
4835,1.7846856193677774
4836,0.9126035316238846
4837,-0.2428484546505802
4838,-0.6103559898982861
4839,0.9184823720479814
4840,-0.2830633356496233
4841,-0.02993037350506548
4842,1.5432245737340458
4843,0.37508521743712425
4844,0.7740469781060041
4845,0.9810785075749087
4846,0.8920000237297796
4847,-0.050565384707801364
4848,0.11128554773342969
4849,0.37049276533561964
4850,0.7696178518421888
4851,1.6526898201687292
4852,1.4228398440219938
4853,1.144396931438128
4854,0.8826591063542683
4855,0.5653264909420763
4856,-0.8816639658899127
4857,1.640853684214499
4858,0.9140573568477035
4859,0.4013984086444476
4860,0.47993495384162305
4861,0.1571409382067504
4862,-0.1629872711333174
4863,0.7595145255976014
4864,0.6614695643851719
4865,-0.13731467452514556
4866,0.6820106191603346
4867,1.4014444811764983
4868,1.5576411204648923
4869,0.9504542195611005
4870,0.8828281939146775
4871,1.9178071706769098
4872,1.0925148396344926
4873,1.659892891511494
4874,-0.2562441230566327
4875,0.7234685270947733
4876,2.1306651861515817
4877,1.1710732786344484
4878,1.5294041547970991
4879,-0.03374310351064227
4880,0.9256559741683908
4881,1.4138889816543347
4882,0.1676337314538071
4883,1.7981540144090187
4884,0.5683306675527471
4885,1.4279994971506513
4886,1.9726837697266442
4887,0.1721658139918564
4888,1.349247122447815
4889,0.04655322688809406
4890,0.5719677296837747
4891,1.3434149906687984
4892,0.92464774322425
4893,-0.012531582780725997
4894,-0.06561100095726308
4895,1.2246131927343882
4896,-0.02374509203452191
4897,1.2071226393454453
4898,0.5666031610685431
4899,0.17639953420493878
4900,0.5600709805113459
4901,0.7606228282205812
4902,0.16864767936058941
4903,0.7154754267927207
4904,1.3766238356599814
4905,-0.03461392891800822
4906,2.126894077144594
4907,1.7974423774678487
4908,-0.03646165724404915
4909,0.5572595956959423
4910,1.396415867717475
4911,0.1692509348889145
4912,1.309955523973024
4913,1.970622514067532
4914,1.0969761894967487
4915,1.6640701107822662
4916,0.7096803491322035
4917,1.1659323719926886
4918,1.329507501376436
4919,1.252590161019283
4920,2.1339034531564156
4921,1.3352639325896865
4922,1.5847523757178772
4923,1.5612295634723863
4924,0.9385111573556474
4925,0.532580950080266
4926,1.9142108658162713
4927,1.2848916649174968
4928,1.627908490383668
4929,1.076613498913553
4930,1.8066635183189592
4931,-0.03905672846510572
4932,0.17359137264789462
4933,0.23243132695904295
4934,1.8571577498324263
4935,0.14851396247249682
4936,-0.024741208808748104
4937,-0.14059210751240736
4938,0.2817460294673133
4939,0.026258252941152686
4940,1.1695478804602584
4941,0.4996182166134827
4942,1.6087261552043635
4943,1.8649840431652944
4944,0.9922159498304917
4945,1.9789251085975608
4946,0.7636269569337026
4947,0.20443327402387523
4948,1.2353568019879702
4949,0.5010421240555434
4950,2.1051058011447457
4951,1.8475412626556509
4952,-0.034182725496923416
4953,1.0777328506155461
4954,0.16845613185935548
4955,0.8914735648152892
4956,1.1279804231720598
4957,0.24008737109196887
4958,1.1216518135922344
4959,0.8920763370590878
4960,1.4584164894941016
4961,0.8115497737975529
4962,1.922636698648997
4963,0.32824804450638834
4964,0.35486054954607327
4965,-0.05333725070143909
4966,-0.35801643270967765
4967,0.015437495876223502
4968,0.6637070001806884
4969,2.4065369013261533
4970,0.8065667670215627
4971,1.010813496547181
4972,0.9448292624863606
4973,-0.11798020738833867
4974,1.4468186401774892
4975,-0.061913906817579606
4976,0.7506986011471931
4977,0.5711545548006768
4978,0.07859643818146575
4979,0.7560289735941627
4980,1.1592138220148702
4981,1.4627757956193508
4982,0.956024698187172
4983,-0.1837118426245996
4984,0.9441507771823736
4985,1.1403478596444
4986,1.9465496259561776
4987,0.07719434002134065
4988,0.14273416604162353
4989,1.5576702027651828
4990,0.9813242288552761
4991,1.5537371109827065
4992,0.24401526487175135
4993,0.5010599267303689
4994,1.362988289986218
4995,-0.11963767215691634
4996,-0.06105512615679344
4997,0.32115227805824054
4998,-0.09941031925868252
4999,-0.34059551694549534
5000,1.691889698867103
5001,1.5729602399504032
5002,2.127215259567582
5003,0.02988533139162553
5004,1.073237020070394
5005,1.4624040058720182
5006,1.418310738860874
5007,2.490350997558037
5008,1.2683473928084212
5009,1.740439143212961
5010,1.7811527639490565
5011,0.9659321795901566
5012,0.901141431564038
5013,-0.1304798787322879
5014,1.2781665630323538
5015,0.30044357072216826
5016,1.8965708355570363
5017,1.6074068870881593
5018,0.9413386983588348
5019,0.4267545537091861
5020,1.6529198697268206
5021,0.8614968305492957
5022,0.51146836157983
5023,2.1631235990063344
5024,0.011254290230068107
5025,0.08411604707306106
5026,0.7491821067393833
5027,1.0747549705156128
5028,1.1747717914820548
5029,1.603744341418893
5030,0.5396985198856515
5031,1.031662629304324
5032,-0.29803737745562153
5033,1.1295366491846104
5034,1.3986870938297353
5035,-0.12568765186203804
5036,0.4669036849623262
5037,1.531394246388832
5038,1.5643769359492874
5039,0.9620817724099786
5040,2.0893149201871024
5041,0.005868318462413334
5042,0.2511980761971273
5043,-0.008884668221739028
5044,1.8970387884602058
5045,-0.07207004022966636
5046,1.4107263709803608
5047,1.6093325359017157
5048,1.9584536031165802
5049,1.5862336972915025
5050,1.153607254292535
5051,0.7153662156167965
5052,0.43243896048662434
5053,1.8264929628747515
5054,0.43777315477187506
5055,-0.10274990295282121
5056,0.8481589055939571
5057,1.9932859750074738
5058,0.3707099857328564
5059,0.8341974572133687
5060,2.079856598469827
5061,0.318183695715794
5062,0.5275638411709964
5063,1.740589254612383
5064,1.4360244886841975
5065,0.8404598975506374
5066,1.2163761558082933
5067,2.056857041835414
5068,1.518139869888234
5069,1.0842357849596826
5070,0.8002813898768482
5071,1.1537874819024931
5072,1.4335080152993376
5073,-0.17783106976787885
5074,1.5516572524342274
5075,0.38186344017253293
5076,-0.02517242907298521
5077,0.3521387435207568
5078,2.003811880139679
5079,1.7899584181283918
5080,1.5345394586898962
5081,0.8946611714994568
5082,-0.1003648848626264
5083,0.8439427378174352
5084,1.8760203970649996
5085,1.2257012162453957
5086,0.4319182417049631
5087,1.648493759770179
5088,0.41500553600397944
5089,0.026941087769932814
5090,1.5331792448121295
5091,-0.017157138177262277
5092,-0.20179478629556546
5093,1.8523542746487838
5094,0.5913951572514736
5095,1.3682831871765262
5096,1.2593751466263785
5097,1.9662357371320431
5098,0.6255981245045954
5099,0.6301556243676475
5100,0.7968197293665206
5101,1.4869519566007448
5102,1.30417584148272
5103,0.9169014548146375
5104,1.4208289755325039
5105,1.2480124177414915
5106,1.2798874344996443
5107,-0.12715980471478375
5108,0.29326732653209475
5109,1.4607057763829059
5110,1.383062985380595
5111,0.9825367118344217
5112,0.12137060881049727
5113,1.1280444970609758
5114,1.6294671582377862
5115,0.4271883447146961
5116,0.12244968422799632
5117,1.4388808392189303
5118,-0.4670186275243347
5119,0.41758772084452683
5120,0.4376426124224191
5121,2.3631143868495026
5122,1.0482667139109394
5123,2.0075325464778206
5124,0.8783915205702533
5125,1.7105967238899757
5126,2.1155051011693065
5127,0.5056877086819942
5128,0.9048636649461262
5129,1.2161361637315744
5130,0.24202668860880389
5131,0.9645448375281115
5132,1.0976679436275674
5133,1.4741118510190545
5134,2.1498143982156845
5135,0.9831055388946918
5136,0.2801924305744075
5137,1.3779906105139812
5138,1.4289044643757878
5139,0.7133227380072148
5140,1.6249317976449922
5141,1.4646501792263853
5142,1.612455656990993
5143,0.6833174925609014
5144,0.033368850165761445
5145,0.4638817352327641
5146,0.8337688774513057
5147,2.2065907770021442
5148,-0.15928010795588463
5149,-0.28300032620316407
5150,0.7013649307081852
5151,1.6643801699628082
5152,1.5681113394502013
5153,-0.1635190708927625
5154,0.6362105411367993
5155,1.0692899794093234
5156,2.0350418416229124
5157,0.009516231959077859
5158,1.3770324377402225
5159,0.9984813223705699
5160,1.3353293010496197
5161,1.311227257633717
5162,1.3429199620350794
5163,1.0396653757315408
5164,1.6173125891053557
5165,1.4668733585893547
5166,1.5319986363203846
5167,1.2324840367278616
5168,0.4115946538693368
5169,0.38318344415545946
5170,0.5487114032115472
5171,1.8828020954711824
5172,1.4273448741670096
5173,0.8568765990125525
5174,0.5462459163686143
5175,1.0586449173898291
5176,1.6192463832237727
5177,0.060522332252413755
5178,1.1155416208128448
5179,1.0688295921209106
5180,2.0281604639819837
5181,1.3164004994023393
5182,0.4848288308004004
5183,0.2217131183481884
5184,-0.2014692041242668
5185,0.45957942402658036
5186,1.0338413903100205
5187,1.181969364073832
5188,1.284098451658567
5189,2.0294868430919286
5190,0.18337515194093731
5191,-0.031154104048997613
5192,1.1401625494719068
5193,1.4952314598145524
5194,1.0431831751544323
5195,1.2476478849986319
5196,1.0264463491485234
5197,1.2931483845556364
5198,0.3947473099353822
5199,0.8323130434316098
5200,0.1237876462469797
5201,0.9835732717606179
5202,0.7163317428522659
5203,1.3378632492366074
5204,-0.17228900197305624
5205,1.662435435408661
5206,0.446242250384792
5207,1.6925429893304555
5208,0.16088638019380486
5209,-0.10424606313733278
5210,0.7076774940960802
5211,1.0922190830871008
5212,1.161650487842337
5213,1.683227634114715
5214,1.3622492891561806
5215,2.1698563810340574
5216,0.9940360108104884
5217,0.18457885774672983
5218,1.326093608889936
5219,0.7556206416141648
5220,0.357877015972849
5221,2.4298088520600625
5222,0.49042225813282286
5223,0.7134088410068673
5224,1.6310212673768318
5225,0.2166965873059423
5226,0.18031829330335952
5227,0.5460192336717042
5228,0.6506750098422014
5229,0.9424213622109944
5230,1.4277374108579877
5231,0.6412411825734093
5232,0.3768495015824554
5233,0.9585482490672718
5234,2.2089528463770725
5235,0.022162633657256153
5236,1.9744493975985258
5237,1.9971797629822032
5238,1.1428939418659203
5239,1.7746389896135144
5240,1.0982428559051285
5241,2.22391536327392
5242,1.6936445032199943
5243,-0.08187408203475408
5244,-0.15440128539825496
5245,2.084894110964714
5246,1.9432937592739887
5247,1.2288578747397552
5248,0.7376193095087483
5249,-0.02662125935142915
5250,2.093064035712913
5251,1.8145455350386759
5252,-0.08498510457446029
5253,1.9151530415904343
5254,-0.0661943707232797
5255,0.3130428616386384
5256,1.0450652536882967
5257,0.8117401257144723
5258,-0.15661521310245505
5259,1.0652237296228453
5260,0.5233602694298848
5261,0.3148947358040374
5262,0.9451739095125588
5263,-0.09483838664309532
5264,1.0900577366881923
5265,0.24748244267708447
5266,0.8340117537446059
5267,1.531383353979458
5268,1.3668023153684767
5269,1.0218526281193114
5270,0.9581004889818918
5271,0.36085917230967685
5272,0.925571320952077
5273,1.7953498155014347
5274,0.7451649419926459
5275,0.6839466766889596
5276,1.326622054785782
5277,0.40216701905598634
5278,1.4864069468063528
5279,0.3406669916138364
5280,1.5206556347240454
5281,-0.02080805246773841
5282,2.3263068929347677
5283,0.3576911892895254
5284,1.1049278597085481
5285,1.1257931984738572
5286,1.0173022428111866
5287,-0.08592249337345484
5288,1.7683124634974687
5289,-0.1128579050970051
5290,0.009186096912765902
5291,-0.25374868440664516
5292,0.4435588676035385
5293,1.2401034467040364
5294,2.1438724352691416
5295,1.2812176906407646
5296,0.19360413339294025
5297,2.163028609889998
5298,1.265161761041021
5299,0.061845588145857694
5300,0.8848348254660663
5301,0.9174122661808694
5302,-0.5142830733058131
5303,0.060970770631403146
5304,1.2712791953512284
5305,2.308957568276481
5306,1.857604626398081
5307,1.3577790447199032
5308,1.9817438534336935
5309,1.8250836693546917
5310,1.4100475239523975
5311,1.8561566016227247
5312,-0.030730129232771984
5313,0.07497156436319873
5314,1.7449719636569474
5315,1.3628285768170314
5316,2.1274224308851877
5317,2.0277804356805977
5318,0.4883830365795483
5319,0.22755405622730956
5320,0.7564222470844818
5321,0.13615740822163394
5322,2.025829747738416
5323,0.4840779708519309
5324,2.3088798110372477
5325,0.830154018810658
5326,-0.11553303793608916
5327,-0.06768941243850092
5328,-0.008069470608235547
5329,0.6282087243153612
5330,0.8535885813673808
5331,0.3879512516028044
5332,0.36494900466530567
5333,-0.20210212895019256
5334,2.186829570916397
5335,0.2530687900863777
5336,2.007344631651703
5337,1.6114970398407065
5338,1.1129163821976396
5339,1.5328978446414818
5340,2.1720027611700576
5341,1.3282215638944856
5342,0.44906640953390026
5343,1.56372055086586
5344,1.0793602927946349
5345,1.3036468697316241
5346,1.5122794705781304
5347,1.0868064353782145
5348,1.3664722497883193
5349,0.059423568239957
5350,0.7981037297630053
5351,1.2092051085872022
5352,-0.1348349591064582
5353,1.4893379694724467
5354,0.08732776751742827
5355,2.200801856515927
5356,1.213282644906215
5357,1.0070464874495215
5358,0.3358473549397826
5359,1.4192686450873655
5360,0.7028903686552858
5361,1.2689993633728152
5362,0.5970449603792677
5363,0.23077659869631648
5364,1.2353698200798373
5365,0.2879092509208079
5366,0.6073107480701422
5367,0.3266566430262721
5368,0.34556768551835787
5369,0.3943007062293655
5370,1.2526977151673806
5371,2.0983259362451387
5372,1.0197004483359031
5373,2.3182580918414564
5374,1.0083744554253566
5375,0.7536581975384764
5376,0.39272940390080374
5377,0.8388887102907956
5378,0.07869984981873941
5379,1.4495929599028503
5380,0.031946163256288275
5381,2.106048189488836
5382,1.0889933454960055
5383,1.0065105745174472
5384,0.8095887931536082
5385,1.3057913448821266
5386,0.1441272207116032
5387,0.4808606728203499
5388,-0.04261433188705011
5389,1.1658451205059328
5390,0.25471487806254856
5391,0.4146670142570737
5392,2.0004850191235692
5393,1.6209034169660108
5394,-0.1133607694409463
5395,1.2386975352848069
5396,1.9933313302456637
5397,1.2840891069572034
5398,0.8116966508205468
5399,1.4880415371096916
5400,2.63286584529824
5401,0.8994766437359125
5402,0.21006289520572732
5403,1.2699489667641313
5404,1.24974087467701
5405,1.1657813767396825
5406,-0.16350991962350947
5407,0.9992540237720691
5408,-0.06623832901026504
5409,0.4027151200041212
5410,1.4312572736555702
5411,0.5746935151233291
5412,0.8963632192214472
5413,1.1782306308933608
5414,-0.5786810544189823
5415,0.4575671099257176
5416,1.142787989626426
5417,0.03845031907860398
5418,1.0536551471699185
5419,1.5481442281695839
5420,0.8700357845724763
5421,1.0244706573888027
5422,0.582148259998265
5423,0.7416758300622744
5424,0.4881604099938828
5425,0.24572518928442505
5426,1.1264719263556602
5427,1.8714632300540224
5428,1.7301195661119633
5429,1.6251997799016724
5430,0.8384712646532829
5431,1.6736955623339442
5432,0.4908213521491324
5433,0.33449342414873234
5434,0.08987757606299937
5435,0.22318850457649742
5436,1.8505280005498839
5437,2.4649272854636277
5438,-0.152902112265046
5439,-0.15296190539361368
5440,-0.9031706889954301
5441,0.8090331206410143
5442,1.3587379885641213
5443,0.20843494925739148
5444,0.6350063387252007
5445,0.468116069476365
5446,1.2112513071163273
5447,2.0046140573216533
5448,1.0370544457508888
5449,0.2782088194189569
5450,2.0406236841333176
5451,0.12678187858833928
5452,1.1708715370756726
5453,1.4016811686067223
5454,-0.40639417296591945
5455,-0.020105134583333996
5456,1.1081150893685718
5457,0.7221015125361857
5458,-0.023488574251256243
5459,1.6153803292971098
5460,0.4393392885016983
5461,0.8107299700916754
5462,1.3794984668520667
5463,1.5439654840957453
5464,2.1369164031896437
5465,0.6707049639390572
5466,1.632738898855191
5467,2.0347499261664783
5468,0.01585042529267581
5469,-0.04998928377751917
5470,0.5025830222802192
5471,-0.47903856979383264
5472,0.589431002888701
5473,1.1398164572543459
5474,1.5961111103448642
5475,2.225422785153448
5476,0.5946085719636212
5477,0.724365991055688
5478,1.1124706985010469
5479,0.7878747635414959
5480,1.0828229495988038
5481,0.274209423808361
5482,0.9067083607042784
5483,0.38247587490094426
5484,0.7815035334425927
5485,1.1057733449696245
5486,0.9767299456885092
5487,1.2632641197198011
5488,-0.06397848591124716
5489,1.154443053593843
5490,2.473890930069105
5491,1.3502372830278444
5492,0.1157868217755234
5493,0.6662173108152378
5494,1.3912466134544594
5495,0.3206754793620966
5496,2.162302494499925
5497,0.15288730531913478
5498,0.8050839023038392
5499,1.1514058288006046
5500,1.6848586059612196
5501,0.8877471243955858
5502,0.9954810468692236
5503,1.914100765413805
5504,1.0272798513808468
5505,1.404775814572376
5506,1.4673876859223867
5507,1.203192152993337
5508,1.6603314381870407
5509,0.4467656740797993
5510,0.7729928884066515
5511,-0.0708694116116681
5512,0.1749966588672437
5513,1.2566713150664
5514,1.201804897611554
5515,0.37437465856130375
5516,0.4690932251096872
5517,-0.059026751725649806
5518,0.26878730589307864
5519,0.9684437053718838
5520,0.41826127362243015
5521,1.2634600448488758
5522,0.8462497100431107
5523,0.3395573357778735
5524,1.4259458815496728
5525,1.8200776125722748
5526,0.9695587835315691
5527,2.1335808885726433
5528,0.32913911001792595
5529,1.9310644563867274
5530,0.7734311790719393
5531,1.4245167281244557
5532,0.015116802140046053
5533,0.3505287851311806
5534,1.804714340469036
5535,0.5777784123417816
5536,1.0805417787466556
5537,0.5061603293512978
5538,0.7591718892070223
5539,0.5030789161651001
5540,1.5574967576500462
5541,0.85227272184227
5542,1.0618780953165783
5543,1.5806559780415348
5544,0.564862414697559
5545,1.8026309366277118
5546,1.0969589262094512
5547,0.93283382375599
5548,0.4273951988350759
5549,1.4602067197452357
5550,0.05435909977901149
5551,0.4067375847018382
5552,-0.20016165094078864
5553,2.34980428986423
5554,1.1155182611293395
5555,0.8737480947894526
5556,1.61307002373716
5557,0.3584493491593853
5558,1.6991911841575815
5559,1.990982597323588
5560,0.5292830025114068
5561,2.1833893230663097
5562,1.024256569574499
5563,1.3452511667342177
5564,0.060322732922679596
5565,1.8661384279655986
5566,2.2070202232894265
5567,0.2031371507784338
5568,0.57742062132184
5569,1.0164565513321868
5570,0.18978142084586616
5571,-0.17440579032405792
5572,1.998036612653996
5573,0.565733818647262
5574,-0.12640341014613649
5575,0.321402385780279
5576,0.975842189546394
5577,1.1266995388121346
5578,0.3731669761681935
5579,0.6287876162444723
5580,-0.46903848073302146
5581,1.069215062134619
5582,1.4237076678090712
5583,1.7651382425507474
5584,0.6341993449001955
5585,1.452404110609062
5586,0.6971968401580662
5587,0.7356564472752017
5588,1.9627231655308235
5589,0.9918654150833262
5590,-0.04255900608262324
5591,1.1078637120075239
5592,0.12827867843669227
5593,2.098954716556075
5594,0.7031641643972222
5595,1.6153302654984507
5596,1.0854684266092574
5597,0.49264907329762775
5598,0.20366512112823698
5599,1.5290753683824794
5600,1.0228251709490281
5601,0.5056746317537675
5602,0.7214532792263125
5603,1.047733910667238
5604,0.579970807115343
5605,1.4082094842370454
5606,0.05653025431427439
5607,1.8993389405305885
5608,0.7260056273602645
5609,1.0295724861715874
5610,2.3655324451197832
5611,0.43407605139170136
5612,0.4585865969203396
5613,1.4040063463644044
5614,1.460948488496607
5615,1.489689939831168
5616,1.432201958542365
5617,-0.41494292498994256
5618,0.7727795572049093
5619,0.538408665262837
5620,1.2267720049252473
5621,2.012758820516841
5622,1.5686266233740094
5623,0.5891990705471972
5624,0.7254690599456641
5625,1.4579369262125712
5626,0.6747915530545284
5627,1.0877178591316885
5628,-0.20909568707206247
5629,0.4428523570167202
5630,1.6803774332988444
5631,0.39499369667924256
5632,0.3674735799237663
5633,0.27146435323322543
5634,1.169710638290779
5635,1.54919112686604
5636,0.29222745087758706
5637,0.7808644591145181
5638,0.7079737780883951
5639,0.8369953309576871
5640,1.0348546455851373
5641,1.5229639397827004
5642,1.7846932981218653
5643,-0.11412068086784097
5644,1.473706021147171
5645,1.9514513350107343
5646,1.3982298900314574
5647,1.2918770860444686
5648,0.6118887302522916
5649,0.9102652514730665
5650,1.3902826478363448
5651,1.1649658855380929
5652,-0.14058671882456356
5653,1.1530029153795436
5654,1.3843327048387928
5655,0.2396439030890841
5656,1.6681328559775372
5657,2.2107828259801217
5658,1.1114580716229345
5659,0.903214773658596
5660,1.9982513778700226
5661,1.060759732340914
5662,0.8404595712779679
5663,1.1194389425463656
5664,0.2621208437556656
5665,2.0350445541829787
5666,0.5055345961045992
5667,0.6591565207848528
5668,0.8037730191437411
5669,1.1120253143216772
5670,0.7823764966099168
5671,-0.15967606028931358
5672,1.6762056097852012
5673,1.1428783629929837
5674,0.21995120293240605
5675,1.8575703896779738
5676,0.8598488903997051
5677,1.1656366852694666
5678,0.6488412866075343
5679,1.8931833435792564
5680,0.4628936078309097
5681,0.5557558024027784
5682,1.023862559480314
5683,0.3481959741455233
5684,1.2824263622700982
5685,2.1408136474985358
5686,1.130211263685667
5687,-0.022635745204347336
5688,2.2050094578368435
5689,2.134720442496903
5690,1.27553577053511
5691,0.41942292071046383
5692,0.4837232623286414
5693,1.291079034728069
5694,1.500934479058948
5695,0.36528694789384686
5696,0.5902739413146092
5697,1.0891276936780803
5698,0.6694203817588564
5699,1.4662739688668844
5700,-0.3179316286854224
5701,2.2624696806609306
5702,0.7992155618822996
5703,1.062779570083006
5704,0.6346862717945386
5705,1.3801087735709054
5706,2.2226518813775216
5707,1.5633528862701258
5708,0.22212088290546506
5709,2.1377726097952485
5710,1.5924087099314193
5711,-0.006164201686791923
5712,1.1508483930012856
5713,1.8366065948293557
5714,0.6078112202313617
5715,2.0015459532944613
5716,2.3260544876987383
5717,1.123649801217642
5718,1.5870347467883692
5719,-0.27634646490047376
5720,0.9184200187859966
5721,1.3922821540274681
5722,-0.09295368639365431
5723,1.06899634014983
5724,1.0963343481091936
5725,2.1856900905343077
5726,0.024129166996778643
5727,-0.14261223719632457
5728,2.2975189526466093
5729,1.5155397292119737
5730,0.002126816488672245
5731,0.6951918279196233
5732,2.173438451903487
5733,1.2883315380597322
5734,0.873522995318114
5735,2.5316139735584455
5736,1.3788370820758131
5737,1.0885607988478525
5738,2.0465341893643694
5739,1.5814351718461788
5740,-0.0408190468640999
5741,0.8512300564107148
5742,1.21122838401246
5743,0.9810276360252052
5744,1.6155414730408806
5745,1.6950243437285506
5746,0.07606442456062601
5747,0.3835067868509925
5748,1.7682792887004093
5749,1.092158991044306
5750,0.4377423915101438
5751,0.8035278079675654
5752,0.9621694978477011
5753,2.032976771273191
5754,2.01963658066427
5755,0.03204389491453949
5756,-0.06098840853769244
5757,1.15163201726061
5758,1.1994225345827463
5759,0.4888334774589176
5760,2.0121995967689665
5761,0.15018140666679117
5762,2.0347739664907403
5763,0.7957188114214772
5764,1.151961941176332
5765,1.2360854279032454
5766,2.1671590156442666
5767,0.3733890238682283
5768,1.5388089444821287
5769,1.4897783594252498
5770,1.3381414870242054
5771,1.0398262570104482
5772,0.1329775268670818
5773,1.192744687401964
5774,0.8205375814208004
5775,0.28087588164685656
5776,0.2229255025410799
5777,1.6119960527207688
5778,0.8023504749006231
5779,0.53243507916064
5780,1.104337849352323
5781,1.4533034716996913
5782,1.7661859438613305
5783,1.4267889103603615
5784,0.9050837051817432
5785,1.208741796573936
5786,1.2076059882051589
5787,0.600379949379705
5788,0.7435821332357079
5789,1.3111211969849923
5790,0.6477992201404448
5791,0.2582426272425788
5792,1.7579525333441222
5793,2.0037766145073324
5794,1.6314113381826738
5795,1.0874420626773151
5796,-0.38752749123157687
5797,0.3581163772148531
5798,2.190398273876387
5799,0.5198274138535004
5800,0.8992969013765543
5801,1.166787682487606
5802,1.0414147479259006
5803,0.9912528603884082
5804,1.2589479623045121
5805,0.21647111258618518
5806,1.3163134273487755
5807,1.7200828052752084
5808,0.08609868180368598
5809,1.9468243296329797
5810,0.6357288158922917
5811,2.4947846299631657
5812,0.5013852557236074
5813,0.6692257092262471
5814,0.6286143652571782
5815,1.2797620001055092
5816,2.2950051562045592
5817,0.07174941546528038
5818,1.723215479871333
5819,1.0603215957823295
5820,1.3083290872390312
5821,1.9147628289476226
5822,0.5975746964883378
5823,0.388248727038469
5824,0.32799229541492825
5825,0.32607788327262327
5826,0.9249649589745731
5827,1.283637841340648
5828,0.2744128680546567
5829,2.1168079670947684
5830,0.4338943547663952
5831,1.7955343512246602
5832,2.0469693948735808
5833,0.42452749411679924
5834,1.3291572773379214
5835,0.9647059026854213
5836,1.064937220926069
5837,1.771571080103325
5838,1.5039036871687967
5839,1.096731806818376
5840,1.8145021369247911
5841,0.6069482828923758
5842,1.4979497616273558
5843,2.3589545740231324
5844,0.19124329128018794
5845,1.0713796284312085
5846,1.2470108195461402
5847,1.8755196140766184
5848,1.4939300490909835
5849,0.9797313686017437
5850,1.6961082211070964
5851,2.13499617398027
5852,0.9916697563272798
5853,0.23386772752038956
5854,0.37113563826738705
5855,0.433447502607954
5856,0.6773387657381948
5857,1.7279407817358226
5858,0.3852420655985585
5859,1.0730616178176184
5860,1.6550852312237772
5861,1.3464500151167333
5862,1.1500893580850964
5863,-0.04751313229173504
5864,0.04993729340640151
5865,0.944959813353672
5866,1.399331295783734
5867,2.056976948038838
5868,2.287099943806957
5869,0.5933310241110221
5870,0.354675882474276
5871,1.205334623440736
5872,0.9555509437939274
5873,1.9183311282465885
5874,1.0156733325742964
5875,2.054037235477476
5876,0.994390737369118
5877,1.1540062278666212
5878,0.24202918665345352
5879,0.7634622191085823
5880,0.8850567669763624
5881,0.35865836852715893
5882,1.163008059905583
5883,2.0838910780924063
5884,1.1532155177931944
5885,0.8865789654961544
5886,1.7081475164758564
5887,1.4739154774613037
5888,-0.07906803221791509
5889,1.2853105266297646
5890,1.0541817603638037
5891,-0.2492634560496524
5892,1.3496179789274168
5893,-0.2624668221329664
5894,0.1893912607667322
5895,1.118144416404717
5896,-0.1511715835579053
5897,0.4674850856254052
5898,0.6487732912739252
5899,0.2912166230486322
5900,0.06307212065925577
5901,0.7229259245788802
5902,0.36065840599130683
5903,0.3992996762470538
5904,1.0866607218559814
5905,1.572897774494145
5906,1.8067993048890039
5907,-0.2805602073420007
5908,1.939371536134485
5909,1.6617421762828926
5910,1.8105831797941099
5911,2.0210322728883847
5912,-0.013029545415517152
5913,1.5488205484691577
5914,2.0142819163905332
5915,1.710377126381974
5916,0.6250321549841281
5917,0.18198524074905603
5918,0.3335535538661529
5919,1.0835003303953956
5920,0.7578436838723414
5921,-0.031356501502141525
5922,1.4727703980682794
5923,1.6045199650576674
5924,1.3041347619227064
5925,1.624663226949203
5926,1.2055513127567785
5927,1.1520061002243631
5928,-0.07597279836363244
5929,0.1533182737131702
5930,1.7458048499788958
5931,0.7066661899965314
5932,0.9338870926742734
5933,0.3058313308792777
5934,2.235352956359344
5935,0.4390038830095022
5936,0.5848255543935958
5937,1.9504687329196824
5938,0.6834607717198351
5939,0.8968418854040958
5940,1.4797271865696324
5941,1.4485328926972958
5942,2.042483955581622
5943,0.6739011073200689
5944,1.8659611755952494
5945,2.1453556127783453
5946,0.3168177439889393
5947,0.26048770162702045
5948,0.958544545115628
5949,1.2356299513002003
5950,1.4990248927213141
5951,0.48463024243765446
5952,1.144595097746999
5953,-0.05477290565032113
5954,1.45640316788265
5955,1.9035043225759953
5956,2.0107849087344265
5957,0.8338414709613158
5958,0.4824519919008804
5959,0.7796923863068533
5960,0.4670577407122958
5961,-0.002281410768292306
5962,1.4067158208947594
5963,0.6787120735306007
5964,1.37717572826512
5965,1.3158010163271565
5966,1.4191394413237508
5967,1.9670213742160727
5968,-0.616203085625299
5969,0.9311261216813331
5970,1.0741420587096133
5971,0.15535705692851132
5972,0.641047674866073
5973,1.4872520289613202
5974,1.73833693116674
5975,0.6202179905795753
5976,1.6310740177490106
5977,1.522313803200986
5978,1.3861744588245013
5979,-0.03791940241025537
5980,1.317035764144518
5981,1.1852933079464225
5982,1.9746828429637586
5983,1.088048593995158
5984,2.175513269364449
5985,1.6325920321022171
5986,1.4032228081183482
5987,1.3176029755264957
5988,0.5311047314963075
5989,-0.8750885974413478
5990,2.0383004032876557
5991,1.7189304643869465
5992,1.1670191259938023
5993,1.493589483667976
5994,1.5853768253502158
5995,0.15450062140083595
5996,1.2578734299567227
5997,1.0670877694914793
5998,1.6498037223744892
5999,0.35051997091333476
6000,0.6375426309490257
6001,1.3665151249151788
6002,1.228593011427611
6003,1.9331963196895625
6004,0.4679743329356576
6005,1.0649106120024643
6006,1.3647824957453618
6007,0.06783420451158396
6008,1.6942294111769043
6009,0.9697150213566489
6010,1.160232432432699
6011,0.9240231882990907
6012,-0.039255594485044565
6013,0.13610668035256868
6014,0.34867999120157894
6015,0.142836750820534
6016,-0.32752009677961863
6017,0.4677102237334659
6018,0.44268450276470195
6019,2.124012265670766
6020,0.393309743597619
6021,0.8797542122582068
6022,1.411864095171386
6023,1.114495335172247
6024,-0.3522168005705102
6025,0.6084495621867165
6026,0.35096092908492704
6027,1.2651917045080814
6028,1.9122043741536339
6029,-0.16151885843944513
6030,0.5971242002060868
6031,1.684261453642543
6032,0.9123359303395175
6033,1.0986561482390786
6034,2.0940112503660306
6035,2.386981351821324
6036,1.2588787758320694
6037,1.3126256279371298
6038,0.1489577501921885
6039,0.46707792921301083
6040,2.123574730829505
6041,0.9710264506704231
6042,1.7963894452717464
6043,1.8299189534994202
6044,1.7829591522713522
6045,1.0706106735416396
6046,1.7215292106077054
6047,2.1107113285095425
6048,0.6243387332013964
6049,0.6910857750332907
6050,2.187056321415875
6051,0.6732433664764441
6052,1.9557290104823282
6053,0.1583911237675325
6054,1.2688009744526394
6055,-0.13378565649332605
6056,-0.15971717312215475
6057,1.339956250095951
6058,1.197425444987795
6059,2.051841467592912
6060,1.327862222065415
6061,0.48049731133755785
6062,1.2241710429229475
6063,2.0674681850248793
6064,1.3768380660207669
6065,1.5515312530569623
6066,1.329254516024664
6067,1.4191699351944456
6068,1.9337562686540628
6069,1.544167531775303
6070,1.1348639874174369
6071,2.0912717678208135
6072,0.7474510853616804
6073,-0.1369021170038395
6074,0.22403062389141182
6075,0.42784339697921714
6076,1.8237584809330356
6077,0.913778989883496
6078,0.22030847839201764
6079,1.4314577507922446
6080,2.0409378978982318
6081,0.7835741532034662
6082,1.276582454548746
6083,1.8726488414887807
6084,1.0188431712952635
6085,1.2409832019460016
6086,1.3239602304043814
6087,1.8299290375048574
6088,0.5363441464129449
6089,1.4584207934684195
6090,1.8850330010254464
6091,1.110697688514691
6092,1.2615769103698213
6093,0.12041491631752217
6094,2.207550988063221
6095,-0.021060190669249433
6096,-0.16213085089615667
6097,1.1100045613495624
6098,2.292141758143935
6099,0.8321107465962715
6100,2.003010407091946
6101,2.406633911265738
6102,2.0304351624816133
6103,0.17168446514178237
6104,0.21662822216776
6105,0.6431062018307492
6106,0.06202838994637828
6107,1.3599303250734713
6108,1.5936705426216384
6109,0.9506544845615619
6110,2.4667948922479757
6111,0.3020077450101805
6112,1.9300878815262432
6113,0.8451255029989584
6114,0.5564577165859851
6115,-0.0014158363632771863
6116,1.7718407126410658
6117,0.9188265305886125
6118,0.5951153802331417
6119,1.8781778285115571
6120,1.0956733061391022
6121,0.6695570155887166
6122,2.148433963078968
6123,0.5388617328149785
6124,1.082784509782091
6125,0.18720913389419772
6126,-0.08746851599946573
6127,0.3146830193676461
6128,1.6507732567075264
6129,0.045899839702191865
6130,1.5884841229992348
6131,1.2809060270836141
6132,0.6324523764326515
6133,1.5851400316104287
6134,0.5990517673049319
6135,-0.22416453947618759
6136,0.9513457072421001
6137,0.2892922208344055
6138,0.21380124703296569
6139,-0.3609926535943555
6140,2.0377921586190477
6141,-0.1529887831330315
6142,1.2749133334243228
6143,0.09530955093149075
6144,0.9607575269977536
6145,0.2791280217946047
6146,1.1553526522138533
6147,0.6921219148612154
6148,1.541503097534991
6149,0.48690573178563573
6150,0.9445820139936412
6151,0.5797129549782116
6152,0.3770986093652199
6153,0.5769678334622945
6154,-0.02566722120271614
6155,2.033791114778656
6156,-0.16498447573869662
6157,1.2227244648866034
6158,0.8120581125517472
6159,1.3439977207725176
6160,0.35453493648895873
6161,2.160245467493912
6162,2.102007973190033
6163,0.07990284459638414
6164,1.3148507037630446
6165,2.04172782322846
6166,1.663691623646453
6167,0.7293111708272734
6168,1.207830837378771
6169,-0.033771962907181347
6170,0.5630960082858458
6171,1.4720173175183182
6172,-0.1231612766002469
6173,-0.03231197672774065
6174,0.905232623640485
6175,0.08966252830668632
6176,0.4233166857112327
6177,0.44151814827028496
6178,1.0456392869660294
6179,2.187056430020984
6180,0.11455470754694136
6181,1.2694796760812939
6182,2.11649505990201
6183,0.7646780566323501
6184,1.8369296265651616
6185,1.416923384793558
6186,1.1242855465211083
6187,1.6325764837350547
6188,1.7374240001228969
6189,0.9726900445849326
6190,-0.5787907699271677
6191,0.295038974073803
6192,0.024229543773019443
6193,0.6323601759928588
6194,1.054217375740438
6195,1.3449166094058536
6196,2.103040158651325
6197,1.5842159260943016
6198,0.3832631636090099
6199,1.0874234389317654
6200,0.9685133079880862
6201,2.6921425105783086
6202,-0.183673669577285
6203,0.3326310999880724
6204,0.6332125532374613
6205,0.36468009025789117
6206,1.3510432449441563
6207,0.8401517737634506
6208,0.6613618127867639
6209,-0.474018159741514
6210,0.6535111252036097
6211,0.5107033549286129
6212,-0.3260080188973902
6213,1.334554638917307
6214,0.5442866883768476
6215,0.838447571874071
6216,0.7740643628215462
6217,0.45464674272230854
6218,1.447631293820971
6219,2.0740493556187953
6220,2.19854884598021
6221,1.6987318726893799
6222,0.8503197710755857
6223,1.2208340459032971
6224,0.4062502017439734
6225,-0.1777110478301602
6226,1.7271078245012317
6227,1.430131740321612
6228,0.757637402425281
6229,0.5459780785412117
6230,1.6238292474829032
6231,0.3118214284450021
6232,1.88761069792805
6233,2.146476230409848
6234,2.0823031122477644
6235,-0.02165563266596606
6236,0.3439190142807589
6237,1.4974020299985917
6238,0.6277405068561781
6239,0.22852158869182057
6240,0.5565949585263213
6241,0.8743447643138329
6242,1.0579208942665954
6243,1.1415231414842228
6244,1.0276578856039302
6245,1.1378540796936751
6246,1.4249039671512085
6247,1.67902094163276
6248,-0.1283109635884526
6249,0.5035627722487124
6250,0.3292433096368338
6251,-0.07678600295393934
6252,0.38300715362936827
6253,0.2639613551703017
6254,1.767377026367972
6255,0.17858224678889204
6256,0.17576092250422815
6257,0.7178624999869233
6258,1.7871518056775482
6259,1.3803480006889637
6260,1.629901388951528
6261,-0.03040654047590178
6262,0.0655718677509313
6263,0.9602207958195441
6264,1.425229959926828
6265,0.14912388133850368
6266,0.6404090840691327
6267,1.2911299139107952
6268,0.23139408793843536
6269,-0.2033930445233512
6270,1.3833791767565133
6271,2.0150463385123834
6272,0.8064984626511266
6273,1.9654804701800765
6274,1.064212057928541
6275,1.4301837402338338
6276,0.9152818599269127
6277,0.1904856215134091
6278,1.3252598925252665
6279,2.0964910741090494
6280,0.34529150927742674
6281,0.10914160096201068
6282,-0.05357077716622302
6283,0.7254910892327311
6284,1.2821256516194464
6285,0.019330863600264786
6286,0.44287244364421086
6287,0.7887730812815142
6288,1.027255422318524
6289,0.46983762166081405
6290,1.7898329628617347
6291,0.05769772656717119
6292,0.9382509592387954
6293,0.46013913872043405
6294,0.9863669232323711
6295,1.61425433510433
6296,1.7980728115768982
6297,1.0951233175961832
6298,0.007411782377139978
6299,0.5579034367145683
6300,0.3013691893078005
6301,1.2704701905877884
6302,0.571751818126606
6303,0.8581251704080526
6304,2.0523383944146536
6305,1.0001552638220734
6306,0.6510287875557561
6307,0.2534232899042079
6308,2.179610438981459
6309,-0.4094033427774009
6310,0.022679062039862353
6311,0.952282998362145
6312,0.3114117304715393
6313,1.1940126320579838
6314,0.9904843673783191
6315,3.5341742245888597
6316,0.022800307555412652
6317,0.6077059856374304
6318,1.8606851684178676
6319,0.9817077950988194
6320,1.1007719763051445
6321,0.17682321259920544
6322,2.2183648202638495
6323,-0.3779768462117409
6324,0.4519642411501135
6325,1.1764187750825512
6326,1.0551265444793012
6327,1.5047761924364675
6328,2.1603962165886346
6329,2.1206254065989643
6330,2.0029625646579134
6331,1.5724944054695857
6332,0.8592734413434997
6333,0.016808627698152213
6334,0.8707551747243087
6335,1.0896465313727521
6336,-0.009315595645302648
6337,1.110527092740817
6338,0.42154719982870226
6339,0.6182964479197516
6340,2.0747707134056204
6341,0.855963747666827
6342,1.3522099757754584
6343,2.0061627248061478
6344,1.4014869217534573
6345,0.785526356397665
6346,1.4272845733644954
6347,0.9532958843359257
6348,1.0854337484596641
6349,0.908474305868809
6350,0.40523745635462605
6351,0.4607868698190804
6352,1.9992092576624698
6353,1.8675898033115943
6354,1.8951386516789261
6355,1.8264156092449184
6356,-0.21358009323425114
6357,1.1922842366929514
6358,2.0136204067354115
6359,0.9739185005123677
6360,0.7072203922449013
6361,1.152224733379255
6362,0.17680291120243605
6363,0.7983649322600341
6364,2.579915878349807
6365,-0.2395983679377553
6366,2.2320975263264886
6367,0.9644179362336109
6368,1.3286021793645122
6369,0.5876346822122152
6370,1.2885717407721176
6371,1.3396880153028072
6372,1.121148032542409
6373,1.4348899305669263
6374,0.9733674440518075
6375,1.739053989529475
6376,1.7269873514506202
6377,1.2173283499079672
6378,2.0355647265771597
6379,-0.5517425530381106
6380,1.6174135851389413
6381,-0.05786248910427905
6382,0.4423138754058647
6383,1.7449592331718016
6384,1.1517132994170365
6385,1.3423417226882275
6386,-0.1426459070860273
6387,0.6187403323166997
6388,1.3673965392542387
6389,0.6039090557652198
6390,0.12570530476948527
6391,0.27210223963619995
6392,1.1593193930044752
6393,0.8254518473704202
6394,-0.08093596726995089
6395,0.2150543740538107
6396,1.9161406735933237
6397,1.2690982090559721
6398,0.6793106402291285
6399,0.267058987221384
6400,2.0768437585407975
6401,1.1647055738916132
6402,-0.1180502694411725
6403,0.603577642959097
6404,1.6338787710303082
6405,1.9353347581530265
6406,0.14712071045392983
6407,0.7846935398349938
6408,2.046996800924837
6409,0.4212259839194996
6410,1.7483251101058024
6411,0.06591746479174446
6412,1.0262172222790196
6413,-0.38933557349859943
6414,1.028035740836869
6415,1.5102286416553987
6416,0.6717167650343142
6417,-0.3807662258459209
6418,1.424004975929793
6419,1.1982455163210606
6420,0.26424518271720165
6421,1.0627402084826998
6422,1.0704796326160226
6423,-0.02337576117242096
6424,1.4662349126017185
6425,0.47993513095205714
6426,1.5961570578007347
6427,0.3768004498402548
6428,1.5908084248489947
6429,0.8312108162977148
6430,1.5505851372329182
6431,0.6267549166345554
6432,0.8099477847638572
6433,1.2183169314347464
6434,-0.024389763129775567
6435,0.8316407850195288
6436,0.9699239571831983
6437,0.8702904680687743
6438,0.09480476826712389
6439,0.10457866082294252
6440,-0.7977828665976227
6441,0.8569416335995674
6442,1.3936399872914034
6443,2.0530032602689783
6444,1.1338911324920105
6445,1.1604731560029882
6446,0.7624952939956654
6447,0.6154535929351542
6448,0.32845359046841327
6449,1.2350611295328382
6450,0.45480522145918667
6451,0.9680057534451625
6452,1.52797585307834
6453,1.3584712245144885
6454,-0.042476083844682794
6455,1.32375031758275
6456,-0.33342922848477474
6457,0.6264596667422047
6458,1.1461222812069072
6459,1.5053482314615887
6460,1.8987036741704435
6461,1.0178482315289494
6462,0.3353397458672079
6463,1.6942640172020837
6464,1.1130284244608346
6465,1.3744826883658703
6466,1.653951394913427
6467,1.2751858885728518
6468,0.013985949488812587
6469,0.7346791193433315
6470,1.1393574483620195
6471,1.6363485667064754
6472,0.9839295594633893
6473,0.507875458324144
6474,1.8825932077334273
6475,1.066998684785774
6476,-0.37553744593192134
6477,0.33664951188845155
6478,0.9802804573071633
6479,0.5933337973245385
6480,1.252765696027279
6481,1.7167638240945298
6482,0.4805364073850093
6483,0.06281038322379585
6484,0.9700000756484065
6485,1.078264195800446
6486,0.2362822938623583
6487,0.8584809318639965
6488,1.0672841629248693
6489,1.329441631748268
6490,-0.03259317498860547
6491,0.9494227408742723
6492,1.6520609123844217
6493,1.5156379252458447
6494,1.2380661305157588
6495,-0.3182236660439744
6496,0.9198315291055025
6497,-0.051278195067738425
6498,0.7152870397318367
6499,-0.1750171264368488
6500,1.5778399354047552
6501,1.4658022017657832
6502,1.0511261769198614
6503,0.18021473886170453
6504,0.25799982537567456
6505,0.47016530879512247
6506,1.0178788738269438
6507,0.2047551744782462
6508,0.9908592540690938
6509,1.4263131748349795
6510,1.0972770422432638
6511,0.4095096990176873
6512,0.5452260961036651
6513,1.3477959239734618
6514,0.261581878166951
6515,0.5317179387084566
6516,-0.1277445083131048
6517,-0.03965433162244957
6518,1.7946131547353785
6519,-0.6947460060574933
6520,0.5187030864269321
6521,-0.3376807624491776
6522,0.7025008103433683
6523,-0.37633121333701297
6524,1.7457995836248696
6525,1.74631530328814
6526,0.2699473592762158
6527,0.3937330663868382
6528,1.8415806326260122
6529,1.2705010555481053
6530,0.8520034356878914
6531,1.6198586203058007
6532,0.9872035719789309
6533,1.7619265775059405
6534,2.073935352239942
6535,1.1457576602323585
6536,0.8046517761070446
6537,-0.035818921434234645
6538,-0.07124997342632845
6539,1.1145359062159061
6540,0.6787281749297054
6541,0.8185453111955225
6542,1.1753114844933352
6543,0.36532874968446544
6544,1.7802352735368472
6545,0.4667986096803775
6546,1.0262079244058415
6547,1.7773196222562948
6548,1.9024822435007704
6549,1.4866463620926604
6550,-0.015649130857416545
6551,0.3148916777984395
6552,1.1416251474192307
6553,1.2628307229531317
6554,0.5756783865422246
6555,0.8846176403359084
6556,1.2252489062039769
6557,-0.20627561562132052
6558,1.2650779725396863
6559,0.17012137294701607
6560,0.6397840006512132
6561,0.33387355708728733
6562,0.9939497752145875
6563,-0.02648308210013421
6564,1.7287829439626603
6565,1.3745082860954385
6566,1.5115277968206937
6567,1.4767317495373398
6568,0.6450986993276605
6569,1.7644342024712474
6570,1.951525686093728
6571,0.9595963548823446
6572,1.0347009439475454
6573,0.6590596512381656
6574,0.4559425491955648
6575,0.9229320855598522
6576,0.4265687547028295
6577,1.0406780140152816
6578,-0.1365008822834831
6579,1.0156015139632497
6580,0.7412335948329464
6581,2.2285362473854855
6582,2.0277992345751783
6583,0.44513607895624363
6584,1.1023095749986944
6585,0.7627750534474234
6586,2.1829092328333246
6587,1.1967312218598263
6588,0.7819173524383992
6589,1.8483843478206798
6590,2.0522637552234846
6591,0.7889992418114229
6592,0.37070481549169587
6593,2.1388322925225784
6594,0.3968120614097142
6595,0.8342138114866955
6596,0.3525152359771943
6597,1.1865164425684969
6598,1.7389610287467012
6599,0.9584513261535796
6600,0.7963934786580776
6601,1.9992572789167289
6602,0.6711900909952698
6603,0.4443270323542719
6604,2.6446053199824835
6605,0.4366613163218781
6606,1.9826598521888636
6607,0.25741977882818545
6608,1.0785509458855866
6609,0.04368894936420734
6610,0.5941058198846567
6611,1.248988841235437
6612,0.9868640907082777
6613,0.4745381994874327
6614,-0.16185830991820843
6615,-0.08345259708606709
6616,0.7280329163260237
6617,0.7110807481966632
6618,-0.1708504133005128
6619,0.3522012619491161
6620,0.7317644128817085
6621,1.4806104100572361
6622,0.3743929973947035
6623,0.02913146053935122
6624,1.2455433258386952
6625,0.5495610058727562
6626,-0.2637998538452654
6627,1.2025938608871378
6628,-0.04364009706961737
6629,2.0463239680661975
6630,1.6872558626360141
6631,0.7635160123628626
6632,0.6264688623436732
6633,1.9957008718222162
6634,1.996988281117895
6635,-0.2062245985194571
6636,1.8512199336772277
6637,-0.011900111390858614
6638,0.7054686323164555
6639,0.2764556755358152
6640,0.14569103426772664
6641,0.2302025685594931
6642,1.4146761398683365
6643,1.336632460711221
6644,1.282662582462628
6645,0.767700637535406
6646,-0.11538098493682075
6647,1.6241123683294911
6648,-0.0962764174494808
6649,-0.250399939878895
6650,0.32909921038941087
6651,0.34298162363226975
6652,1.001628150481962
6653,0.4598896808070334
6654,0.45750636156560176
6655,1.449869792230544
6656,-0.193310901569862
6657,0.4237644377004183
6658,1.6650914258617477
6659,-0.16982982988557963
6660,1.7217697074984524
6661,1.6900921400007478
6662,1.9927150065978207
6663,2.060798445491772
6664,0.25935913348777706
6665,0.6591345942955233
6666,1.2584961998184538
6667,0.861596224813158
6668,1.3669711796765271
6669,0.321003531847545
6670,0.718716378307477
6671,-0.03350007760731214
6672,1.4085748768329729
6673,0.7780272885636725
6674,1.6364798030580918
6675,0.07721973240561418
6676,1.9090183847573545
6677,0.4684415610766534
6678,1.458017733583925
6679,0.6185741772583654
6680,1.0860552007696243
6681,-0.021341267535810476
6682,-0.00034750325545967325
6683,0.9266194235707456
6684,0.8544934287269668
6685,0.5001940876565103
6686,1.5416473533530262
6687,0.42194112971281567
6688,-0.13716757851162567
6689,2.1766324309901135
6690,1.406542368651193
6691,2.016013752251983
6692,1.0073735902515883
6693,1.4370865457055786
6694,1.2597317405036352
6695,0.42472070819633395
6696,1.9643708939573157
6697,1.0493521451385512
6698,0.20499076046790368
6699,1.4274851856362802
6700,0.20942111095542448
6701,0.9196724913473858
6702,1.4334777511632681
6703,1.5203238803198769
6704,1.2314692979421649
6705,1.3269337897655262
6706,2.4101717077246763
6707,1.9959271945232546
6708,0.3975137017713511
6709,-0.09401284109823796
6710,1.684539311122482
6711,1.1454775123097403
6712,-0.08509005877383995
6713,1.688714497554922
6714,0.6432510637895892
6715,0.7508536826192397
6716,1.0364829830425486
6717,0.4481293768441936
6718,0.012104419164078117
6719,0.5214499308355276
6720,2.116235726536855
6721,0.7395311213753394
6722,0.6745144326242214
6723,0.16822894116764597
6724,0.016966620521781925
6725,-0.19083502408158923
6726,0.4308097636447471
6727,3.122240697839211
6728,1.5831526573973966
6729,0.9423816833005508
6730,2.4624801388251014
6731,-0.13362449879467653
6732,0.34421696775377914
6733,0.5704766992767958
6734,1.035446519287771
6735,0.6248738856453945
6736,1.1672311374215012
6737,0.6489428713729989
6738,0.3144050663793131
6739,1.5212389757905986
6740,1.2937581313948712
6741,1.4855180575881284
6742,1.3015016481497224
6743,1.7132101467655478
6744,1.4237256979964317
6745,1.7185529031355788
6746,2.045779899102477
6747,1.3451030628860452
6748,0.24415162045837885
6749,2.1457656741203963
6750,1.2734976817630477
6751,1.7895562218333683
6752,-0.10523272209588727
6753,1.337284761097908
6754,0.8270916142947683
6755,-0.43995413727542626
6756,2.111568078782207
6757,1.2893762561403275
6758,1.7193716153188028
6759,2.1729824492534062
6760,0.5661015701555058
6761,0.30354539815662235
6762,-0.10743187701438062
6763,1.7396413627709544
6764,2.015110361263523
6765,1.4617814849747626
6766,0.7107336125162036
6767,2.118951636728644
6768,0.6999583305329835
6769,1.713468956859105
6770,1.7385439942292935
6771,0.5858881596717257
6772,1.6739429166824937
6773,1.7131821024690435
6774,1.0694130204755692
6775,1.9622347106199054
6776,-0.15674521369053085
6777,0.5724908334041058
6778,1.7460794058243085
6779,0.5213579640163069
6780,1.6194458608979774
6781,1.145867164680001
6782,1.0643762847381644
6783,0.6248221226869498
6784,1.0255070218295437
6785,0.5609486855504572
6786,0.37125339207389585
6787,0.7931863020733133
6788,2.0150593338263327
6789,-0.01549615751800655
6790,0.8885695647644966
6791,0.29987270963524343
6792,0.7598070128275376
6793,0.9392268498781525
6794,0.4376213827596758
6795,1.5176897697203315
6796,1.0355346307569318
6797,1.1444014677994385
6798,2.019911628252194
6799,0.10623874642328163
6800,0.4834257381459215
6801,0.10365142658314887
6802,-0.16520283317136986
6803,1.0820257245705014
6804,0.39271183286815153
6805,1.8724795231496174
6806,0.9225607556705456
6807,0.358834173836541
6808,0.14883075663448678
6809,0.2778874928600677
6810,1.4866283879827222
6811,0.4753433848926004
6812,0.362004808117321
6813,1.3224451511734456
6814,0.5940793225558746
6815,1.8030199194768979
6816,0.7646164956271222
6817,1.4103505178646794
6818,0.7731426637016146
6819,-0.0401931724517135
6820,0.9647111096689863
6821,-0.12205799447802398
6822,2.107712465494427
6823,0.4355925189815474
6824,1.6186092117120727
6825,2.0812309617595983
6826,0.853444815757907
6827,0.6187844682565845
6828,1.0153093164272016
6829,2.4660340015836866
6830,1.450065693172831
6831,0.21432742612221944
6832,2.497461530365429
6833,1.2342521186551216
6834,1.1198984280022881
6835,1.7653784752044337
6836,1.7658237830032146
6837,1.1987925293614325
6838,0.826390442140164
6839,0.0077449660479514335
6840,0.6308055293570488
6841,0.7136686295559576
6842,0.1475782345724258
6843,1.5799306235361714
6844,0.6755142582778071
6845,0.4612368502529219
6846,0.9542200650941858
6847,0.4186048564357059
6848,1.1602094416247315
6849,2.0627511700116754
6850,1.501299937652441
6851,1.3939929356170728
6852,0.8271773002864506
6853,1.516941095953652
6854,1.360980792600631
6855,0.670012135362997
6856,1.6049836658174745
6857,1.8162365960097067
6858,1.4117429745050392
6859,2.2675752831987057
6860,1.2830817639199006
6861,1.8428349476223256
6862,0.002961881758059934
6863,0.5485072955256399
6864,1.561029335887524
6865,1.2206610506737738
6866,1.689993560046339
6867,-0.014389370632809227
6868,-0.19426536730623226
6869,0.9681233310466125
6870,1.8136121051080067
6871,1.3092743967328777
6872,1.2794135178575505
6873,0.7456692622059998
6874,1.8306245844889095
6875,0.7653397617517793
6876,0.37716478790725116
6877,0.5336440376169876
6878,1.1857645200785851
6879,2.0434285260329768
6880,1.1592051190061339
6881,1.7764145961801254
6882,1.6979342484686213
6883,0.4415834986589349
6884,0.7957252430194856
6885,1.2342149351938387
6886,0.510316759450738
6887,0.1410100730428607
6888,0.6071929431605946
6889,-0.08897462831341718
6890,1.7583811295540306
6891,1.6651919270638968
6892,-0.3277399799216667
6893,0.05006827821324397
6894,0.20998895506418572
6895,1.5472702566555712
6896,1.3429151505719776
6897,0.9172561739440752
6898,1.5959237670434026
6899,2.0597497932077786
6900,1.2093171278933004
6901,0.7662967105775108
6902,1.0785668963446498
6903,1.2833776516481206
6904,0.22469412102646166
6905,1.8400768979167887
6906,0.32799608153719695
6907,1.1869516033490202
6908,0.9459472881476123
6909,2.1172390723263472
6910,1.0192219027638045
6911,2.2126918238038313
6912,0.06554510955568393
6913,0.08688295275482726
6914,1.6691354221511416
6915,1.2520652420129872
6916,1.3497053885415575
6917,1.4556157569879935
6918,0.9776999465512788
6919,1.9661061618277633
6920,1.5999229757326032
6921,1.675473718259925
6922,1.4906809216976407
6923,0.847040898714632
6924,-0.8074634605543544
6925,0.6519483721405402
6926,1.2899109137543674
6927,0.42078828136791685
6928,0.4355056934743267
6929,-0.5347102482258692
6930,1.4048603434631664
6931,2.0981544596249044
6932,1.2395858171589655
6933,1.1867949327202205
6934,1.4044861294258189
6935,1.5505597507409465
6936,1.3076004288767757
6937,1.152367811617363
6938,2.1699621039841097
6939,-0.2032651552024767
6940,0.05033751061771859
6941,1.2393957467408365
6942,1.5451016687475092
6943,0.3122087897503492
6944,0.2837971493526034
6945,1.34015102196039
6946,0.5046174020695242
6947,1.4437949465510682
6948,0.8826852797393422
6949,0.386888486925165
6950,1.4255824521201226
6951,1.7328870226367497
6952,1.6714343419277176
6953,-0.30391484709636946
6954,0.3263569504078086
6955,1.8011683445403768
6956,1.360978916098421
6957,1.0687533849066138
6958,1.7496960022820547
6959,0.592973307620276
6960,0.12030543505004138
6961,2.0107751463753907
6962,1.5114668312616462
6963,1.4147338012414086
6964,0.625049819128155
6965,0.04019575590522219
6966,1.3730458613484344
6967,0.42118855219712514
6968,-0.09311498302741784
6969,2.326572463370273
6970,0.37716628650931483
6971,1.0413667907984956
6972,0.3492857794014853
6973,0.9164933847116732
6974,1.727756763759529
6975,0.8222334160866084
6976,0.02932537876245177
6977,-0.12858724093840337
6978,0.6862550856422674
6979,1.4445546434256238
6980,1.3790019981795192
6981,0.45985413624627497
6982,1.840658660480894
6983,0.6693743735970745
6984,0.5890346390603366
6985,1.099974388454708
6986,2.1013673232496757
6987,0.9105656121931358
6988,1.8083674059800956
6989,0.23827798714695927
6990,-0.1342796620768721
6991,-0.3638008930747047
6992,1.4618590295473546
6993,0.5717113150890002
6994,0.36011573602384395
6995,1.1576679007936885
6996,-0.11779134681387296
6997,0.9731895299487578
6998,-0.0665908430691854
6999,1.1919659616125473
7000,1.7513046435989892
7001,1.1959698686235336
7002,2.113851218493292
7003,1.585274400062906
7004,1.2283691843013642
7005,0.4619782967425466
7006,2.047956682010119
7007,-0.008093866558065474
7008,2.0944401113550972
7009,0.5154542720916117
7010,-0.034424438258849124
7011,-0.07048936617104334
7012,-0.1647222764720939
7013,1.313487591341313
7014,1.3348172501809277
7015,1.9213333060652555
7016,-0.022951724570145465
7017,1.2898085348886816
7018,0.48921055298364846
7019,1.3466541443991913
7020,1.4923637310524214
7021,1.590467474554055
7022,0.9731723090455575
7023,1.7848899604618012
7024,-0.08102856713253148
7025,0.7992605803620603
7026,2.5212970857695742
7027,1.0770501716078886
7028,2.05658038459313
7029,1.1142165063395575
7030,0.45065770936868044
7031,1.7368685985301748
7032,1.656306003022262
7033,0.7243313016744151
7034,1.7820974825605038
7035,0.1679797843819656
7036,0.6319087374415433
7037,0.3091752386611303
7038,0.015929835672143317
7039,0.7883397456995055
7040,0.47487971788357736
7041,2.2452304495611655
7042,1.122976893670886
7043,1.6091827312006242
7044,-0.12295407047051476
7045,0.08987503978473052
7046,1.0718903715887325
7047,0.5155061574228585
7048,1.279513602409648
7049,1.3114712965689939
7050,1.1321522661964183
7051,1.1180311360265214
7052,1.361417578523378
7053,1.1637193137291355
7054,1.9102549412367278
7055,1.8353869197849422
7056,0.420935206887019
7057,1.3048617891951004
7058,0.9215764569964251
7059,1.5035366755384956
7060,1.7022519422068536
7061,1.7806541236035178
7062,-0.050230189298440656
7063,1.1387928849480142
7064,0.7596034137519292
7065,1.177310360752435
7066,0.9651841674838485
7067,-0.2917366284660773
7068,1.9983998044020734
7069,-0.07005096618393257
7070,2.459289831815608
7071,1.5481406707069731
7072,2.1081217515976007
7073,2.0690224187624757
7074,1.9614316350578633
7075,2.0294920086086217
7076,1.8784992940363716
7077,1.2458534019431724
7078,0.7362258386913639
7079,1.250002463456115
7080,0.6027819125583089
7081,0.5920144569240278
7082,0.07336727726500145
7083,0.7886320855911989
7084,0.927389554161098
7085,-0.08272220109329464
7086,0.43203815346361124
7087,1.4199013502174818
7088,0.6365034640035043
7089,2.088034488351716
7090,0.8261895966905758
7091,1.3435994178954707
7092,-0.1357835287925745
7093,0.5083734012663121
7094,0.14736157905593797
7095,1.156312148134995
7096,0.2671379179278823
7097,1.4039253980949067
7098,0.4672288472554056
7099,0.804330901334851
7100,1.9708372393650562
7101,1.0926271690402178
7102,1.112393673381285
7103,0.5844144566792728
7104,0.18332734962807565
7105,2.0563619867380836
7106,-0.00787787013551261
7107,1.710034165906963
7108,-0.31915487786463803
7109,0.8251855197772282
7110,0.5768508213525245
7111,2.22698169377333
7112,1.7923780480245528
7113,-0.18069099571916178
7114,-0.288862017106803
7115,2.2544719763448926
7116,0.3262519000989633
7117,1.5231891071799668
7118,1.533673377847889
7119,1.7965519147636604
7120,2.096033615984176
7121,1.5057251131073972
7122,1.7683705603563127
7123,2.0171234866428307
7124,0.609991611736909
7125,1.774212885733474
7126,2.3928986091232782
7127,1.7485659211875992
7128,1.1002123804652508
7129,0.47522339624673904
7130,2.0344568908788565
7131,0.29799196188896665
7132,1.7757493693824349
7133,1.4271494878812099
7134,1.3528089809875325
7135,1.1066126019010096
7136,2.0104396152564106
7137,-0.021647736267872232
7138,1.8084261324204447
7139,1.6819838927922253
7140,1.9801944711127553
7141,0.8332706807522385
7142,1.309804868754403
7143,-0.1793947433419734
7144,1.6737754216733878
7145,-0.36645725490872366
7146,-0.01403148379290933
7147,0.3825286474129344
7148,1.7806240403850477
7149,1.8836592105580554
7150,0.23275426963245444
7151,1.6783861059432559
7152,-0.24468189851020195
7153,0.7309638967546548
7154,-0.21100155454066183
7155,1.0877170273203758
7156,1.1116783563508614
7157,0.34991452937946504
7158,0.8604279022551004
7159,1.7182687017600213
7160,0.2535540929020148
7161,1.5968905136127909
7162,0.48466971721411933
7163,1.528216096531388
7164,-0.05454295737851547
7165,1.2059285401824105
7166,-0.11171928381243643
7167,1.3658422060530662
7168,1.175046576886725
7169,-0.03211618373165875
7170,-0.23180479552885275
7171,0.8607957958154199
7172,1.3811619570911269
7173,0.515038912844771
7174,1.1537385286203699
7175,1.993963065562068
7176,1.6979010239444225
7177,-0.153952551946909
7178,0.9309735102316763
7179,1.797816175539772
7180,2.088955967322074
7181,0.48322675867217696
7182,-0.15903499202169344
7183,0.5962904100191955
7184,1.68623807102992
7185,0.9811541183865022
7186,0.3907292014932094
7187,1.219496855287041
7188,0.28873587179939025
7189,1.5143826715895923
7190,0.7009246841366386
7191,0.4804100063261085
7192,0.880333609969451
7193,1.411974280332772
7194,0.06725707290520264
7195,-0.021703262490071124
7196,1.0141329651109339
7197,1.1661942397155647
7198,1.0984411139001173
7199,2.2643488982670377
7200,1.61327204421286
7201,2.1467500230258474
7202,0.08280301781846827
7203,1.882184667840729
7204,1.1572681210816023
7205,1.9868769171016507
7206,1.0615394170920758
7207,1.977907732984689
7208,-0.3588963340951964
7209,0.808122147889221
7210,1.5430659236608861
7211,-0.03131040128862786
7212,0.676766043488709
7213,0.8867379769462851
7214,1.8755104211602915
7215,0.04327227813913762
7216,0.7938400388051008
7217,1.3124145265477614
7218,0.016922188779706353
7219,2.1485098939800378
7220,1.2478979909384553
7221,2.3378637376941698
7222,1.0392870776013923
7223,-0.16313081374568708
7224,1.5374399659375804
7225,0.8960441667533392
7226,2.1536964401603935
7227,0.2977489520376513
7228,-0.28711995784415806
7229,0.7465819434674458
7230,1.9806215287824085
7231,1.0443043318246856
7232,1.1444952057624689
7233,1.770180096686154
7234,0.8727124459163159
7235,1.768019904115133
7236,1.2684402947956592
7237,1.5360489717312424
7238,1.988632714456389
7239,0.9070699869858205
7240,0.3937077170644899
7241,1.5838513048275196
7242,1.8170212459745798
7243,1.3610702892776991
7244,1.7957965112544814
7245,1.411301001090861
7246,0.745559402578655
7247,2.0679864768274014
7248,1.436793412151596
7249,1.0857097974499275
7250,0.5327530738222946
7251,-0.06287399891915965
7252,1.21638418477213
7253,1.7648871711306366
7254,-0.21029347019430228
7255,0.658501680535092
7256,0.6183460593109082
7257,0.07864932980925111
7258,1.739102338287706
7259,0.846180002147569
7260,1.500303186425248
7261,1.6870474432013365
7262,1.036386493881582
7263,1.0497320057687038
7264,0.2382312700702979
7265,0.29726851574744084
7266,1.0704922552328169
7267,-0.006580771255086319
7268,1.788141104617133
7269,0.04792952392547397
7270,0.8734089648479982
7271,0.7556444528046572
7272,1.1028748197000953
7273,1.4401575486709681
7274,1.1063066838313176
7275,0.12613738661992624
7276,0.18433955626028448
7277,1.6775192908514982
7278,-0.02873242742635284
7279,0.3270720420096396
7280,0.6243427222962185
7281,2.1640300378617123
7282,0.35997663097587324
7283,0.7351181328525579
7284,2.1437775426128387
7285,1.2525688349897994
7286,2.171480646534527
7287,0.7532868618881549
7288,1.650321800250198
7289,-0.2153949556707022
7290,1.3539816707534669
7291,1.921192054923649
7292,-0.43028999145804586
7293,1.4947403604874077
7294,1.2731931303587087
7295,0.2880117167007107
7296,-0.026138041726351105
7297,0.09252924853253894
7298,1.2695501934531266
7299,1.0705239632985022
7300,1.4598087106266777
7301,1.1991317634373406
7302,2.1429450559620804
7303,0.383218433808007
7304,1.6927746613497408
7305,0.5962664345389819
7306,1.6633204834357145
7307,0.6984400459044837
7308,-0.7423953012487234
7309,0.07323682089103883
7310,2.014642796290116
7311,1.0866368432875317
7312,1.4392238447267893
7313,0.5779772058765119
7314,2.1282963336323877
7315,1.140898639144656
7316,2.100168031789213
7317,0.5464482979804116
7318,1.1685551159369458
7319,1.5503106850602386
7320,0.2772478736575801
7321,1.650535190898188
7322,-0.2986822602610972
7323,1.8228740524864426
7324,2.062282187965208
7325,1.3679645081630687
7326,-0.5654006560031655
7327,0.8648619463947381
7328,1.4185789537074294
7329,-0.08153740953482967
7330,0.9923245603256736
7331,0.8646439234604015
7332,0.4238921715979813
7333,2.157638671262958
7334,-0.20097475330499254
7335,0.09962845607148656
7336,2.0215245779061326
7337,-0.1537784536865934
7338,0.948143119805948
7339,0.7401547355418978
7340,2.343551218728664
7341,0.25408255494446313
7342,1.4715724179613447
7343,1.3444933319825743
7344,1.0536722096584006
7345,1.6038889484905903
7346,0.6291487432912768
7347,0.10010974274028236
7348,1.429395741064694
7349,1.258693362611922
7350,0.6379266201295277
7351,0.09771100594535272
7352,0.006425461906104869
7353,1.2636133682265045
7354,1.313881421198206
7355,0.14727088579964037
7356,-0.1916208377983317
7357,-0.03713487881800231
7358,0.5379863133181283
7359,0.29313569265995193
7360,2.8054892110168144
7361,1.180208416221907
7362,1.1801594188794593
7363,2.182958276052338
7364,0.7783101498083048
7365,1.2619463054896278
7366,0.1299997899411438
7367,0.08044790599198509
7368,1.0137383385894292
7369,0.2460471013333681
7370,-0.02391147398993536
7371,1.4805875625467244
7372,0.82103590025492
7373,1.324097690457464
7374,1.1985415482901087
7375,-0.5437156500175482
7376,0.6295470542234531
7377,1.4215731243864673
7378,1.4166034710391535
7379,2.1802273348022685
7380,0.7559422752407335
7381,0.4603711924283798
7382,1.214429631961687
7383,1.8499464695036767
7384,1.688510072091967
7385,2.0695725392067565
7386,0.37694475018728135
7387,2.0270645130449667
7388,-0.2062692490431158
7389,1.0869121353563707
7390,-0.3862452305624127
7391,1.4888288618016494
7392,0.8808086405052857
7393,2.133341652351496
7394,1.7399081979032294
7395,0.6407554571155241
7396,2.2370567929907805
7397,-0.3976836916740194
7398,1.1050170432078672
7399,1.451763021498416
7400,1.4848227119299455
7401,1.2400093483666899
7402,1.471776212139042
7403,-0.20309437828738724
7404,1.6310726321016888
7405,2.0373069211622528
7406,0.9473669378539776
7407,2.090403240506608
7408,-0.06718259416713003
7409,0.42330970802303186
7410,0.530353914245057
7411,1.7471160239350532
7412,0.3519661022754239
7413,1.7143999473927822
7414,0.9566927965300122
7415,0.5284098482362585
7416,0.014493229255917027
7417,1.5844992494830514
7418,-0.1568912247732217
7419,1.2355633665928143
7420,1.5386813259334344
7421,1.456573640627587
7422,0.9617115357434785
7423,1.4797251287571762
7424,0.8037980012867088
7425,1.1762145457992519
7426,0.4912080443017499
7427,2.3410668737755764
7428,0.6770075242495038
7429,0.6150580167384879
7430,0.007488646733842648
7431,0.8839586108899216
7432,1.8930924557152582
7433,1.9946041736129558
7434,1.0539008149128608
7435,-0.09424711543437815
7436,0.5063081344625351
7437,1.4737175999881011
7438,1.2362895375799061
7439,-0.37843029462930755
7440,1.4751216773801468
7441,1.1958099978379282
7442,0.3518607075618859
7443,1.4730686893199536
7444,0.005751475877620944
7445,0.4390923693467951
7446,0.09657728748043141
7447,2.0848203080960026
7448,1.802686864125979
7449,0.4369564169924846
7450,0.05425115434659621
7451,0.153029073864506
7452,0.48131688105345255
7453,1.4040966751652468
7454,0.5922719523596428
7455,2.0114127989887503
7456,1.4781741363178447
7457,-0.18231584206661364
7458,0.018670321302970222
7459,0.1515034305707757
7460,0.3188801066600913
7461,0.06502611919290982
7462,1.6566740503409845
7463,1.114046827916954
7464,0.30870840060954186
7465,0.960252809148786
7466,1.285908536165681
7467,0.9558093590711325
7468,0.9505369879928687
7469,1.1431306291716503
7470,1.5914848893807627
7471,2.2628591497278365
7472,1.2465340830073655
7473,1.9688673018238456
7474,0.8771652199480829
7475,0.9848806745505141
7476,-0.15329436504503346
7477,0.4114268001721014
7478,0.2951990533082538
7479,1.3513491916761158
7480,0.8851069903538369
7481,1.3082430610785354
7482,0.8555649634778053
7483,0.47696662308608007
7484,0.29457221329279376
7485,0.7404876507251632
7486,0.9108867586753496
7487,1.4900880963767487
7488,0.6191196298099306
7489,0.17908360419058886
7490,0.03977212007816508
7491,0.9506930938306176
7492,-0.0016026936640183287
7493,1.1981035025263258
7494,1.7860495641554788
7495,2.0653955317940267
7496,2.145023817305183
7497,0.5999768497606487
7498,0.28059113072951386
7499,0.7928843931471645
7500,1.182605898782677
7501,-0.19511373259673392
7502,1.1244100992569135
7503,0.3156465671511689
7504,1.1210027797235527
7505,1.7518977750321088
7506,0.47764588222117443
7507,0.1695037450455321
7508,-0.00712844025155409
7509,-0.5719794936118322
7510,1.7750865698209943
7511,0.48008255317879495
7512,0.6453542403914705
7513,1.6370143746947032
7514,1.4917757218805088
7515,0.10577854830585397
7516,1.4905688673830884
7517,1.346194825312915
7518,-0.14631281201650093
7519,0.006429340313068476
7520,0.34799906622766785
7521,1.798511524377149
7522,0.06572363433335604
7523,0.3596504738290066
7524,0.7111597252752888
7525,1.0257782815618963
7526,0.5907964699640719
7527,0.7648459071892822
7528,0.8726496353413146
7529,0.35215889054912364
7530,0.9941408274704717
7531,1.5231068972980033
7532,0.10064728791263525
7533,0.32864582677737364
7534,0.33750753770618597
7535,-0.14140149682261607
7536,0.4105310050641085
7537,1.685571479506438
7538,1.981122918925262
7539,1.6650569764190155
7540,0.41454867577316895
7541,-0.26668455160415405
7542,0.08951172031996046
7543,-0.3318844340003329
7544,0.5762526078245583
7545,0.9607392662466404
7546,1.6918087668528334
7547,0.5235845240382635
7548,-0.05413450100220976
7549,-0.20460458369201243
7550,1.2097587915570187
7551,0.5493382307003227
7552,1.540680831507421
7553,-0.02907827865186942
7554,0.61636536472473
7555,1.8350429211117656
7556,1.4874916978556458
7557,2.198518016496315
7558,0.3658440306139717
7559,0.4455792784085587
7560,0.46021561743732414
7561,0.32168704703142653
7562,1.1316242767571254
7563,1.5635854751340619
7564,0.33115128071985955
7565,0.6009289347727687
7566,0.9742144754947714
7567,1.5076605231758067
7568,-0.2870515694180092
7569,1.8091532628093416
7570,0.3573518277975481
7571,-0.09317422560428416
7572,1.1995548008348693
7573,0.9921594405364111
7574,1.1855509350819153
7575,1.0850150522679556
7576,0.7222296747255776
7577,0.9618293321600457
7578,0.8700967653675663
7579,1.8507325189735948
7580,0.764079969902854
7581,0.8975904821722058
7582,-0.4159436744854756
7583,0.7013330558339653
7584,1.7253414871829351
7585,0.1931352019773216
7586,1.2765227723975525
7587,0.6875237563735793
7588,1.8662051887334843
7589,0.32069611840020645
7590,-0.022870608416994752
7591,0.41004143755741657
7592,2.2109015587171847
7593,1.0889497171600597
7594,0.22944461756952356
7595,0.4705896909862889
7596,-0.11070308064884177
7597,1.4355458955504574
7598,0.6549284336603561
7599,2.1652663469107636
7600,1.322835304291492
7601,1.25872045074791
7602,0.9187683153864294
7603,1.8677687382598278
7604,1.0103328467154922
7605,0.5904285173416594
7606,-0.14120265819408576
7607,1.5037443342308652
7608,2.078030652039218
7609,1.2361144448945758
7610,1.0387685085814768
7611,0.7500239011280603
7612,1.054829634351144
7613,0.2503528240743362
7614,0.7247331456678334
7615,0.9302063256683082
7616,1.597138242415711
7617,1.6578291524277982
7618,0.10220556411057441
7619,0.44465942448717316
7620,1.3454382768605617
7621,0.4666497956323962
7622,0.8959536179012297
7623,1.1556427569580194
7624,0.3442238914852539
7625,0.29670496009288155
7626,0.8434023541432278
7627,-0.18644088351364757
7628,-0.12419679873670533
7629,-0.19026122529866504
7630,1.9321846572702248
7631,1.706355785808482
7632,-0.09551683776859866
7633,0.5782860214308007
7634,1.5313698709632644
7635,0.09817898297223045
7636,1.3075261623753869
7637,0.1069609606252542
7638,2.114507603633171
7639,2.010908117745913
7640,1.7109593074887173
7641,0.6550773174780351
7642,-0.05635693053095504
7643,1.094530482554403
7644,0.837760101017174
7645,0.5130047701674914
7646,0.7533335085484053
7647,1.8118323206695632
7648,1.3369471842249336
7649,1.9655886460088032
7650,0.4139576413206965
7651,0.45753559198445415
7652,1.3902910774471842
7653,2.192843202308959
7654,1.266904440258942
7655,1.5709233013073503
7656,0.24370773245671706
7657,2.1153439370437384
7658,-0.026276037054622045
7659,0.25675068727610445
7660,0.42800218032309156
7661,0.35593823951268283
7662,0.9372641461909904
7663,0.5083655565722057
7664,1.5531176750259363
7665,1.1188781925866857
7666,0.34042411729111155
7667,0.25388367526294114
7668,-0.0645274482859816
7669,0.7792764272831664
7670,1.217663586843988
7671,0.372752582247532
7672,1.8889088995532766
7673,1.3461247249125075
7674,0.1997070590361647
7675,1.3717758286351294
7676,-0.11695894436490423
7677,0.38093406739144947
7678,1.5996076123341343
7679,0.6762601292680044
7680,-0.03448730667633516
7681,1.3110602012052455
7682,1.288830600465732
7683,1.1912511461996773
7684,0.30347203468710027
7685,-0.2442679435387255
7686,1.2873268413693844
7687,1.0964353681943373
7688,0.33102921832710075
7689,0.34965381154901554
7690,0.9451242666919699
7691,0.5638047373624822
7692,1.3228234061227417
7693,1.7775377080154766
7694,1.0395295345313311
7695,0.9521708239427068
7696,1.462758733386405
7697,1.8316464482256827
7698,1.1912198897430217
7699,1.719342426214205
7700,1.6250522551328521
7701,0.7101501696515767
7702,0.6461431622536461
7703,0.9382635593309221
7704,1.7304465416067354
7705,1.3446127200046212
7706,0.4782868449317036
7707,1.5554719241379078
7708,2.1853250847745853
7709,2.0074143319877558
7710,0.9462054458670673
7711,1.6924054569219857
7712,-0.08796911707049777
7713,2.0433775013413995
7714,0.7815202522415303
7715,0.7357808940919901
7716,0.42063561196541466
7717,1.1055269319931766
7718,1.0948907028505117
7719,1.6122850263256614
7720,-0.19781125965594043
7721,1.21735511249455
7722,1.553143582376889
7723,0.7456303594586003
7724,0.36248434991398837
7725,1.167054014277452
7726,0.6896058543669719
7727,0.6397156382116359
7728,0.6061231337703596
7729,0.810589153719293
7730,0.4798410891699051
7731,-0.17198858581268764
7732,1.060066855567218
7733,0.9883837618889787
7734,1.782141441152759
7735,0.6963872760607568
7736,0.025727300241548404
7737,0.8380301685081103
7738,1.191137805272783
7739,0.552315935618102
7740,1.8729511674401564
7741,0.137769329947455
7742,1.3960428421706275
7743,2.26313088081751
7744,-0.6471224101275325
7745,0.15901185713421612
7746,-0.018445059737684212
7747,-0.028835613132609364
7748,2.0811253186594527
7749,0.2983606725749851
7750,0.3464477119670341
7751,1.1472619357199723
7752,0.37008601358059107
7753,1.6761473471263464
7754,1.3228956237426437
7755,2.379831758986521
7756,-0.20218365801043517
7757,1.0094065278827855
7758,0.020852332458736758
7759,2.0015454285980416
7760,1.1676112563118415
7761,2.055511225528386
7762,2.1932704108118277
7763,1.2177509635755648
7764,2.0534758498452557
7765,0.14777630095936606
7766,1.1680960183973894
7767,0.9127542754867765
7768,0.2661534510948121
7769,0.6120293738021358
7770,0.2204576597860688
7771,2.3876775091291234
7772,1.392597176069034
7773,1.7616109313676476
7774,1.128216884288403
7775,2.103982451917797
7776,1.2848047053547085
7777,0.6032706202031315
7778,1.054501884068967
7779,0.032032154679743685
7780,2.447925613037262
7781,1.3499278130648293
7782,2.6977856280142465
7783,0.40110142706259033
7784,0.7955545503652044
7785,1.1541549113042078
7786,1.208321857342934
7787,1.1053746833433071
7788,1.6367945975393154
7789,1.733028514835143
7790,1.6247947365689677
7791,1.1624806296016956
7792,-0.587967799517839
7793,2.1796589713328007
7794,1.1521244312854582
7795,0.6517514064078207
7796,0.5718709363676
7797,0.11096374131209978
7798,0.6782293259664808
7799,1.0600323804166254
7800,1.4691507799249803
7801,-0.13528932032348276
7802,1.7425596548361382
7803,-0.13240016150540157
7804,1.5785977849903514
7805,0.5209866651837152
7806,1.0907024917255397
7807,1.0583766424094123
7808,1.5378737263372217
7809,0.5839239703190504
7810,0.7533281419999258
7811,1.7260904666540329
7812,2.0219208142560765
7813,0.9579192537706124
7814,1.289080990621479
7815,0.9847694438950941
7816,1.3497069658677872
7817,1.095410983781239
7818,1.0611195183754338
7819,0.5748073492662843
7820,1.2557971859822268
7821,0.3537839193108503
7822,0.9618386144476724
7823,0.9882792823515496
7824,1.9777490365816108
7825,0.9629204135388761
7826,1.4077662673006657
7827,0.3475717386034026
7828,0.3740198546055184
7829,1.2150377453665677
7830,2.0565596039088145
7831,1.530250656225114
7832,0.3246331990983732
7833,0.8652305192031976
7834,2.0901344284497263
7835,1.2856809827746258
7836,1.944469335510114
7837,-0.06620244229623506
7838,0.760588954998131
7839,1.8894860057520835
7840,-0.01139745477330889
7841,2.2807316325441245
7842,0.24243493693454657
7843,0.10361144133415018
7844,1.7389992827896403
7845,2.177570210004462
7846,0.7788610551172716
7847,1.3046397201683488
7848,1.4492007272192233
7849,0.6953509561515445
7850,0.7270831554802808
7851,1.505542208012415
7852,1.0796596293119083
7853,-0.08879420966931882
7854,0.6320698993154754
7855,0.0010957606823990308
7856,1.4821071113415878
7857,0.99011406045114
7858,0.6009559842321106
7859,1.5881065051812824
7860,-0.16844738534660475
7861,0.7373751279781068
7862,0.4129372565655149
7863,0.7577290175851716
7864,0.9291695902913619
7865,0.9739122681591083
7866,0.42647037494996776
7867,-0.06340061385243179
7868,0.06699046500318279
7869,0.42476232608373665
7870,0.2502639571027271
7871,1.361970286152004
7872,1.7162866171955373
7873,0.9392309792159175
7874,1.1120938893967116
7875,0.33471518280775187
7876,0.12540333073009402
7877,1.4766340162614005
7878,0.7285228055249432
7879,2.39542985974829
7880,0.57533215832134
7881,0.8225494725167847
7882,0.9154189122715375
7883,0.19278646645294956
7884,1.0425313110346484
7885,-0.014169668492865002
7886,0.8083074839665978
7887,0.684513134879103
7888,-0.6263415409456815
7889,1.8881012170977984
7890,0.8569597215972133
7891,0.6151539655569198
7892,0.49977707041438457
7893,0.6636912852063658
7894,0.5118953834169294
7895,1.4869904705566868
7896,1.4366251892560862
7897,-0.28148859432713874
7898,0.37405353013841214
7899,0.10799910083385565
7900,0.6677846561689867
7901,0.1763448368737962
7902,0.583261147683165
7903,0.4602183311539454
7904,1.347168147791807
7905,1.9840238298547441
7906,1.3217206290807244
7907,0.7319471935600524
7908,0.2576887238486775
7909,0.8778351258609193
7910,2.169625434700627
7911,1.1563305822126928
7912,1.2299037466705116
7913,-0.12052468896474733
7914,0.7709333130607652
7915,1.0957293277879945
7916,2.0022024250689365
7917,0.5066981650817011
7918,1.183310917410905
7919,1.8495177861772563
7920,0.2598240000279204
7921,0.3257813893756531
7922,1.8379275198119955
7923,0.6218095524753644
7924,1.2484842291913694
7925,0.7046330063865354
7926,0.5878385283064428
7927,0.43520809358298235
7928,0.2648673603135519
7929,1.0757144266742378
7930,0.474848891104581
7931,0.44403463871504445
7932,1.0465402632354366
7933,0.8282715698817579
7934,1.5612049992350565
7935,1.0640062468241793
7936,1.4298545310240607
7937,0.7365383122437272
7938,1.3809318404568778
7939,1.9451910188902315
7940,1.0903543582147683
7941,0.3530306563950702
7942,-0.045474460712927905
7943,1.7080164159391436
7944,1.506443842544735
7945,1.7089290758720126
7946,1.6705284229984032
7947,1.152745820395121
7948,0.4118280365542768
7949,1.9914505642823777
7950,2.013675124730941
7951,0.48999692799572336
7952,0.47520194729616017
7953,0.8884771560080585
7954,1.108366336850306
7955,1.2722789371862517
7956,0.6088302562651775
7957,0.7000778298716167
7958,0.8064086538877864
7959,0.48798350309881783
7960,1.7195570174303836
7961,2.1153976474398246
7962,0.8403385820128261
7963,1.9466444570252759
7964,0.30029044651595455
7965,1.6174130552650272
7966,1.329793401955928
7967,0.5605640345384723
7968,1.5419790518965133
7969,2.2017833031065437
7970,-0.2856913388550208
7971,0.4146378112499563
7972,-0.143504953850272
7973,-0.41445028481233726
7974,1.1150323435067968
7975,0.6541426325001671
7976,1.6442667870550771
7977,0.5615152847274089
7978,0.017314582258467118
7979,0.03953446367186006
7980,1.5272417639544165
7981,0.4036741720727047
7982,0.9310816020911913
7983,0.4649317248653951
7984,-0.4683319239458666
7985,2.024489761816951
7986,1.9856669438932124
7987,0.9781846429643082
7988,-0.2870095668352497
7989,0.6073558029354338
7990,1.7640816222860534
7991,0.2341475581900576
7992,1.1133641947610489
7993,1.5901941083358075
7994,1.2274495519417998
7995,0.43225564657217963
7996,1.0528779227700058
7997,1.134076354715509
7998,1.1925752755294547
7999,1.092261157513405
8000,1.2831616490063296
8001,1.1115766307152646
8002,0.8227416426767873
8003,0.03293630832186854
8004,1.7141670332383367
8005,-0.006569124491446886
8006,1.600941148113606
8007,1.0026018009340383
8008,1.1497524237220629
8009,1.511240714312494
8010,0.5861570232943516
8011,-0.3591379630207385
8012,2.0282312535649294
8013,2.293383644925669
8014,0.7236238504438086
8015,-0.16631904269393516
8016,1.5517490030167078
8017,0.8374525369782626
8018,1.4779523800769394
8019,1.7855681741809526
8020,1.8630997045049362
8021,1.812151377212497
8022,1.1530750154352598
8023,1.1807745219682602
8024,1.7031933689918195
8025,0.3900175533068251
8026,0.23776612567929592
8027,0.7793485948838341
8028,2.0753976414844164
8029,0.018370938360175327
8030,2.1290305646161136
8031,2.019168492709245
8032,2.3735769050314692
8033,1.70156469526325
8034,1.1499299163864762
8035,0.595343207818925
8036,2.0675766111732794
8037,0.7765214957941877
8038,1.4869265011556623
8039,2.202364662844049
8040,-0.12408352536096837
8041,0.2508004219862968
8042,0.8216850921169696
8043,0.7500773156901221
8044,-0.1447510481775127
8045,0.49746880463135884
8046,1.4127351429682804
8047,-0.03167088839741231
8048,1.8476893452044076
8049,0.1583422312490041
8050,1.6675862819823912
8051,0.1302631847675933
8052,-0.1863802827260654
8053,0.000881573078683244
8054,0.015808811454142417
8055,1.2872779200379836
8056,1.7010507709580973
8057,1.2332188858185158
8058,1.5281408311314861
8059,2.2070782764721963
8060,1.026476072443756
8061,1.2525281668489072
8062,0.31367310346717125
8063,1.235499290897108
8064,0.45491869595175866
8065,0.6766199691181397
8066,0.8481180781499086
8067,1.1485378725333424
8068,0.43456161187288206
8069,1.5748412084525478
8070,2.1703949541193794
8071,0.9761588088767762
8072,0.36863232393939727
8073,0.799865403089193
8074,0.5184058567656851
8075,1.615463515133093
8076,0.9512741801067832
8077,-0.40250908689327447
8078,1.4533781880359045
8079,1.4336038279450105
8080,0.08858780540616187
8081,1.7284442241060167
8082,1.0581853477690601
8083,2.154370458410564
8084,0.02475895817268402
8085,0.8179674154447354
8086,0.7983784092981311
8087,2.0217978570260935
8088,0.10960606802707225
8089,0.7306456449287883
8090,1.171080990572568
8091,1.543502471431509
8092,1.7665072093322025
8093,0.8635834384588521
8094,0.08936922425381547
8095,0.6788487445237867
8096,2.071517215355775
8097,-0.17977530436903558
8098,1.9573194991105025
8099,2.107203292611924
8100,1.6249062671228556
8101,0.37389226211367965
8102,0.051139648667694965
8103,0.12440092035085833
8104,1.5597779162338015
8105,0.6432050893682641
8106,2.199367229366987
8107,0.6383943703629886
8108,2.1105810344014073
8109,1.264332780388394
8110,1.97185347854345
8111,0.3001143363180117
8112,1.8131798099056144
8113,2.084830232509718
8114,1.6127890421801703
8115,1.2307152195768594
8116,0.23735929988009263
8117,1.3904814580349727
8118,0.7965869660024651
8119,0.5617298037600913
8120,2.0470420164572762
8121,2.0021457416872996
8122,1.8314552217050686
8123,1.768231083567096
8124,2.2076911587214307
8125,1.9752594318836079
8126,0.3432963567987058
8127,-0.03856467938617143
8128,0.9781901435538549
8129,1.0194907665164552
8130,2.2159587247390804
8131,0.06306986589610761
8132,-0.025878755659958015
8133,1.0293037290675824
8134,-0.061034775688321066
8135,0.5580862102363136
8136,0.5436555404331892
8137,0.2087155170675929
8138,0.6037880320803254
8139,0.16892667722828505
8140,0.48854788859604664
8141,0.898805391674053
8142,1.2371001395735899
8143,-0.6069954529680848
8144,1.69271757000062
8145,1.0639928053879564
8146,1.2097199137253674
8147,-0.08294531268301034
8148,0.9834335939728317
8149,1.4783627917178164
8150,2.039205052542048
8151,1.013385431861396
8152,1.527253573437049
8153,2.2058672597859625
8154,1.0053613062671505
8155,0.49445252526349753
8156,0.6179852052677611
8157,1.2731179290244221
8158,1.362867935840752
8159,0.6499508615377597
8160,1.3745700763976565
8161,1.17898707721928
8162,0.1574880337187351
8163,0.5962716923596466
8164,0.48190544569391125
8165,0.6419164762666627
8166,1.418946845553514
8167,1.1912921323210883
8168,1.0126011781347786
8169,1.0465755747685614
8170,0.5575702200753511
8171,0.4177705091769345
8172,0.4649947936626258
8173,1.294599170926122
8174,0.294594319800871
8175,0.6317583580309828
8176,-0.09156236135979247
8177,1.920349755573981
8178,0.532340922932253
8179,0.41361643634775647
8180,0.5808364681954239
8181,0.8835781891834347
8182,0.0034128782302460837
8183,0.31327478095013067
8184,1.3484144184953744
8185,0.9211183022545734
8186,0.6928399460262826
8187,0.4129771427375724
8188,0.4729925086254042
8189,1.9806281229640088
8190,-0.07609350251064506
8191,0.4251268473978066
8192,1.2546542515163164
8193,0.44311609504355665
8194,-0.014573988629651417
8195,0.9632556896047637
8196,1.8116399502751213
8197,1.4417961046793386
8198,1.3524878828040228
8199,-0.016436936210472992
8200,0.14154996381421786
8201,0.7721022955822895
8202,-0.18649477939300838
8203,1.1552934060595796
8204,0.9056068311055964
8205,0.9906409286969499
8206,1.3235556782256916
8207,1.1617133310743473
8208,1.3054960745531414
8209,0.342349732754916
8210,1.020709291066916
8211,1.8902963389237033
8212,0.6348448763336922
8213,2.071910180537346
8214,0.10616240023309326
8215,1.2861440475054902
8216,1.7720352828533446
8217,1.7190398986820403
8218,1.1745759962283995
8219,1.2857478954183161
8220,1.674633357801073
8221,0.5593455149410801
8222,0.7298601339220826
8223,-0.08711317355442255
8224,0.30490213814485795
8225,2.0668868704096957
8226,1.7447752911659775
8227,0.7853780523083729
8228,1.35778484823153
8229,1.7853281128748726
8230,-0.12022043417067041
8231,0.9659142087576128
8232,0.9721727546135013
8233,1.8704304069642559
8234,1.637754252573405
8235,1.6586745108748076
8236,1.134466481111176
8237,-0.19383872445040753
8238,0.8358543487966981
8239,0.015505377881928626
8240,1.5541744508353876
8241,-0.13082340662223368
8242,0.373782203539809
8243,-0.3246382149261688
8244,0.7003460686629223
8245,2.0084354960825954
8246,0.7914940118002426
8247,0.9422607729872856
8248,0.9759182638590702
8249,0.4327810200598763
8250,0.01900464652211434
8251,1.6840576495619481
8252,0.029188220790619716
8253,2.1283801352175082
8254,0.6864621309970134
8255,1.444307941381714
8256,1.2619192946494822
8257,0.6561623960682059
8258,1.9950821653231778
8259,1.1973047567942716
8260,0.47604459429280505
8261,1.8196821436023192
8262,0.31401745517935564
8263,0.9624357959326206
8264,0.8817771516980285
8265,1.8948889650048804
8266,2.125228630540578
8267,0.4909452830655925
8268,-0.10699436169651058
8269,1.2054872894964115
8270,1.2343727215275297
8271,1.0290390356130796
8272,-1.1065868750273746
8273,1.4914674695065324
8274,-0.05599673703742515
8275,0.19787085112208436
8276,0.11140415198525933
8277,0.9428906642767163
8278,0.6207885283531444
8279,1.5848092784042942
8280,0.18054665178175952
8281,1.7940337746476331
8282,0.6859492483131333
8283,0.4543832484185904
8284,1.5307349550803835
8285,1.4814853156837364
8286,0.38156813496568054
8287,1.3115726124618186
8288,1.2711672290572162
8289,2.202534749472347
8290,-0.1130503270299848
8291,0.15945880764023942
8292,-0.07427374453564119
8293,0.33288870622827677
8294,0.016737499082011255
8295,0.7028677398805043
8296,2.0805232228443766
8297,0.1542523959707302
8298,0.77055106922381
8299,0.5692618856586696
8300,-0.14474109511538027
8301,1.4422987193045227
8302,-0.12584742791746
8303,1.2118925835933485
8304,1.4743079641176182
8305,0.5010363234222601
8306,0.21486389048912824
8307,1.688459370798443
8308,0.786791905621588
8309,2.0521490677343177
8310,1.5815822650541902
8311,0.9290352397848816
8312,0.7950576741943557
8313,0.7834726861276652
8314,0.9198949061048909
8315,2.210618820622894
8316,0.5800525799357352
8317,1.492096224931447
8318,1.166590456553386
8319,0.013468037991741254
8320,1.756624325395964
8321,1.3004827436531432
8322,0.5574812149352112
8323,0.5300264049510741
8324,1.3882646729514334
8325,1.1581470727005687
8326,1.9633605698352667
8327,0.15303198067643142
8328,1.3397464059889397
8329,1.140828666000171
8330,1.1041533374900792
8331,-0.239535105002725
8332,1.7665882367611285
8333,0.723123268203259
8334,1.956116208544266
8335,-0.13965079309271636
8336,0.0028745947455415793
8337,-0.5636964017472591
8338,1.3194067896223902
8339,0.9312954025072141
8340,1.285680054664001
8341,1.1633307822135404
8342,0.9412026852681857
8343,0.6449124347639091
8344,1.3123317124274225
8345,0.1972309041987661
8346,1.7925449208476592
8347,1.6289968589751394
8348,-0.05788767417202062
8349,1.7561650889031188
8350,-0.16317706342351063
8351,0.8896995271102612
8352,1.2206243014803602
8353,2.1490773656843443
8354,1.3433826695226916
8355,1.0976384300285842
8356,0.0931457395239432
8357,0.3742545559388666
8358,-0.20363275712139436
8359,0.9976573325434931
8360,0.4728911952751181
8361,0.18486878542536445
8362,1.4981527166927537
8363,1.310011066255608
8364,1.4342533575948782
8365,1.3051466281140818
8366,1.374089359998559
8367,0.719800380221726
8368,1.565138057269849
8369,0.6195058945543328
8370,0.5369386196553295
8371,0.34667583342407615
8372,0.48444957305800695
8373,0.08668829946772436
8374,2.0194394308303303
8375,0.5489592766365053
8376,0.936021294586236
8377,1.414008323858835
8378,1.7431169861991136
8379,0.5734263160813505
8380,0.9429448685561432
8381,1.9362774078080482
8382,0.8572424296156372
8383,2.0621125797993813
8384,0.27921241756100196
8385,1.3169179343363782
8386,1.1240988147714506
8387,1.1278967043186852
8388,1.1850331266783616
8389,1.7141870403523312
8390,0.640767196027972
8391,1.5619203636068608
8392,0.5079283791295477
8393,0.7647344218010241
8394,1.1134874564746824
8395,0.8239541394137294
8396,0.37557238502765894
8397,2.132857505839739
8398,1.7875589007482875
8399,0.7247871597839028
8400,1.927160186827512
8401,0.6720413456624094
8402,0.2724238389465343
8403,0.860397925330272
8404,0.9819553863104509
8405,0.4924912515783039
8406,0.41401381005686594
8407,2.171793046651602
8408,0.41104447433164853
8409,1.9830300414458386
8410,0.045281830441802076
8411,0.8319567692361474
8412,1.9471757598864088
8413,1.471055393039907
8414,0.3265062833524104
8415,0.6820603357282139
8416,1.68992902600921
8417,0.041051345063085776
8418,1.987324560520362
8419,1.588102185844536
8420,0.9187312218354395
8421,0.09035007840524276
8422,0.9330455929046663
8423,0.5730348480497636
8424,0.8495713114777473
8425,0.13332635161129763
8426,0.596877224016156
8427,1.5747002854623386
8428,0.6273706011637961
8429,1.199994822092291
8430,0.4673511930869026
8431,1.681675544146177
8432,0.4294825356611643
8433,0.5532222844691972
8434,1.8438964608454118
8435,1.569389665518855
8436,0.8664470695188107
8437,1.0239870109260738
8438,1.4770898660318252
8439,1.5360377523553779
8440,0.809570077602219
8441,1.7017087038036331
8442,1.6599680389689881
8443,0.87041432834035
8444,1.713471570434543
8445,2.0002096085464047
8446,0.4664342051223959
8447,0.4959434420221609
8448,2.2195252849058202
8449,1.4855410521601344
8450,2.0000237191823262
8451,1.044514783260967
8452,0.3179290271068079
8453,1.361829676051388
8454,0.42442616371991976
8455,0.6697076201139949
8456,1.0923582886230467
8457,2.004869196189287
8458,2.001208437435648
8459,1.0058294369064023
8460,0.32253095180029
8461,0.7173592559396651
8462,0.0031769994606924527
8463,-0.23864912791083687
8464,2.1042491902273905
8465,1.4300938429815626
8466,-0.18641871556798967
8467,0.878596104473404
8468,1.1221047226266496
8469,2.1102397721936015
8470,-0.07524933141005334
8471,0.08213599233849395
8472,0.6364289156920282
8473,2.187104014800893
8474,-0.12902813458007678
8475,-0.10455573914040041
8476,0.655271543202819
8477,1.6944852342707688
8478,2.4257455692471215
8479,0.5636967648381532
8480,1.2244882732740425
8481,-0.24224814653373966
8482,-0.2020455115825862
8483,1.8700430639345085
8484,2.045010811144968
8485,-0.8581600958346587
8486,1.2493572681497491
8487,1.415723735266244
8488,1.672575149249208
8489,0.9615978396258019
8490,1.366544919213748
8491,1.2787380881071233
8492,1.4545417437487034
8493,1.2978170383433414
8494,1.6309281219728062
8495,0.3841997586009023
8496,0.47939860657145117
8497,0.2517610469710643
8498,1.9444619139369066
8499,0.001588298042493868
8500,0.39997570179067676
8501,2.3234948655605394
8502,1.234395120874159
8503,1.0228430503935388
8504,0.42500849993302176
8505,0.03784074761011291
8506,2.0031031949092153
8507,0.2271396593614061
8508,0.04644226091658434
8509,0.7199723531777045
8510,-0.07847140036658043
8511,1.3637629329174974
8512,0.8085039485823401
8513,0.390348047062209
8514,1.7699440118390581
8515,2.04457030388692
8516,0.7728173128070853
8517,1.3055361135529622
8518,0.13962113513643432
8519,0.2254878611572609
8520,1.4171142654100624
8521,1.9779104123699058
8522,0.9160897795056887
8523,1.1401419262774266
8524,0.9749788903090575
8525,1.3652486262887944
8526,0.3919304714890145
8527,2.59370806329488
8528,0.5311900394816207
8529,1.863738011361741
8530,0.5879851803637433
8531,1.4955844369944464
8532,0.7547318356389392
8533,0.07896713148162582
8534,0.5568715957754412
8535,1.0626230572175166
8536,0.014394746050544008
8537,1.7287127011932248
8538,0.7605148233452248
8539,0.8092701938562106
8540,1.713981875611695
8541,1.4276272622404904
8542,0.02348320992269337
8543,0.47949805325617795
8544,0.5965646127356847
8545,1.1948318862671474
8546,0.055338807515157684
8547,-0.03153011140140433
8548,1.2917673176725173
8549,0.9543981845515714
8550,0.42451089505234696
8551,1.9728995751589782
8552,0.09391467364321492
8553,1.9072745294891593
8554,0.5593938308822796
8555,1.3506462832094912
8556,-0.04840551871337058
8557,1.6904480999283034
8558,0.13703785605892235
8559,2.2055074822590433
8560,1.9739569341560101
8561,0.23630083132990978
8562,1.2155149666255292
8563,1.1061795085995385
8564,1.3902452982902256
8565,1.3959753935923962
8566,0.9541030683381697
8567,0.9780309798755525
8568,1.403854412422397
8569,1.5613677355444195
8570,1.5484991082285096
8571,0.8303532024649671
8572,0.2081780855205117
8573,0.43123456764565
8574,-0.08256270158826516
8575,1.8947079356687728
8576,0.7779947241664487
8577,0.1020278225928318
8578,0.036661053828269445
8579,2.0623525074748668
8580,0.6135577144953175
8581,1.5353776708462517
8582,0.8990422328823299
8583,0.13552672287149037
8584,0.5552195975018409
8585,1.5686205693621473
8586,0.69350410663736
8587,0.35769879007134475
8588,1.9080867515390578
8589,1.6324408468546219
8590,1.4032466041892855
8591,0.6543326637689078
8592,1.9337128621581492
8593,1.7481190544478673
8594,1.2184955343241872
8595,0.6569665424883899
8596,0.5930372563878898
8597,1.8646994008833755
8598,1.4469055435084286
8599,1.638911838749879
8600,0.9755108856172062
8601,2.072186239415476
8602,0.3998847521458509
8603,0.7114241501608916
8604,0.19961665859601593
8605,0.6924839202610065
8606,1.1150823740880607
8607,1.373258179934533
8608,1.6630622419097247
8609,-0.1966530601493942
8610,0.22526490222362897
8611,0.3940584485764902
8612,0.17631075455664014
8613,1.6611614500628042
8614,1.7916513217266496
8615,0.9422880373619217
8616,0.5084854244760016
8617,1.1378327041331986
8618,1.6718518250505001
8619,1.639606296047671
8620,0.5670543299380516
8621,1.4465226737234314
8622,1.3075072541885067
8623,0.611549798035792
8624,1.9901378033118602
8625,0.7743983159035408
8626,1.0852695179398426
8627,0.2500937678158591
8628,1.3213538095188337
8629,0.4329530982376648
8630,1.845266247021373
8631,-0.017460858578533064
8632,1.9845931904612624
8633,1.5109833493637204
8634,1.9314839972952924
8635,-0.20728809439964316
8636,1.022361797239145
8637,1.0041268846227136
8638,-0.10209573639300576
8639,1.0711106606291003
8640,0.7111146194099457
8641,0.2215272231514049
8642,1.4821521273721239
8643,1.096504802100414
8644,0.9079639005569504
8645,1.9846219872563795
8646,0.49462065248068904
8647,1.0060599706043714
8648,1.2188746696221826
8649,0.050590122567023305
8650,0.33907508524327407
8651,1.294693453732755
8652,0.4844569638480061
8653,1.1328064283179247
8654,1.7465884202760278
8655,0.8814355757593338
8656,0.8963636011922462
8657,0.9912274424918582
8658,0.5850194935610108
8659,0.5390314913952698
8660,1.02903819034156
8661,2.022464301421271
8662,1.7288853298010332
8663,1.301471540093888
8664,1.1346952991648165
8665,0.3579293113484979
8666,0.5175449243337878
8667,-0.023947079971657237
8668,1.88027346005688
8669,0.8242353585700383
8670,-0.00739123612300651
8671,0.9881763105301061
8672,0.26348491881934655
8673,0.8441855654543029
8674,1.3890322653555107
8675,0.8188054630176849
8676,0.6994581570213043
8677,-0.12911576095109162
8678,1.1186805866180134
8679,2.0514141779826924
8680,1.2102862421893428
8681,0.8243501143068438
8682,0.946519760893314
8683,2.535516618859054
8684,0.1446776565107324
8685,-0.16471418554620465
8686,-0.16364218262143937
8687,0.4307227039431441
8688,1.9866844828476697
8689,1.0882742043203297
8690,1.7783149186619784
8691,-0.2002021191945519
8692,2.103626228822481
8693,1.2011292660572614
8694,0.5531249569770889
8695,0.03344191340724069
8696,0.8229458314928654
8697,1.8056136696504739
8698,1.226914838386796
8699,0.8783430988510754
8700,2.0696466981802017
8701,1.4430708444906617
8702,1.0803012144669786
8703,1.2260785774771639
8704,1.6070073482538643
8705,2.2015341686761674
8706,0.9620122073888079
8707,0.5047155062709183
8708,1.1058577332511348
8709,1.3533125217798547
8710,0.7418730049977325
8711,1.9652967839966853
8712,1.2996263605703682
8713,1.1101200541019267
8714,1.8704228186333975
8715,0.5118449842290408
8716,-0.14681529985280214
8717,1.9836267759232884
8718,-0.369026971620304
8719,-0.18708728390789894
8720,0.3084725899874389
8721,0.8980632369895695
8722,0.7851604725416069
8723,1.8212903867361452
8724,1.6641580379560243
8725,0.08347294448847525
8726,1.282757844929289
8727,0.5043879877359922
8728,1.0865558463208937
8729,1.3988995763192307
8730,0.5134259805986362
8731,2.0358046756387163
8732,1.234600977413246
8733,-0.08273206836130192
8734,1.32819711599256
8735,0.8227140155679197
8736,0.7471498310406915
8737,0.37252890477242656
8738,-0.12935003985048785
8739,0.02802737075390663
8740,1.6509663589238195
8741,0.6764569996911564
8742,0.525801738686718
8743,1.277098834138368
8744,0.3639864285855082
8745,2.0377597418256275
8746,1.2660556797503821
8747,1.4608751555657469
8748,0.00958045154482143
8749,2.161464697040482
8750,0.7265405888098602
8751,1.002483962232008
8752,0.9004427663717949
8753,2.0574295959212954
8754,2.47815496488726
8755,0.5074819366590061
8756,0.6112286981067768
8757,1.5362366088085933
8758,1.3783789073193464
8759,1.7196553525898215
8760,1.9173553436380664
8761,0.5826787167613355
8762,2.2699617827350487
8763,1.7690032631174077
8764,0.7871910355752485
8765,1.1135394702729466
8766,0.11467020358752243
8767,-0.1866812963569396
8768,0.832844348430277
8769,0.6368297769121359
8770,0.6246553431087689
8771,0.9636333735826537
8772,0.45103914437219594
8773,0.9464361962721745
8774,1.2670638702943728
8775,1.6585476498085332
8776,1.2738307903205137
8777,0.8404386079922626
8778,0.2156356157085229
8779,1.2586949795686904
8780,0.460375562009232
8781,0.1920945193204629
8782,1.2295516035635234
8783,1.11525153311088
8784,0.7017257504883462
8785,-0.4059286395503051
8786,0.37436459786926973
8787,1.3118502358828779
8788,2.1737753789522083
8789,1.0043877205571117
8790,1.2885335082962273
8791,0.5365409152635661
8792,0.00167736437126121
8793,0.25520929756274435
8794,1.1093240796368986
8795,1.2586947614075998
8796,0.11770312404938217
8797,0.24020110802252692
8798,0.9513093193833106
8799,1.440106061650336
8800,0.9667204145979057
8801,0.19446790589393043
8802,0.857155470291422
8803,0.13308351032689228
8804,0.2170284183484684
8805,0.14763571363741523
8806,1.1777668031248547
8807,1.1189520007857268
8808,0.43415361207700925
8809,0.4422835140770501
8810,0.9994126487492041
8811,-0.022691857199134094
8812,1.4269680423979705
8813,0.843059494333947
8814,0.006084246789357588
8815,0.016935459494144316
8816,0.8915302462807955
8817,0.6556402039266248
8818,1.8817070204445034
8819,0.8275363020516647
8820,2.1623533989232997
8821,0.2866557629786536
8822,0.8581443360805916
8823,-0.14484693542349453
8824,1.4378893885402213
8825,2.034721516335742
8826,2.0215456931363835
8827,1.8883696709126294
8828,1.27221181422174
8829,1.170857817265526
8830,2.272123382429701
8831,0.04177696037439014
8832,0.9029741558051835
8833,0.6186765548124693
8834,1.2302596648135682
8835,1.6144579861880464
8836,0.354338843532688
8837,1.0974528888918977
8838,0.9490059184500326
8839,1.8619792349039603
8840,1.3253721027280303
8841,1.576336417296446
8842,2.161366221956351
8843,0.6721775953961363
8844,0.8714506180764913
8845,0.3540132432987119
8846,-0.6358822548153249
8847,0.9983499952469392
8848,0.13316678024132145
8849,1.0245811922873216
8850,0.2563658832424407
8851,-0.11611920980454835
8852,1.0752573849028242
8853,0.020337165133127895
8854,1.13355930503651
8855,0.9837508767178791
8856,2.138337726958707
8857,1.8384527737911451
8858,0.6309986069443201
8859,2.0913055741651783
8860,0.7563222663611983
8861,0.5830904288595503
8862,1.6023965723163132
8863,0.16911700812189487
8864,-0.18009734459163318
8865,0.647203433823609
8866,0.9714391937800806
8867,1.7442869780483055
8868,0.012373778546225608
8869,0.5312464891235789
8870,0.4050465116371102
8871,-0.14315840390231027
8872,1.6455160832166058
8873,0.43252836669590006
8874,1.3693166258059049
8875,1.4596870130893456
8876,1.061263408981882
8877,0.16576465473192717
8878,2.0300041590862827
8879,1.4125526988950965
8880,1.8899608540664956
8881,1.5430904377713466
8882,0.8578076849836542
8883,-0.045644510824582624
8884,0.3272240043587988
8885,1.4031261960951174
8886,1.2366945061240115
8887,1.1533536544994862
8888,0.9252246012199183
8889,0.21848345188695117
8890,1.0269141349300508
8891,2.0836021448844093
8892,0.24836108000082027
8893,0.3745728858396387
8894,1.498369811276724
8895,0.6036863157675136
8896,-0.01943538007266018
8897,0.40648745023321403
8898,0.8496959822531095
8899,-0.359254847649597
8900,1.909915057452665
8901,0.23260406346552684
8902,1.7846802640578971
8903,1.2520252649352999
8904,1.2090235189823375
8905,1.0910557952348505
8906,0.4252792534079473
8907,0.7489496287921625
8908,0.736077848182099
8909,1.3650325944635724
8910,0.7321397682049858
8911,1.8550002493658633
8912,0.5064006676775381
8913,1.4766305820639163
8914,0.9981520511159284
8915,0.6673536627015072
8916,1.1622364601518296
8917,-0.20986592188498102
8918,0.3440718552501542
8919,1.6672739126888616
8920,1.3573246948989284
8921,2.136281733045171
8922,0.3452224918721788
8923,1.006495465814791
8924,1.1445140436959953
8925,1.5252339723796489
8926,0.62008815212134
8927,0.2693491981503913
8928,1.9694655143153386
8929,1.5382063584355345
8930,1.4798179943069751
8931,0.13206531990649084
8932,1.4714912822130857
8933,-0.16869499549076622
8934,0.7158166533747935
8935,0.0032769532951817393
8936,1.4539452332135003
8937,0.534411136118551
8938,1.275080818831279
8939,0.19317341470640093
8940,0.1176640296854462
8941,0.5281988072501194
8942,0.6205171662582869
8943,0.6756480457521561
8944,1.5965054781428953
8945,1.9480404131724187
8946,1.010715807141339
8947,1.8500254030277483
8948,1.2921639229249997
8949,2.2420537219986327
8950,0.27871903703083123
8951,-0.14847590928573556
8952,0.5405901556545116
8953,-0.00012426028030677015
8954,0.5943196902953223
8955,0.9727529058033383
8956,1.7280624470908819
8957,0.012762006706875662
8958,1.425202086874451
8959,0.4287275652879412
8960,0.9418567254615159
8961,2.5443461543629566
8962,-0.45036492865575983
8963,1.0401095807794345
8964,0.8447085108238751
8965,1.8290525705002385
8966,0.4927258709864242
8967,0.5721689957040732
8968,0.6305859379468346
8969,0.9403372618640806
8970,0.699760817419756
8971,1.552075877553564
8972,1.6959381004589158
8973,2.2400829094871924
8974,0.2573829858245187
8975,0.6595114445028085
8976,0.15943390286342735
8977,1.0103137253767172
8978,1.5525781551124578
8979,0.09884602318620413
8980,1.1359828737348778
8981,-0.10635419986642464
8982,-0.016165033221142468
8983,1.0167136445451121
8984,-0.16443213466086434
8985,0.42127679432932774
8986,2.1175505996951074
8987,0.2878234448356529
8988,0.7284446557730496
8989,1.0061105357921702
8990,-0.08129010705304368
8991,2.382631515123647
8992,-0.09007154406560769
8993,0.8025247410064952
8994,2.28696470022311
8995,1.7201808145208137
8996,1.1028447584108303
8997,0.599279682529287
8998,1.100809089791484
8999,0.9985411278820147
9000,2.0856229816379437
9001,0.5127895507322757
9002,0.8017732122184088
9003,1.1066385911488237
9004,1.6389972699343598
9005,1.7832678205772643
9006,1.4566897055513661
9007,0.38021935838086507
9008,1.4765571976233687
9009,2.0208484689343353
9010,1.947295687474565e-05
9011,0.45724791121782277
9012,1.4943991474310412
9013,1.7532496794203971
9014,0.021491245251837904
9015,-0.1257763673765088
9016,0.8151241190283094
9017,1.2255045322474034
9018,0.250460279067231
9019,0.18189365365168156
9020,0.05098945748673382
9021,2.2301578735348486
9022,0.0742232522128077
9023,1.4009000697436427
9024,1.9635121018151047
9025,1.445413220994722
9026,0.05761134885013355
9027,0.7241020426015303
9028,1.558045428865178
9029,1.237999795397323
9030,0.5398982800271416
9031,1.105786044932365
9032,0.4236455213993943
9033,1.947319954035831
9034,0.533894416806598
9035,0.8012664714311571
9036,2.0252574545705118
9037,0.26469478719338235
9038,0.9828456698346723
9039,0.3913638279174069
9040,2.1044235747848035
9041,0.10400294648944716
9042,0.865609471819636
9043,-0.19629496986488598
9044,1.0262265011272302
9045,0.08557235338275028
9046,1.652713702972763
9047,0.10473171308155597
9048,0.19757949175661133
9049,1.375579456003948
9050,1.99522665406239
9051,1.5273803812511006
9052,1.4736556266474616
9053,1.5967470867723403
9054,0.641621560313467
9055,0.5290592793873337
9056,-0.0166594492328878
9057,0.6106090071744528
9058,1.5533550938031353
9059,0.6798465268370344
9060,-0.045948251360130046
9061,2.1842594285456154
9062,-0.06580726140098557
9063,1.1928186308282103
9064,2.4245973497938804
9065,0.637417733807297
9066,0.3079624970283401
9067,1.0459684819745503
9068,1.7074275221768664
9069,0.40111150906888965
9070,1.8240016430516643
9071,0.9540370699022176
9072,1.9198996771671333
9073,0.7489450422519873
9074,1.4972070901764227
9075,-0.20216266067752514
9076,-0.08253729136638464
9077,0.24650862304377869
9078,1.7115289251214554
9079,1.5161264238991312
9080,1.5254548152877458
9081,1.234905499785008
9082,2.141348405758088
9083,2.2097972924337395
9084,0.4112945609338669
9085,0.3197505109121125
9086,-0.9459209526454582
9087,0.9961208884731121
9088,1.0879503055669644
9089,0.34309003899754786
9090,1.2766211483158203
9091,0.16206813040231138
9092,1.8075303396092646
9093,0.40165866743635936
9094,-0.049974913365816206
9095,0.8733054359294703
9096,0.928741970023333
9097,0.6388521904504643
9098,1.4336638388213236
9099,0.34470135532376883
9100,1.3129865849043092
9101,1.6000863346264769
9102,0.9506443539585279
9103,0.039514720359721464
9104,1.0534031935284751
9105,1.2644476993552671
9106,1.2554151533084486
9107,0.9102563390892077
9108,-0.2227069375025186
9109,-1.066189791129541
9110,1.0934187639258002
9111,0.7824004561436856
9112,0.2925383499872644
9113,1.813422221296437
9114,1.788431313237653
9115,0.18011797243689848
9116,1.7787321834240617
9117,1.7307977198866298
9118,0.8076659183107427
9119,0.6339625133550915
9120,-0.6408885383233429
9121,2.0077406554945467
9122,1.416046423277866
9123,1.4911269448587097
9124,1.1628121382431602
9125,1.3788505260058512
9126,-0.006690901709119949
9127,-0.11174386056994184
9128,0.9194374447328033
9129,-0.6415790989304347
9130,2.1205922427578017
9131,1.1611298161969452
9132,1.1597895527465867
9133,1.1834447883420967
9134,0.3881406789442466
9135,0.6296868517755319
9136,1.0203399564406483
9137,0.1140515365738418
9138,0.33733037304739777
9139,0.23493335560948275
9140,-0.2559468326090372
9141,0.744841628485528
9142,1.1344419832236814
9143,1.8126692598643475
9144,1.6143710989395819
9145,0.4713740447914895
9146,0.045311648622883234
9147,0.5084921729461105
9148,1.64443675378057
9149,-0.08978865416352541
9150,0.9804157162004943
9151,1.166107181571036
9152,1.166618063945628
9153,1.4683067363764437
9154,0.6217175466557586
9155,-0.0850744120968713
9156,1.2167211486516696
9157,1.3967418081318161
9158,0.011558526269844438
9159,0.22774731524245864
9160,0.7226245099048019
9161,1.4041498095845246
9162,0.5396536670110117
9163,0.9794217383888711
9164,1.1368162656783354
9165,2.3163455056679725
9166,0.7067644221304289
9167,1.279029608220758
9168,2.002838133207789
9169,1.0815298777100277
9170,1.1231177307691174
9171,-0.12562919972509642
9172,1.6433706276566025
9173,2.241524790569764
9174,0.07646869532387959
9175,0.21034004373009768
9176,1.5796928020176761
9177,1.0755776671784605
9178,1.3012438987737718
9179,0.729988853097095
9180,-0.08764084116575152
9181,0.3731719203403994
9182,0.3651750590072473
9183,0.2634985210734025
9184,0.9767158795239728
9185,0.7097231390818451
9186,0.3093644610663512
9187,1.52985524442119
9188,1.7482706160899169
9189,1.0841938471112322
9190,1.0280285065101629
9191,1.2397233524692133
9192,1.4695159033956615
9193,0.26362899813830853
9194,1.5311408650151004
9195,-0.11691356149041476
9196,2.199498372662598
9197,0.4052033060875888
9198,0.11747838495293793
9199,0.34104662541362424
9200,0.48574395057381153
9201,-0.9297788974154669
9202,0.42937748577705287
9203,-0.13391986778899198
9204,1.6131832594142752
9205,0.774176221372988
9206,0.2936363688844684
9207,1.098189952207779
9208,0.9163770411751606
9209,0.824806987767245
9210,2.1450467293901214
9211,0.8899756907649458
9212,0.5447870623870403
9213,1.1460142271067721
9214,1.7511397828914637
9215,1.3871758304568311
9216,1.5750061792065804
9217,1.5818915767652624
9218,1.1964760513096557
9219,0.6551756157843829
9220,0.16911528364391337
9221,0.4657795065567413
9222,1.4128150418980168
9223,1.0557088986839338
9224,1.5754929255340386
9225,-0.016454592962745172
9226,1.2029520246195595
9227,0.7571189069311367
9228,1.8152981792389538
9229,0.7404239373383206
9230,1.2122978297174307
9231,-0.20819585463355336
9232,1.541817732832422
9233,0.40504648047696395
9234,0.1767201979475176
9235,0.2266577031853035
9236,0.8216135039472138
9237,1.912446221129909
9238,0.18552218772985146
9239,0.4980323669537628
9240,1.4156398124931346
9241,0.0071447857532758625
9242,0.22762431893580037
9243,0.22497855648885698
9244,-0.05337758766046245
9245,0.9270197233411944
9246,0.035743023980481646
9247,2.1163743966283968
9248,1.5247249799310998
9249,0.8798269975939436
9250,0.8206110397601897
9251,0.7679051006895328
9252,-0.42582883895509754
9253,0.8437856725009049
9254,0.3913363754257849
9255,0.23159878511679693
9256,0.5274726822588863
9257,2.286353775938692
9258,0.7693019940655157
9259,1.928914071693077
9260,1.2172788970138677
9261,1.2718970281884432
9262,-0.07978408439741481
9263,0.18067348939625827
9264,1.0004826601754804
9265,0.16153137978636425
9266,0.45739295561165216
9267,-1.1760940219175744
9268,1.6521354042811458
9269,-0.14713663803335325
9270,1.1888843520064842
9271,0.9613393427987501
9272,2.149026780599623
9273,1.5203805497404324
9274,-0.1039725946811039
9275,1.6143158524979955
9276,0.9356887701607596
9277,2.091991358052911
9278,1.3881218857482192
9279,-0.25964013733171154
9280,0.7509018487117292
9281,1.695230894141342
9282,0.38298078065567775
9283,0.829645094126024
9284,0.46005979603534086
9285,0.6605541387961182
9286,0.9382611368952222
9287,0.145923953417066
9288,-0.11515844086418514
9289,-0.22135125318306978
9290,-0.04819486894179281
9291,-0.10525459352594996
9292,-0.08115485877625393
9293,1.6007466456401418
9294,1.7499214530970084
9295,1.7976284159599367
9296,0.5423381749468864
9297,1.9662879570208478
9298,1.696852761682061
9299,1.0876003429277812
9300,1.1360147196085295
9301,0.8240488406769559
9302,0.44979543133061156
9303,0.27147800140819267
9304,0.5618385831229613
9305,-0.01003590704814886
9306,0.6336440271437239
9307,-0.7226889976620504
9308,1.0205729567226287
9309,-0.06573105644943651
9310,0.3698028542703316
9311,2.1548251973960912
9312,0.0799672745803208
9313,1.4873238529224053
9314,0.571042320018314
9315,0.33661655022055575
9316,2.132868246506577
9317,0.7745241846989163
9318,2.109930403400624
9319,-0.2065506733597037
9320,0.791592279891867
9321,0.202152161587136
9322,0.38294622782537846
9323,0.16674710909892176
9324,1.1332721904390664
9325,1.5017709658379494
9326,0.1706161944835097
9327,0.6423771252888312
9328,-0.1582509203521953
9329,1.3359858646890397
9330,1.878911694869665
9331,0.30972703600652973
9332,-0.10323780248367215
9333,0.11331451756952217
9334,1.7560208891558535
9335,0.7913915500223221
9336,0.8181388911071873
9337,1.5890494141319733
9338,1.3053401604916015
9339,0.9539673447345027
9340,-0.4562393926606194
9341,1.409785208954259
9342,-0.057930962243973455
9343,1.108383799339987
9344,0.8257222575252585
9345,0.6969310378592599
9346,0.4067114677716631
9347,0.7510520723976537
9348,1.4880124307682425
9349,1.6776439776985965
9350,0.8071311270539098
9351,0.8507198325683694
9352,-0.12404848771030708
9353,0.026637319354836778
9354,1.1614061529881978
9355,2.0644654190856064
9356,0.47298160867485506
9357,-0.15136570760698667
9358,-0.19396932116318263
9359,1.3867986407193575
9360,1.3566085044200322
9361,0.332428829184755
9362,0.1564168217664186
9363,0.2549579434875958
9364,0.5666556566132398
9365,1.0849767512624076
9366,1.488193808699672
9367,0.22373481348166788
9368,-0.017869711694446018
9369,0.4244296991343484
9370,0.5040271305995734
9371,0.16090220160716381
9372,1.1611375583944308
9373,0.7012509465993424
9374,0.7988965818057016
9375,2.1705712692044186
9376,0.28603446122082865
9377,-0.10661358619841375
9378,0.6658043279015786
9379,0.9436656793221603
9380,-0.45835556512860426
9381,0.779551904880889
9382,1.867440839830935
9383,0.2285425318449687
9384,0.4798718513987196
9385,1.1057812081653617
9386,0.7372801268600913
9387,1.1990804386491278
9388,1.4549504434968334
9389,1.4864924367523327
9390,1.2315447761308347
9391,2.3394272580146453
9392,1.4881333698276427
9393,0.8577175400220766
9394,0.6164565506196905
9395,0.6234381300993898
9396,1.688776421826363
9397,1.1818363694087435
9398,1.3897992384902784
9399,0.8183353832017742
9400,1.429811865965898
9401,0.5693775102604155
9402,-0.016696772424602928
9403,1.2648031829178117
9404,0.6431168651515721
9405,-0.3506656828636591
9406,0.14851568832423367
9407,1.3780065375151311
9408,1.634473001657193
9409,1.1932390800083525
9410,0.025632833601260056
9411,-0.07352862770698797
9412,2.1544529449852936
9413,0.025517684778536734
9414,1.899721092854485
9415,2.0010758694069835
9416,1.3027633100531246
9417,0.5459172913987826
9418,2.025768679118296
9419,1.9668712750243893
9420,1.5560177733230627
9421,2.10845515283767
9422,1.0442694690763252
9423,0.8600113524012901
9424,1.3881606998840346
9425,0.6675713807275174
9426,0.8242446147769572
9427,0.8790274675689245
9428,0.3151370992421647
9429,0.894764961658293
9430,1.152913551086637
9431,2.0596677940216828
9432,1.4183147902755782
9433,0.6508197181182958
9434,0.08155321692286671
9435,0.874467523405962
9436,0.6689782291307632
9437,0.5046843635544074
9438,0.5459971090662291
9439,0.9577058964195766
9440,1.1090510459484695
9441,0.014485633040299407
9442,1.5105693439640966
9443,2.2239716501387754
9444,1.0067616128389294
9445,-0.20454950727267143
9446,0.46689481809984423
9447,0.5193946444982773
9448,0.4368364909415873
9449,0.5801255975335409
9450,0.6040852009431517
9451,1.3891496779085004
9452,-0.007025404742071792
9453,0.28052519165528805
9454,1.3524574246256589
9455,1.569666193051096
9456,0.2668900072267373
9457,1.1285808322998263
9458,0.3214326566352005
9459,0.5644765427507004
9460,0.861569017154358
9461,0.5134694139802647
9462,1.3600889630560036
9463,0.2142438426457552
9464,0.43873317071403795
9465,1.5061046777702516
9466,1.3933407872537993
9467,0.6304638585409575
9468,-0.05642019146841608
9469,0.8764109652609914
9470,1.0893034395242853
9471,1.0331764639038958
9472,2.0677625593878473
9473,0.9446527023804784
9474,0.5273594637110063
9475,1.3125812519362918
9476,-0.1905438931972336
9477,-0.1348725825171157
9478,0.7278081880566037
9479,1.3686060392915462
9480,1.0449457693372364
9481,0.4831172496595034
9482,1.0123955869610815
9483,0.4323667103226374
9484,1.984025764476058
9485,0.7864237883207542
9486,0.43386215124436633
9487,0.5525857553607706
9488,0.3087032467563844
9489,0.9334444116309346
9490,0.0019208534913083136
9491,-0.20383441659595744
9492,0.7265302599342566
9493,-0.025102135961125413
9494,0.6405413045152654
9495,1.1740808000154463
9496,1.4875290768090508
9497,1.6608100452377785
9498,0.38119475794134877
9499,0.7935455523104792
9500,1.0472725427337446
9501,1.3435311010805429
9502,-0.025320354283206253
9503,1.343448841590969
9504,0.46222872492404776
9505,0.16303030891876805
9506,1.8707489511534683
9507,1.763539146573743
9508,2.0102101810297897
9509,-0.08179032900658276
9510,2.0713504743907594
9511,1.2307265106687002
9512,0.8573931680586442
9513,1.3026647591013245
9514,-0.08287228586901016
9515,0.10245330961052138
9516,2.0692662558348367
9517,-0.16322880636419215
9518,1.2716146976983334
9519,2.170488102508044
9520,-0.007499595459716547
9521,1.5102084386464798
9522,0.8009044745186623
9523,1.0665816627468898
9524,1.4053429862116482
9525,0.6215363064524434
9526,0.7971159240771992
9527,0.9073260386564918
9528,1.0500157216087462
9529,1.145443283475608
9530,0.4655736444649061
9531,1.631197195611207
9532,1.86855308909018
9533,0.21215532114238383
9534,2.123024198720407
9535,0.6606525938201548
9536,1.5671478923045261
9537,0.647015814805702
9538,-0.0609402294166274
9539,0.4415838700041619
9540,0.6450707714793913
9541,2.4816973904198587
9542,0.5952502832115486
9543,1.703765173554895
9544,1.6358857328392225
9545,1.557829619363593
9546,-0.06700744407368987
9547,1.577145716447289
9548,0.579385250301388
9549,2.349864310923678
9550,1.3461671420564336
9551,0.8870390804636372
9552,2.089337265122544
9553,2.0669632125330764
9554,1.1473086719647863
9555,1.8389641118891635
9556,-0.032059934290702606
9557,0.962377766914457
9558,1.470413879825363
9559,1.1843748223524835
9560,2.0394010283085557
9561,0.33812270179801446
9562,1.8260615392472688
9563,2.091907004038831
9564,1.9415730308427572
9565,0.8641889835912833
9566,1.2814931086984964
9567,2.0452276887910434
9568,-0.01704820367631963
9569,1.1125149266341197
9570,0.8993253512574642
9571,1.2099348375259003
9572,0.6162962172685326
9573,0.9051677202316255
9574,1.7496269810009875
9575,0.29027048311958636
9576,1.48149256134295
9577,2.1667758493870126
9578,0.8245200192207318
9579,1.8892741582942347
9580,0.47714541639237834
9581,0.2464786704417209
9582,-0.5359259394125516
9583,1.7684066618420609
9584,1.093146219110537
9585,1.9368007300791807
9586,1.0297508315439001
9587,0.006718256119658678
9588,0.6407335770092268
9589,1.4002710187290064
9590,1.3037538947766403
9591,2.1775138450132787
9592,1.118623298929549
9593,1.4367550132332418
9594,1.2186655881277255
9595,1.1268199247919433
9596,2.073885807234512
9597,2.1099283337439454
9598,1.8635914695216578
9599,0.014437158264195003
9600,0.20889040263682776
9601,1.4060438455270137
9602,0.8302607348106291
9603,2.1009026315676684
9604,1.1004306070149246
9605,0.5740303326379983
9606,1.7601574808140104
9607,0.9351754472647763
9608,1.2651073798328532
9609,1.4453670871466435
9610,0.6067889276249975
9611,1.3637089280345867
9612,1.220199368131218
9613,0.23234961324136044
9614,2.0622885959483668
9615,1.574583193374527
9616,0.7079735112552675
9617,0.6183175244826759
9618,1.3912202299669842
9619,0.9318724814218932
9620,1.3508797348476216
9621,0.36742858275637813
9622,0.04841600416665786
9623,0.385118368303185
9624,0.5485680686006206
9625,-0.23535668152650963
9626,0.07100309793275035
9627,0.7979653016177788
9628,1.2763464619307898
9629,1.9485054294728446
9630,1.495666870777158
9631,1.3155921539692068
9632,-0.07160297405014071
9633,0.370863092640855
9634,0.6280845867303141
9635,0.7559862469175561
9636,2.090842077687987
9637,0.9040222807760941
9638,1.1576748338083862
9639,0.1866095146497672
9640,1.3888262039354087
9641,2.526619071323468
9642,1.2126330408002386
9643,0.6435980202748998
9644,0.5188948252548811
9645,0.14580485022157288
9646,0.050895923445419045
9647,2.0900714079247593
9648,0.6306858336095849
9649,0.8115637715173656
9650,0.7136260329135427
9651,1.0992173607576412
9652,1.357680994293187
9653,2.439580957282159
9654,0.6980019523982925
9655,2.001586625054497
9656,0.2806893058201589
9657,1.1903440250108535
9658,0.0021128016704732855
9659,0.06417384403168575
9660,0.001033254385922163
9661,0.004750029582270148
9662,1.5938095759533253
9663,0.9224543136077452
9664,0.48135358879761825
9665,0.8228206654811089
9666,1.078161316330856
9667,0.22063283304610842
9668,-0.05998994055461623
9669,1.034813301573935
9670,0.5992521516039642
9671,1.162065089273467
9672,0.5106014558275679
9673,1.3596414856372938
9674,-0.058839946649271294
9675,0.7016166602573767
9676,1.6381117619455987
9677,0.07659003365447578
9678,0.8134639362508753
9679,0.7118791538951219
9680,0.19627011331290162
9681,0.2822301773562156
9682,0.4539295915897615
9683,1.5225189818429539
9684,1.5056725694886601
9685,1.8522748835257232
9686,0.6070918774142031
9687,0.19496529796102643
9688,1.1384512288603845
9689,1.5891819266197817
9690,0.5513019626474183
9691,1.191917660082592
9692,-0.1563240761643831
9693,0.8953121848159472
9694,0.3699108550301086
9695,1.2833339077809542
9696,1.5924444504841582
9697,0.3138220046215156
9698,-0.7904089677143274
9699,1.3101259303416812
9700,1.6412099741719972
9701,1.7944560681881518
9702,0.16050528540917028
9703,0.3123091078232274
9704,0.27219434465980363
9705,0.5771899652508542
9706,0.9523151498300453
9707,0.5936976827735729
9708,1.1390672272689917
9709,2.1216619844304847
9710,-0.1293835408219845
9711,1.7701676045522805
9712,1.7392700681889526
9713,1.3437509980451465
9714,2.1953361350070035
9715,1.3119242014235448
9716,0.4954679373337663
9717,0.33680391520576514
9718,0.5922125613565464
9719,1.6170881836388926
9720,1.8332753303886076
9721,1.182717210929202
9722,0.9503518963270992
9723,-0.06459356346762633
9724,2.053056820113995
9725,1.6322894449400802
9726,1.6659317987178852
9727,1.5594164914414121
9728,0.6647792207761862
9729,0.8458697268325832
9730,-0.1959552254452352
9731,-0.00016579255130981171
9732,2.209207304846784
9733,0.44104823789790265
9734,0.06071845295144441
9735,1.46249484738323
9736,0.42811824701119844
9737,2.058334580162079
9738,0.24569863325886307
9739,-0.11462505157084837
9740,0.6896419114709962
9741,0.17735410128892423
9742,1.5912845475557689
9743,0.7420681721601599
9744,1.839262242247245
9745,0.1287519340790161
9746,0.40111583518632415
9747,0.6144661787346133
9748,2.1615883864452554
9749,1.5809056013818186
9750,1.1151456980587813
9751,0.26460995234677953
9752,0.03756645146157188
9753,1.007826383928687
9754,0.865170423620258
9755,-0.13093821690139673
9756,-0.19647103641014763
9757,1.0534403844208609
9758,1.187890718912617
9759,0.6855880576683119
9760,-0.05795207298738429
9761,0.47612640783850985
9762,1.6323348842589978
9763,1.5693704580935512
9764,1.0909451524511713
9765,1.9077867938861086
9766,0.20689351645364495
9767,0.3172973403942587
9768,1.556040987291876
9769,0.5423293060950248
9770,1.4511633569477635
9771,1.3761051716267838
9772,1.5039673619994784
9773,0.4116150087161196
9774,2.1132331239917903
9775,0.678177002474307
9776,-0.2337716470517524
9777,0.7415415469097117
9778,-0.03940990851095219
9779,0.027450962330334026
9780,0.8975604453339224
9781,1.9212048221890914
9782,0.3425725208234769
9783,0.18191319862478753
9784,0.30779765080585236
9785,0.1618823471399585
9786,-0.1583724474375384
9787,0.5041907215436944
9788,0.8526750065695775
9789,-0.6564363831276376
9790,1.1402108381820333
9791,2.029649858886665
9792,1.4660062266583096
9793,1.0725730207044755
9794,1.3524620957303788
9795,2.350837617153788
9796,0.4442620626294492
9797,-0.09775197793290269
9798,1.345261537551902
9799,1.9321010156984075
9800,0.05102305752552504
9801,2.1427984769042316
9802,1.1079697287459616
9803,0.3315154267592346
9804,0.758688968669202
9805,1.6026894303627757
9806,0.33095811909385614
9807,0.9370962061419791
9808,-0.08347236514349912
9809,1.2834733548862385
9810,0.8052685436910194
9811,0.31633124012436065
9812,1.3522459046961888
9813,1.701079269435142
9814,0.6536606665197594
9815,0.7181275808621626
9816,1.184517157589831
9817,2.081397309632128
9818,0.63384127339862
9819,0.21309289515947
9820,2.202690520181247
9821,2.303294299182154
9822,0.8256996724364122
9823,2.6882853065902643
9824,1.4592183257494376
9825,-0.10958366560266194
9826,1.3235634170466102
9827,0.9059980795590852
9828,1.1532969173020065
9829,2.0522198690346816
9830,0.9285834329696586
9831,0.8833460442374699
9832,0.3746585336170032
9833,0.9519621648705501
9834,1.808768121749299
9835,1.1014490380570001
9836,-0.011470976693904317
9837,0.4321623307811953
9838,0.17530709025497326
9839,2.0672795684091994
9840,2.2148967443403706
9841,0.6590260772625622
9842,1.8935114510864441
9843,1.3673137781048226
9844,-0.17699723549254748
9845,0.340632838502184
9846,1.3915997995970575
9847,1.0631391868940323
9848,0.8898254813549046
9849,1.15721938800464
9850,0.21542488605551297
9851,1.1870072240487275
9852,0.9132098461966991
9853,0.37850809532032936
9854,1.3947483327513888
9855,0.8470933071750748
9856,2.029643559937069
9857,0.33278278184471827
9858,0.1562107464353375
9859,1.6245254522358887
9860,-0.039863133415718774
9861,0.9922549670333067
9862,0.4973834389010172
9863,1.3183385504082692
9864,1.1561393805672446
9865,1.8134664475416784
9866,1.7052413354177443
9867,1.4185546032707725
9868,1.763158144085981
9869,-0.0406895258618427
9870,0.7441614008945007
9871,0.9754052215698726
9872,0.045737040019691394
9873,-0.1175661388063591
9874,0.6979472885604884
9875,1.2149672758252201
9876,1.0156818418134794
9877,-0.3628074448502693
9878,1.8186270542140162
9879,0.5452261119053626
9880,0.3617102177378733
9881,1.4991330915093934
9882,0.9157205309695233
9883,0.6998067544165323
9884,2.0501959030620682
9885,1.2923935833983713
9886,1.7690694523204473
9887,0.1754470731356354
9888,1.7686548331079832
9889,-0.2417361839302028
9890,1.4077511384455996
9891,0.6473303540551567
9892,1.6397992667816066
9893,0.21872208201407695
9894,1.3051782367962916
9895,1.5816162223414902
9896,0.6235602300598202
9897,0.4573842540185126
9898,-0.01656417617210442
9899,-0.16597676144850476
9900,0.6485610130468799
9901,1.6130890433372809
9902,1.8099169640717343
9903,2.2022684109128323
9904,1.259939077495161
9905,2.5143491924122676
9906,0.8372898539617838
9907,1.951667318926226
9908,0.5329318549575781
9909,-0.16230437342857912
9910,1.5314479004112023
9911,0.5682662939917262
9912,0.7036370620338699
9913,0.7374223179954026
9914,0.37011717106468933
9915,0.1852493501363012
9916,0.5564452855636229
9917,0.17110639344808024
9918,0.870057806402334
9919,0.7424202440798144
9920,0.16218015674039363
9921,2.298841031251279
9922,0.5888073366116512
9923,0.15374345597559388
9924,1.7043029979661966
9925,-0.14720751155736592
9926,-0.035456545397563544
9927,0.3797243455264419
9928,1.6967692180936407
9929,0.4493104745046876
9930,1.0018582933096885
9931,1.6897251575857677
9932,1.0921204224553342
9933,1.582528752955756
9934,0.9645812191685879
9935,1.665150888495612
9936,1.5736365548929454
9937,0.09644417394639909
9938,0.8424808445920766
9939,1.8559079189454029
9940,1.8396074880028461
9941,0.1558027970110264
9942,1.3247016994924499
9943,2.126822677661709
9944,0.2007534495031051
9945,1.0340519580203953
9946,1.5828805206518943
9947,1.0303619637664903
9948,0.5576512421556314
9949,0.9831089151433546
9950,0.4594877010643275
9951,1.8391789336488964
9952,2.012228946879607
9953,2.066300678304647
9954,1.328199515754457
9955,1.4445976279217796
9956,0.0730035132564029
9957,0.9591191039838752
9958,0.29408787792953284
9959,0.5944710750679503
9960,-0.11636138002007504
9961,0.7108276378699373
9962,-0.2079086095055953
9963,1.8498729964928107
9964,0.3817599240679319
9965,0.31927950076518835
9966,-0.1878127713597789
9967,-0.12556683697096868
9968,0.4921996482050407
9969,1.2905035603759318
9970,0.39557223247891804
9971,0.8895108588832954
9972,1.3009964376000598
9973,1.0493259175212262
9974,1.1345193084883591
9975,0.28044824736257457
9976,0.8439601318825316
9977,1.5035375817951586
9978,1.813291649272978
9979,0.2186748069444355
9980,0.9650742573736324
9981,0.8194766020785788
9982,1.5558431312609777
9983,1.4113222708550484
9984,2.2183634812110355
9985,0.9885792390384975
9986,0.476749028682542
9987,1.0367709183054288
9988,-0.06768932810624073
9989,0.9533402961926168
9990,1.428381396502296
9991,1.1899192332757427
9992,-0.11534016388998872
9993,0.7180034978631377
9994,-0.057899021524423944
9995,0.8508344947445309
9996,0.2171337364702996
9997,0.694972080222363
9998,1.7805077756743926
9999,0.4598523823938561
10000,-0.04631895809011481
10001,0.9911087916661975
10002,1.5623563069635755
10003,1.223466914421762
10004,1.223625748869548
10005,1.1046450751564447
10006,0.5117049161693478
10007,0.58535922878122
10008,0.3036301789923772
10009,1.6108953222822413
10010,1.4185413193254364
10011,0.9079747426354426
10012,0.4465536613563917
10013,0.9319300279899163
10014,0.6477134421655206
10015,1.354593858725294
10016,0.15166781571949595
10017,0.7437408095421941
10018,0.09043607499495351
10019,1.3804086063611165
10020,0.17729436399990106
10021,1.7311254830851248
10022,1.9924505460854913
10023,2.290856298143923
10024,0.7258634136883676
10025,-0.2933130610716218
10026,1.3201920563373346
10027,0.30718573933670956
10028,0.5383616242796132
10029,-0.1464180021591917
10030,1.8764274264063925
10031,1.9890721614469526
10032,0.7578510926905733
10033,1.400808484306203
10034,0.43003897110609934
10035,0.3866760612696141
10036,0.23199955383074816
10037,1.8506650264485291
10038,1.4911628472553269
10039,0.7439951566332912
10040,1.3444918016268732
10041,0.024849722622644323
10042,1.7612304586019611
10043,0.6726260301565964
10044,0.87827237129204
10045,1.238384279248119
10046,1.569086544356392
10047,1.6697746740824102
10048,1.3315183688444312
10049,1.9624240065259966
10050,1.2729679819283746
10051,0.33356357002009257
10052,-0.21302814845866247
10053,1.046016736152258
10054,0.49960481799203194
10055,0.9742399278118193
10056,2.061879026278958
10057,0.749833149020958
10058,1.299382678944069
10059,2.1531358571451373
10060,2.0618202421743526
10061,0.9155232511057516
10062,1.14192258241182
10063,1.6037689541118358
10064,1.202840977741357
10065,-0.19899543518420057
10066,0.7344841653065264
10067,1.8373078825194453
10068,0.5204720335658732
10069,-0.0033975951022640616
10070,0.18630116666016763
10071,0.21039857142045293
10072,1.8539601850763217
10073,1.1072457210017064
10074,0.9676359059756556
10075,0.8169751397152302
10076,0.6545451390734828
10077,1.1758420381735055
10078,1.323842741000899
10079,1.1146527868183889
10080,0.8892129606330325
10081,1.330245702146406
10082,0.8072859847897351
10083,1.5207009521045964
10084,1.55650954987997
10085,-0.3465144153417233
10086,0.5569381875492366
10087,0.8911666997647001
10088,-0.06620811248659414
10089,2.01395249215488
10090,-0.1459594449827439
10091,1.443416983306335
10092,0.7534548729203131
10093,0.022190237898140373
10094,0.6445450310821076
10095,1.4985078264157004
10096,1.4523861009591292
10097,0.44692221127749276
10098,0.9559440275834322
10099,0.05823344355711948
10100,1.1086762381268636
10101,0.22518467646642448
10102,0.3629389769724704
10103,1.8055842888476905
10104,0.2673243162454152
10105,0.23232941365338527
10106,0.7301017963473652
10107,2.208265719645754
10108,0.8293502958043749
10109,0.23646441758021894
10110,0.041448320126029135
10111,0.2941770399877569
10112,2.1047230690365955
10113,1.8986678521414717
10114,2.092715971012256
10115,0.9533137771759561
10116,1.27366598269714
10117,0.840805097529706
10118,1.215119105967862
10119,1.8434941402285487
10120,0.06582069813572664
10121,0.5235574828249605
10122,1.0677171439493904
10123,0.9912951874764507
10124,1.9913288747741973
10125,0.01705467581952627
10126,0.6703539975278153
10127,0.7093068551236253
10128,0.2723261041532965
10129,1.4190055921986893
10130,1.5154054950804994
10131,2.2493708700945074
10132,1.1710604440994332
10133,1.6707827085706894
10134,0.695055781753173
10135,1.7392242106861173
10136,0.4191229920797565
10137,0.7813380665032641
10138,0.5428831022629332
10139,0.5169868656702543
10140,-0.03698073483478631
10141,2.065407333198709
10142,0.8151706931379408
10143,1.9947111404745244
10144,1.4122402091893225
10145,-0.1762602026971868
10146,2.242987573477354
10147,-0.1764303958729169
10148,1.7720499037772504
10149,-0.4633586559103504
10150,0.3231126814913808
10151,0.08371960815305943
10152,0.5285750764840585
10153,0.6252932510196458
10154,0.027377287438793287
10155,1.3774034516229707
10156,0.8921183314349425
10157,-0.02477302720647516
10158,2.083313847198375
10159,1.7622622681239417
10160,0.05272254238680597
10161,1.6274771007316793
10162,1.4242554188284355
10163,0.9376997560522595
10164,2.1643537000087503
10165,1.7551685532867738
10166,0.5409784419468605
10167,1.9177270888664957
10168,1.026214242873377
10169,0.00481486907651053
10170,1.2319937187029848
10171,1.9650047232303922
10172,0.23163590065043854
10173,-0.015200789896281177
10174,0.000766789429791935
10175,0.5901814692349815
10176,1.7595108969722342
10177,1.0245738865522125
10178,1.4929006945257195
10179,-0.2036503872284528
10180,-0.08705919735614776
10181,1.739411317142044
10182,0.8074723713294121
10183,-0.18597558025183447
10184,0.4724842546195292
10185,0.39933173253995113
10186,1.8198436495108858
10187,1.5402518846310755
10188,2.1739504543715844
10189,0.09880637948313896
10190,0.6197097230366568
10191,0.029646904586323547
10192,1.7504090389973295
10193,0.10372025786059008
10194,-0.10721607845896655
10195,0.5006260314935097
10196,0.8299442644545632
10197,1.2921138521369062
10198,0.2248484039473327
10199,0.8872647349824837
10200,2.13546093831
10201,1.9081949609637812
10202,1.268051320123462
10203,2.099223830807802
10204,0.18161313034368767
10205,1.1836480000755771
10206,0.6421526079183555
10207,1.4080928011223668
10208,-0.05104659761969979
10209,1.9880074715235474
10210,1.3435078831153893
10211,0.22609258449557035
10212,0.6518946936159272
10213,0.25614968410931405
10214,0.7546624138766489
10215,1.6448075402682152
10216,0.8809490179815477
10217,1.5791776453078639
10218,0.3288779903464201
10219,0.727397219431179
10220,1.6375163483632245
10221,1.429820285760743
10222,1.2567416353714078
10223,0.16783934665357714
10224,-0.0706202992558958
10225,1.3127166820295746
10226,0.9748633107484104
10227,0.9912758853632725
10228,0.5466113941215052
10229,1.4296109437421203
10230,1.4589053025206073
10231,2.297714750092026
10232,1.0390943907335706
10233,1.422740752531168
10234,1.9593260601221272
10235,1.4418904157371861
10236,1.0062134827450844
10237,2.105554902121786
10238,1.6124371131099773
10239,1.8345271300375905
10240,0.8849294453725627
10241,2.079877487831606
10242,1.305260226951142
10243,0.6561191251701617
10244,0.550815630868356
10245,2.1064548017875295
10246,1.38433586852632
10247,0.6409217817997805
10248,1.229339529678196
10249,1.216695164077263
10250,1.2068408108588304
10251,1.100057614110269
10252,2.03629649995486
10253,1.2675183319941956
10254,0.7268360865092118
10255,1.4006826541421016
10256,1.3913463825785979
10257,0.8050145415127643
10258,1.4194931021124804
10259,1.0671502084789806
10260,2.3086756923728813
10261,1.280302245322299
10262,0.20336069069783752
10263,1.2012019461497716
10264,0.42312251928235123
10265,-0.08263873175069639
10266,0.5868549845901592
10267,1.2650993591968778
10268,1.0256558221204184
10269,1.052803257686197
10270,0.0025115002097588768
10271,0.5962904977208944
10272,0.7512101173907194
10273,0.004199089447258487
10274,1.6303784082980195
10275,0.5334319062668968
10276,1.142813450855374
10277,1.7301540519429333
10278,0.5943333965824805
10279,1.0563922318675203
10280,0.45069895422125833
10281,1.376392590085207
10282,0.22337610844347028
10283,0.2568698240905609
10284,1.5911263636882054
10285,0.3134853553404157
10286,0.931813498732361
10287,1.8835143125682836
10288,0.7583448705594299
10289,1.2118661878410975
10290,0.5838830834625471
10291,-0.12472289097725503
10292,1.3900133870502476
10293,0.33437099707186146
10294,1.0936880209673703
10295,1.8014053308478148
10296,1.821335111843196
10297,1.1268595616186783
10298,1.7616704471718747
10299,1.1103045438114267
10300,1.016913175848801
10301,1.7203563499204269
10302,0.9290900994947938
10303,0.4046926938088443
10304,0.46087228027782157
10305,0.4939739226317753
10306,0.49462980303221915
10307,0.8363810370294659
10308,1.4290555524261699
10309,0.29734811758904467
10310,1.8108302019272786
10311,2.1770719078632257
10312,1.2654580360689514
10313,0.5332558139399693
10314,1.773270892541587
10315,1.1968125653443913
10316,0.4863069340250537
10317,0.7347805037825527
10318,0.34258376334280716
10319,2.086617320987098
10320,0.7666670827985004
10321,1.1778727468263646
10322,0.43483410892021496
10323,1.1537543270761619
10324,1.3942398263625382
10325,1.6010478321142851
10326,0.3946142454699982
10327,2.098007821377737
10328,1.4407978456061614
10329,0.5859292832248112
10330,0.161352480730739
10331,1.2259514307186081
10332,1.3233893760102673
10333,0.6799301350588961
10334,0.9907701565262883
10335,-0.15883822204076214
10336,0.30921608592534156
10337,1.5808951699923783
10338,1.2447209347295942
10339,1.399521596184371
10340,1.2332738131274275
10341,-0.06050524614686412
10342,1.605666596891384
10343,1.3352765348870477
10344,2.1705698777028033
10345,0.28804016571569235
10346,-0.01291831042748317
10347,1.101454994963453
10348,1.2997413473500765
10349,1.0355972829617512
10350,1.0400259471748796
10351,1.6942147496121733
10352,1.466718368333538
10353,1.5880335655535454
10354,2.143611458611604
10355,0.5338484296579564
10356,-0.23255036379266722
10357,0.8446524750522106
10358,1.9608885057769558
10359,1.4035580602511457
10360,1.3366397163847779
10361,0.4967997828461869
10362,-0.07965518301603643
10363,1.889210198546312
10364,1.4674719335936837
10365,0.6221467461590493
10366,1.5317681643523353
10367,1.9446926464959071
10368,1.3078276030512304
10369,2.093547709980401
10370,1.757081543100757
10371,0.38513692235259955
10372,0.3327381906730248
10373,2.0750771807864505
10374,1.1893960212862915
10375,1.810370185939028
10376,-0.3446206837989206
10377,0.31215940708237516
10378,-0.16158806431283398
10379,-0.16478189490507295
10380,1.8537848398812753
10381,0.16755496245495063
10382,0.4969868745966018
10383,1.5692558176306632
10384,1.504020540139931
10385,0.5872834201059927
10386,2.1478130158097493
10387,-0.05764641010158178
10388,-0.08228664366678272
10389,-0.08646280629454214
10390,0.19647564386735547
10391,0.0006071301130674972
10392,1.797000062855587
10393,1.486525174786378
10394,2.097451312772065
10395,-0.005448815982427163
10396,0.27874034613735904
10397,0.21826316255533587
10398,0.8727347298055672
10399,1.9917215420819059
10400,1.502238172524259
10401,1.2689771365768132
10402,1.8991537362253417
10403,1.0905821878389883
10404,2.0541611784986076
10405,0.08235430498238677
10406,0.9194993672365027
10407,0.40675237205791276
10408,0.14617286901005924
10409,0.387144650401749
10410,1.4460494868337754
10411,1.40182864141318
10412,1.5747649401413935
10413,1.342514162284683
10414,0.7527330929199278
10415,0.40321509960663665
10416,0.9517777300518604
10417,0.43835301877084465
10418,0.1091838050168938
10419,1.058283508603938
10420,0.879797152555027
10421,1.7382016073373239
10422,0.3240753458798029
10423,0.9110735835262378
10424,0.13206753714096892
10425,1.1979899707345882
10426,1.3231498658621983
10427,1.6082351514696076
10428,2.4967774470375415
10429,1.1452684947321001
10430,0.5379564384373575
10431,1.4128548363740439
10432,1.8520601559230543
10433,1.0947774179418879
10434,0.3679877664154707
10435,-0.046401889556735756
10436,1.4419532195070892
10437,1.6133331159679267
10438,0.9605573158656174
10439,0.9305687851268836
10440,1.5238103505063048
10441,0.7283705497907974
10442,1.1520290945347968
10443,0.08037347087934743
10444,0.6234821643495165
10445,0.0976005685925181
10446,-0.3997507951770239
10447,2.1438206828706914
10448,1.2067760228727478
10449,1.281269537074593
10450,-0.18257943628286996
10451,1.8889997557727831
10452,0.4228594716496849
10453,1.1487849641671086
10454,0.4112036476718974
10455,2.121511053309776
10456,-0.009420822513236136
10457,0.4980959717915498
10458,1.7209001728596491
10459,2.45172458572496
10460,0.7750710164541266
10461,-0.38064554234529413
10462,1.4754778427931012
10463,-0.0175007572930893
10464,0.0358607941751689
10465,1.9983393488232983
10466,1.1353119207964535
10467,-0.04511549350178269
10468,2.0083592495066336
10469,1.371396703906175
10470,1.7020659032863423
10471,1.2667061835805387
10472,1.302467665914798
10473,1.1240602426955948
10474,1.2565674234803381
10475,1.052300538899342
10476,1.793529370408895
10477,1.2069892010503036
10478,1.5029747636312567
10479,0.5344366393358586
10480,0.7116431766088116
10481,1.732743879733034
10482,-0.15310718158803152
10483,1.8246316405615932
10484,1.4555990577175546
10485,1.3500527572348036
10486,1.9797168605909705
10487,0.05612267829667548
10488,0.8827777878487199
10489,2.0437570421384943
10490,0.2027009923085887
10491,0.3480771693288726
10492,1.4243972676746641
10493,1.3035992769519136
10494,0.8455245220269905
10495,0.7776622188292203
10496,0.8649929324451119
10497,0.7716832952344207
10498,0.8726564160461073
10499,1.4393331193850853
10500,0.8985933072781164
10501,2.1837750346682743
10502,1.3412480052083877
10503,1.0831250766132352
10504,1.339546733118361
10505,1.6389386462650641
10506,1.6025805313585446
10507,0.893760132250527
10508,0.7282808328861605
10509,0.8195499213541507
10510,0.6772009371101007
10511,1.1145946208080235
10512,0.031799535187268024
10513,2.1271226710913527
10514,1.7143203476454356
10515,-0.31606857223731616
10516,1.0885939440889345
10517,0.18988925219938332
10518,0.513394288478062
10519,1.1774392369365763
10520,0.6198864704802475
10521,-0.22221252243330006
10522,-0.1262527867311327
10523,-0.04916100057168632
10524,0.9825975126296768
10525,1.3056978193757622
10526,1.067265047080975
10527,-0.12038954528708021
10528,0.8641289348151903
10529,1.0672332203077706
10530,1.0762306898852176
10531,0.47959948857454127
10532,1.0331248530312087
10533,1.5240481978435088
10534,0.9699678772327887
10535,0.13698950103155608
10536,0.6886581247120207
10537,1.6266350792452224
10538,0.7222859240518573
10539,1.325724927441353
10540,0.23274623539319667
10541,0.02899498001123913
10542,0.9237186787438387
10543,-0.2507048276262403
10544,1.1656443038237052
10545,1.3104081002796173
10546,1.5745783316146416
10547,0.21332941097144884
10548,0.906505875417991
10549,0.1521601019477005
10550,0.9320694488690026
10551,0.5799175459959605
10552,1.3828212161728561
10553,2.4482110235977994
10554,1.3988789911624808
10555,1.1395537410632641
10556,1.5407188299675147
10557,1.0071357564903798
10558,1.1650561936521229
10559,-0.18300849715934903
10560,0.6387872439361078
10561,1.8135064528001443
10562,0.9670853885943997
10563,0.5264990966513221
10564,1.8153565916731953
10565,0.9298042279559424
10566,0.11852536626776633
10567,1.7046593727180908
10568,1.0615877878542817
10569,1.4996501584837154
10570,-0.9664425067191327
10571,0.9792423080545279
10572,0.5561733437507538
10573,0.12261087266006661
10574,1.01959541733221
10575,0.40764183162662754
10576,0.4256363316186582
10577,0.8137468895738522
10578,1.0603256025356549
10579,1.5568417916888808
10580,1.0140939463383551
10581,0.8070201502276401
10582,1.6616078145248898
10583,0.5112765084701455
10584,0.4341444989584624
10585,0.4155163318557401
10586,-0.12451483561393495
10587,0.4622223919873155
10588,0.44435280314464287
10589,1.6074186907429608
10590,1.1632354551223616
10591,0.5977441696121486
10592,-0.028574946245813714
10593,2.2281159513268034
10594,0.5964978022238934
10595,0.3153089129335927
10596,0.8228138790422573
10597,0.7987476785875999
10598,1.415799398743257
10599,0.8416912696210269
10600,2.3700016764729597
10601,0.6806732669234346
10602,1.3145191287983755
10603,1.9689065055661321
10604,0.21151653519732855
10605,0.6933094505056648
10606,0.5939317040579078
10607,0.33998364297336064
10608,0.5921522356251918
10609,1.3676565404123746
10610,1.9048155616802436
10611,2.0521073572539117
10612,0.03930970670658282
10613,-0.07989396944228919
10614,-0.09841580656683731
10615,1.5459875813284008
10616,0.8368148286652578
10617,2.0438749644184036
10618,1.1260071644709735
10619,1.5398395293410447
10620,1.149228708493496
10621,2.0015314560802744
10622,0.3396581299299105
10623,2.1902688051400254
10624,0.6065965153717623
10625,1.1938959569789436
10626,1.6253034389413703
10627,0.22306535792605153
10628,0.8799455411370024
10629,0.8269596119267492
10630,1.5132104037863439
10631,0.47870348150809333
10632,1.4662904505136463
10633,0.4518729885043026
10634,-0.12062245796458879
10635,0.20204265737677907
10636,1.9980981062770589
10637,1.2792263115388982
10638,1.1583510613262848
10639,2.2599435824112715
10640,0.6027823158677702
10641,0.7336427045269145
10642,1.3953373011946342
10643,0.639275304718563
10644,1.624490554814563
10645,0.6344841336429761
10646,0.8533387467150655
10647,0.7074774234576434
10648,0.306575410931839
10649,0.5620214148232084
10650,1.6925668122404902
10651,2.0048715973858395
10652,1.209724893160008
10653,0.2255341639360935
10654,0.7997791873539339
10655,0.8163700773921148
10656,1.3491058554122055
10657,2.1995297334374726
10658,0.5616842249306994
10659,0.29490283737666406
10660,0.42439120083258114
10661,1.0699060232881132
10662,2.126705181039812
10663,1.4400699783353286
10664,0.35304474700857313
10665,0.8768268138706965
10666,2.151565877166105
10667,0.7783080905911071
10668,-0.13461791019075023
10669,0.36059699276038426
10670,0.7224458337156942
10671,1.702622403915094
10672,0.42810539303729367
10673,1.6226752327013425
10674,0.3451182863471865
10675,0.6170085492173755
10676,0.43955427978817363
10677,0.9778598865470014
10678,1.8804418592477932
10679,1.0658714902951663
10680,-0.16038259846577643
10681,0.4078824758795854
10682,0.4948750496975981
10683,0.4492982896522948
10684,1.923810290793878
10685,1.5172236957868561
10686,-0.023789129573779697
10687,1.455162866406816
10688,1.0028608346930166
10689,0.8802894430535707
10690,1.0229483606650138
10691,1.1208271825230993
10692,0.8481158971131668
10693,0.741953163059476
10694,0.14012106372255256
10695,1.0841686569882405
10696,1.3601365181572567
10697,0.3821443268658796
10698,0.6984032147146793
10699,0.4542026236306667
10700,1.0051053450671898
10701,1.3866655196630036
10702,1.51682284465934
10703,2.1378229156298065
10704,2.0114303625851675
10705,-0.09400276939639782
10706,2.0756529760299895
10707,0.015740340570588443
10708,0.4544681819355595
10709,-0.042545479221163196
10710,0.40812142527840595
10711,1.1420072253314426
10712,0.7028556710769728
10713,0.9826745440654869
10714,1.4967538836164826
10715,2.1038524149005893
10716,1.0093570094769462
10717,0.6520405861068469
10718,0.07996317346765427
10719,1.1960768579807286
10720,1.6788330049136486
10721,1.4484860252678318
10722,2.320548267383365
10723,0.8800702345434135
10724,0.9027067865224275
10725,-0.046306367659975686
10726,0.4971932815439125
10727,0.03249350766072012
10728,0.5088686064464903
10729,2.078826195867328
10730,1.6160271462242985
10731,0.6438279589115437
10732,0.010212400392120853
10733,1.6969646848298152
10734,0.6160992783267273
10735,1.1229816000223027
10736,1.0636302587989257
10737,1.1525065638099774
10738,2.109797235521456
10739,1.5167427568899092
10740,1.2995305191719222
10741,0.5371714373643877
10742,1.6653387035197564
10743,0.7462314496696532
10744,0.19921071233703755
10745,0.7725288731096238
10746,-0.12458566059785123
10747,0.40292024495690065
10748,1.7581469285080291
10749,1.198745936138812
10750,-0.068042096805312
10751,-0.009023127721283067
10752,0.9176257336207729
10753,-0.6972602821905874
10754,-0.07962392410712238
10755,0.3797721166744278
10756,0.7086457000919154
10757,0.4954251447017964
10758,1.639213800269546
10759,1.440007862889027
10760,0.9640588265170117
10761,0.8286523981166799
10762,1.3383515660661742
10763,0.9074692587649248
10764,1.2221523271212635
10765,-0.20460741457326653
10766,2.0447435066115114
10767,0.5990452051412076
10768,1.1733237516941135
10769,0.6024195202833157
10770,0.2898676595992421
10771,1.27034088136057
10772,0.4884365246091238
10773,1.7394152121595634
10774,0.5391573830929057
10775,1.4948691962615783
10776,0.04025889890444634
10777,0.5420307446329663
10778,0.8834497130437596
10779,-0.06116681733922241
10780,0.9088567731986907
10781,0.8778701043170775
10782,0.376908418917591
10783,1.3898275779247073
10784,0.24260135730627155
10785,1.1902815443292414
10786,0.3785602996224434
10787,1.9423015293060515
10788,0.07267665966886808
10789,0.5114934964131703
10790,1.3872714344799992
10791,1.0635408548658833
10792,0.15063402043543786
10793,2.069371015266753
10794,0.9576439080526401
10795,0.8716780773086465
10796,-0.1618369246681937
10797,-0.07319617463154693
10798,1.06061808878223
10799,0.3527838441403415
10800,-0.2237720105671629
10801,0.13119362865723055
10802,0.10659370076449097
10803,-0.044806410779511585
10804,1.5603389146523878
10805,1.4170619477003474
10806,-0.0434137858780696
10807,1.3151663299986631
10808,1.179550287611921
10809,2.1740950826334657
10810,1.8263775452451367
10811,1.19599273536721
10812,1.8748224323328242
10813,1.5803275312035912
10814,0.5881978955822992
10815,1.480537568150884
10816,1.045007881635412
10817,1.296847232653649
10818,0.5920193001427804
10819,-0.025631593973484808
10820,1.0943353726011709
10821,-0.03501787518510074
10822,0.9601845098600427
10823,-0.003940059273665052
10824,1.2534184142404823
10825,0.7732648835880398
10826,1.7661979622276258
10827,1.2932615012363289
10828,2.2319923847420053
10829,0.22706282361803182
10830,1.1232575544302197
10831,0.13623961766021855
10832,0.6335622621520101
10833,1.2511878153756677
10834,1.9774100466905355
10835,1.1525363625124743
10836,0.12860185859703582
10837,1.0200174944105098
10838,0.11499543323832984
10839,1.237076202466617
10840,0.6270604892665839
10841,2.1959232130228594
10842,-0.21796151446819828
10843,0.8342497720736379
10844,1.8717994813690326
10845,0.6141683322909229
10846,0.7073871197175121
10847,0.7259526239938393
10848,-0.015294599790400688
10849,2.80731554410803
10850,2.0219524231173693
10851,1.7087178891259052
10852,0.3014389573513022
10853,0.6485465706183835
10854,1.750099641337022
10855,0.9884614034735985
10856,1.9199657399497165
10857,0.6827784618332402
10858,0.9243663347122765
10859,1.3240334734679517
10860,0.947697708333855
10861,2.048149774344194
10862,1.4174999062884506
10863,0.22644151518896802
10864,1.9785770214145233
10865,1.8011321452173539
10866,0.9241610696829302
10867,2.3543246699569287
10868,1.0157232366077826
10869,0.15650634894708607
10870,-0.0478825961332492
10871,0.9718694644552248
10872,0.29684138764106766
10873,0.25577391489467705
10874,1.589237854870005
10875,1.9714358335340185
10876,0.8739859098640909
10877,0.8462901654513495
10878,0.33178680928616144
10879,1.0501601103749345
10880,0.3629706087675467
10881,0.5288479435308824
10882,0.1994982123229809
10883,1.1514570649251745
10884,0.8608587728232195
10885,1.4685064697143058
10886,2.088248975445075
10887,1.8215671229889383
10888,0.3088754999717646
10889,0.7265535348467044
10890,-0.5225762390528227
10891,0.19913560601147579
10892,0.48678167110397086
10893,1.4955389217587778
10894,-0.0015117652169989032
10895,0.7998260035287149
10896,1.1142238951982764
10897,-0.05842534585783872
10898,1.27396962604318
10899,0.2302170524274107
10900,0.3959106249697452
10901,0.7006306740992042
10902,0.9887335139152951
10903,1.3514440560478056
10904,0.20366996398815013
10905,1.4872904316392332
10906,2.267663358935511
10907,0.799544727457075
10908,1.345287154930277
10909,0.3632610367591154
10910,1.5412752835863768
10911,0.6823754991876864
10912,1.263886432039875
10913,1.1651518113328627
10914,1.4193040041700093
10915,0.5517379772044977
10916,0.9078743295170819
10917,0.9054229292572636
10918,1.7045874347660763
10919,1.7788667278529346
10920,1.9027715144189064
10921,0.5497988228752007
10922,0.879857011120732
10923,-0.12240440613580605
10924,1.6388753885053757
10925,1.2920186189630112
10926,1.1444634087097967
10927,1.2941427521231903
10928,0.33724601096784224
10929,1.7044577824336697
10930,1.375802689753917
10931,0.5127892889852717
10932,1.501985160979991
10933,1.2803300019700625
10934,-0.39895681977279784
10935,0.28435324113938
10936,1.3316668787859962
10937,1.519131028968752
10938,-0.16309670524741382
10939,1.169813189189591
10940,1.2882221519674717
10941,1.3082088507030791
10942,0.007490527262424426
10943,1.907900115215496
10944,0.8374251803084505
10945,2.0098897170281123
10946,0.38908332527739564
10947,-0.06047335273239876
10948,1.7620499713045905
10949,0.9884431597916987
10950,1.0163224847286996
10951,1.1978385780362695
10952,1.0010240413165254
10953,2.2802635776039457
10954,1.3821366004263813
10955,0.4585793147940293
10956,2.1448953940679902
10957,0.7311272595797208
10958,0.07778428404278212
10959,0.23171303162361778
10960,0.7364300139172694
10961,1.6441230540597491
10962,0.5626054301942075
10963,0.8373293740641168
10964,0.6216504233532494
10965,0.04993991494685592
10966,1.6575451301206408
10967,1.315920857449126
10968,0.8060773177341387
10969,0.9318164869410387
10970,0.7923650084587833
10971,1.8983092212992252
10972,2.186276888216987
10973,0.37630306654058376
10974,1.4580898968080873
10975,1.5353491493122782
10976,0.2603387456956754
10977,1.3502369879862772
10978,1.0810604666860706
10979,-0.021088884677975164
10980,2.012954941181095
10981,0.34902044355742723
10982,0.06361265482971803
10983,0.6088223742732826
10984,0.08441984600000621
10985,1.0425719925133032
10986,2.0096947882845853
10987,2.249620259656459
10988,2.3293534185861855
10989,0.40470112241583955
10990,0.37507543792537357
10991,0.17303450489007
10992,1.2112943371839258
10993,0.482407816693963
10994,0.8316415304445764
10995,0.14192355803620554
10996,1.3344086185734585
10997,1.2737352263165977
10998,1.7575259387380724
10999,2.148137426838541
11000,0.026787652606555357
11001,1.3575059035587462
11002,1.3361594753751629
11003,0.754706245819648
11004,0.08923026006712872
11005,1.0066200151077376
11006,1.7498683904408459
11007,-0.16936349249531085
11008,0.800145724634708
11009,0.8248941719820981
11010,-0.2373839598392753
11011,1.1595298034693384
11012,1.5183730615363555
11013,0.76756262511593
11014,1.1303780760689635
11015,0.30593323252597454
11016,0.9239466798669117
11017,2.1966721401052283
11018,0.680858285033199
11019,1.5921379458446525
11020,1.1402689520169615
11021,-0.03160269542410409
11022,0.7822594129629986
11023,1.3670930524984002
11024,1.5469014569884818
11025,-0.17368313196069768
11026,1.701345689264081
11027,1.7163293146600445
11028,1.0970886287370538
11029,1.0651968925025848
11030,1.253762476091172
11031,1.3418625723097344
11032,1.9693568917871818
11033,-0.07265961554529797
11034,0.35370662355306126
11035,1.587832678920884
11036,0.759833650011554
11037,1.2465955681592893
11038,1.2265827902629667
11039,1.4051089840251092
11040,0.0012805407818574782
11041,0.08585965098978088
11042,-0.34639557570217805
11043,0.5151681228639131
11044,0.8640527815988586
11045,1.1902123460712968
11046,1.1128925948040853
11047,0.5103544285827261
11048,1.9363587877854391
11049,1.9083228727589472
11050,0.8008564683380771
11051,0.3063359450717429
11052,2.1801988857371413
11053,0.9312710324873129
11054,1.8276806396908227
11055,1.965243242538159
11056,1.8123773576574154
11057,0.3993864569191654
11058,1.1343966123327076
11059,0.9115675953382041
11060,0.5216417722284702
11061,1.1363645924423516
11062,0.49152384281340866
11063,1.0235827691022044
11064,1.1843972819098472
11065,0.8782136649452643
11066,1.2066954487341481
11067,0.34268477313558826
11068,1.2257578477248248
11069,0.5704605911353161
11070,1.114374263276267
11071,0.876033377552472
11072,-0.35700249163490694
11073,0.3395486654091456
11074,0.6691651606156531
11075,0.9313003726540985
11076,0.4761359464623188
11077,1.0558899160584225
11078,2.191416226505832
11079,0.20994103818543997
11080,-0.024330401376007366
11081,1.8253656331507722
11082,0.707557325948431
11083,0.42399807587475846
11084,0.7533366944909125
11085,1.1918943861921498
11086,1.2153996382902104
11087,1.8376222164754037
11088,0.7265345955966378
11089,0.9842463700991804
11090,0.4838478797709391
11091,-0.027124997765481426
11092,1.8346805948339897
11093,0.5065067730902881
11094,0.34019576922749967
11095,0.728554135580142
11096,0.21830937495218353
11097,1.0357228318764011
11098,0.40663131798529906
11099,1.4121513395791463
11100,-0.16911191510372545
11101,2.3737571169437484
11102,0.17203447661987392
11103,-0.0925945221341827
11104,1.9106684084641936
11105,1.2381478057478665
11106,0.7831647729843757
11107,1.9095758140819088
11108,0.16175263664401315
11109,2.067827534440865
11110,-0.1459175400067447
11111,-0.0884891669095314
11112,1.1299999728689734
11113,1.006362283651834
11114,-0.49176778170166124
11115,1.982456795662722
11116,-0.05962251461089055
11117,0.00027641477470759235
11118,1.28489213333907
11119,1.4455677441035029
11120,0.9869227607731215
11121,0.5996490146244721
11122,1.3416865530758757
11123,1.058941784019004
11124,2.1729897790329287
11125,0.8410110155704769
11126,1.4772066930582426
11127,0.7736494003860261
11128,0.6834810769233581
11129,1.626287502975975
11130,1.3069187321557858
11131,0.7847699105265238
11132,0.44105478310606355
11133,0.49579746724489787
11134,0.7482010391766196
11135,1.6534340560103469
11136,0.33980900173698236
11137,1.2749248937476818
11138,1.9492680227614922
11139,0.8868827211763063
11140,1.6552721771611874
11141,0.7782263524811829
11142,0.4186726530673584
11143,2.01540764758726
11144,1.0624212748527389
11145,0.6294157806170206
11146,1.0502320533502956
11147,0.5269572048150082
11148,1.4063761424506376
11149,1.9872903420498846
11150,0.41907260900678933
11151,0.8042348712519007
11152,1.02310808557218
11153,0.589863954643815
11154,0.6839920971748332
11155,0.8918320978691684
11156,0.5840988001253653
11157,1.2916632674170794
11158,1.480800762290602
11159,0.011536425457308474
11160,1.972730553216931
11161,1.9245769475822718
11162,0.4999679439004145
11163,0.39099284280174856
11164,1.9295500462053874
11165,0.6324641556663554
11166,1.2310825514831907
11167,0.8193048023754521
11168,0.6867287949314484
11169,-0.35955722424203
11170,0.9070391380465176
11171,1.1257654170361326
11172,1.5211125633712062
11173,1.9908801433975427
11174,0.9905487319151755
11175,-0.04111371672079671
11176,0.21534279886670488
11177,0.5197985102557914
11178,1.297867563856562
11179,1.4475285968165679
11180,0.26888736036562216
11181,1.601368622775058
11182,-0.19243554010798403
11183,0.5733254340681841
11184,0.6219125179708048
11185,0.7866564954984555
11186,0.7769409004802763
11187,0.3519190148452762
11188,1.017587353986371
11189,1.0501911530554224
11190,-0.20172800994242385
11191,0.9182636449947138
11192,1.0310889876057932
11193,0.9392560273554668
11194,1.2709444093239368
11195,0.7101888625040229
11196,0.27425716221049284
11197,0.6696491292831229
11198,2.2472816294444105
11199,1.2359640844554582
11200,0.4157532549415018
11201,0.4408555090707801
11202,-0.03279337902343962
11203,-0.7048503678947176
11204,2.1953770217840516
11205,2.1858106693786024
11206,0.9705762391128178
11207,-0.08527172598211406
11208,0.8867201597131819
11209,2.165333011815211
11210,1.7215424531399197
11211,0.8318120246760584
11212,0.11627394001089351
11213,0.4657647669331103
11214,1.0960121872879627
11215,1.8627011401022258
11216,0.5055706450119539
11217,1.6771719787165091
11218,1.986900143682328
11219,1.5931781662483575
11220,0.9505046847617289
11221,0.3480828752598276
11222,2.001568069745416
11223,2.1977796239111043
11224,0.6548836858815031
11225,2.2616901672139376
11226,1.9991839698328486
11227,0.013086379431652693
11228,1.4281675388874477
11229,0.6051278297271141
11230,1.1552061728592526
11231,1.774125959293064
11232,1.93495431136673
11233,1.411186851065855
11234,0.9493288590051384
11235,2.062277906559899
11236,1.3923581879045768
11237,0.8950538776437373
11238,1.986028812890433
11239,1.2228738570364779
11240,1.0817103880074717
11241,1.6550267417213882
11242,0.7516795841352684
11243,0.7372716564552046
11244,1.8753925466117503
11245,-0.2506001915940529
11246,0.6121655628281738
11247,1.219805785038501
11248,-0.0536586045496676
11249,0.11276339120675007
11250,1.2391112793283516
11251,0.527977789470861
11252,1.909043670335731
11253,1.2982422829047804
11254,1.8611059362998237
11255,0.24417382956514083
11256,1.6800699839655242
11257,1.4046509485903058
11258,1.0808983802818015
11259,1.3975147661082012
11260,0.013563691838151572
11261,0.14203496197053372
11262,0.6960267828925079
11263,0.42887396824917917
11264,0.9909217813642194
11265,1.5189956126891153
11266,0.6515726211460321
11267,0.2752150147929515
11268,1.7708974862260691
11269,0.6964161876054857
11270,1.401998294692615
11271,1.009674253312249
11272,0.7665066183690317
11273,1.4163167263512895
11274,1.747681946249171
11275,1.5802384503995177
11276,-0.05029526091458936
11277,0.47617359752716387
11278,1.4358156071087063
11279,-0.04654170764507952
11280,1.5321785422581904
11281,0.2719378898211393
11282,1.0907599136967887
11283,1.4626958374052754
11284,0.49525315373292406
11285,1.0088926172735722
11286,2.0481477684402365
11287,1.3228505712404357
11288,1.0595098558508247
11289,1.3862198229397178
11290,0.3429021044845886
11291,0.8365591836713305
11292,1.8885000957821279
11293,0.18698630681456385
11294,0.9192424325550121
11295,0.3571083054771746
11296,2.055506215488134
11297,0.7331236852940997
11298,1.2356281501822
11299,1.5914410957054697
11300,1.55095747663787
11301,1.8675938301427477
11302,2.6537877092711653
11303,2.0585771437160196
11304,0.18970469383362085
11305,1.2642039137901835
11306,1.675057621324631
11307,1.7693143451859026
11308,1.7653025643030105
11309,0.813431783089247
11310,0.5319372496088597
11311,0.6393789440738046
11312,0.9233549289918148
11313,0.9068204398535002
11314,1.479745135151268
11315,1.557621187361277
11316,1.5563297018227134
11317,1.582270810311228
11318,0.5174698673513756
11319,0.8133131005839548
11320,0.9233141627200824
11321,0.1849143641110531
11322,1.9751179365831153
11323,0.32397771835443556
11324,1.6056093579066135
11325,-0.12238139959485006
11326,0.30566095719162567
11327,0.5467089916176403
11328,0.544741248855075
11329,1.3922228972954964
11330,1.9442139898223751
11331,1.2421438537857377
11332,-0.10794062661335665
11333,1.6267798973454144
11334,1.1097172359761012
11335,1.6973587351915114
11336,0.9394571345999322
11337,1.8253866643382333
11338,0.36917886931341726
11339,1.7851988713028717
11340,0.40928142172504645
11341,1.87108200611996
11342,-0.6189581044993246
11343,0.9538857068631319
11344,0.3432537532967275
11345,1.412284660941918
11346,0.8042274953801919
11347,2.102063954251775
11348,0.04664637099738911
11349,1.77472717808096
11350,1.0889578580063064
11351,0.0829952912137221
11352,2.1228564666225673
11353,0.07624499411783658
11354,0.8808978278523957
11355,0.5269180254378991
11356,0.3808890174451124
11357,0.006538746756303591
11358,1.0659181083273324
11359,2.021797306313721
11360,0.1658211986372071
11361,0.07967394749635123
11362,-0.2075911194983647
11363,0.5759659859987427
11364,0.2870899542852063
11365,2.1764727108822846
11366,0.961516216052552
11367,0.4094168910538626
11368,0.3707531536313883
11369,1.2682788782165937
11370,0.5332982405637774
11371,1.2949473289157
11372,0.4751700393534962
11373,-0.5237650787341974
11374,1.820322661112308
11375,1.7013652733738276
11376,1.5122626859030157
11377,2.20856937704367
11378,1.400484764912668
11379,0.8835467226188946
11380,0.18756073149192928
11381,1.484150442618029
11382,1.8694029958753617
11383,0.7014578680449044
11384,2.36431466178257
11385,0.7578808114091086
11386,1.9266675332396397
11387,2.0820712831375356
11388,1.3555969693725574
11389,0.4900605469318123
11390,2.0809575782966854
11391,1.639249284927222
11392,1.0963419264097132
11393,-0.2034154662089983
11394,2.756863181571399
11395,-0.010246491449342643
11396,0.5062232484402476
11397,0.6133810960118498
11398,1.3129611768727472
11399,0.968470554320378
11400,0.9230396766189852
11401,1.5171333518435524
11402,1.8552273986819896
11403,0.49514597434843427
11404,1.2986805821233633
11405,1.645616103659315
11406,1.7592836980484523
11407,1.5790078834647914
11408,1.6229220704071634
11409,2.5234888103487214
11410,2.014029195738907
11411,1.473075336816736
11412,1.4168954322270215
11413,2.0775497379786803
11414,1.0066186870769345
11415,0.714616220519287
11416,0.4530938340536956
11417,2.164358803785105
11418,1.1177299866714572
11419,0.001674052511629942
11420,-0.001565626495061062
11421,-0.44463555310166664
11422,0.4624815219234664
11423,-0.07541751927503033
11424,-0.05815485987165165
11425,0.24491511817184833
11426,1.4759862074611125
11427,2.1940207990580203
11428,1.9044261650556478
11429,1.1687432431688072
11430,2.06086622655489
11431,0.8339432968593679
11432,1.5209772149353225
11433,0.3827191469265215
11434,0.011848404295406128
11435,0.5982209673324891
11436,0.5021750212530341
11437,-0.17306398308903184
11438,1.1780484843135164
11439,0.2347612312826659
11440,0.4636191132202529
11441,1.4414525351431289
11442,0.9431564406671934
11443,0.5408452974886513
11444,1.21661547627859
11445,1.6636314090247943
11446,1.4856121335941346
11447,0.5408548595489009
11448,0.7593080291275984
11449,0.024121963196210013
11450,0.6816798214275155
11451,-0.11974136236714397
11452,-0.055769429557882846
11453,0.6679040158971159
11454,0.10881325980100512
11455,2.1985400451687704
11456,1.9657817760509415
11457,1.8993072741447912
11458,1.1115590477418054
11459,-0.1727045147744538
11460,0.2801906141989182
11461,1.356300627846551
11462,0.5927531531112237
11463,2.122747932838675
11464,1.7557283817260023
11465,-0.06301631409235789
11466,1.603383367112228
11467,0.778005346609244
11468,0.9712226542261502
11469,1.3618461173973726
11470,1.3625305512786152
11471,2.1137148835312756
11472,2.2849736377375747
11473,0.6018136555449404
11474,1.186950939230743
11475,0.21926407390919303
11476,0.26978698866481865
11477,0.979991386054074
11478,-0.4144257037822067
11479,1.4065825439299753
11480,1.1338060624430235
11481,1.5754291710665445
11482,1.5633992353541983
11483,-0.07169996710638227
11484,1.4823028663061277
11485,0.5999574051012381
11486,0.11582162138405179
11487,1.9013411847604802
11488,0.5932540001704137
11489,2.154279013765636
11490,1.3563976812842382
11491,0.28819082905766086
11492,1.5367022349527786
11493,1.371105166879508
11494,0.15808610940770718
11495,0.7623145190102693
11496,-0.16402536526021017
11497,1.1534612958262969
11498,0.8717909740919797
11499,0.8670225509528311
11500,0.46925147938415607
11501,-0.025545863385720048
11502,0.42353890352401524
11503,-0.13623949672486355
11504,-0.10392523621983693
11505,0.14346410373248233
11506,1.2848796961191218
11507,1.0159218145903357
11508,1.5199413845911616
11509,1.269824783839122
11510,1.1974243284401314
11511,0.46980227154799337
11512,0.7224353291279995
11513,1.204773661246678
11514,1.586028755805773
11515,0.652413242038102
11516,0.4210586660649298
11517,0.5258261709302976
11518,0.25737335093702246
11519,0.9551872718751894
11520,1.2790811506193287
11521,0.011776398281740486
11522,1.1072212158795505
11523,1.734529764577665
11524,1.5827747322696337
11525,1.8451766771341895
11526,2.1897028305224584
11527,1.9923350428447175
11528,2.025340099653656
11529,1.483912847691355
11530,0.6595365049046098
11531,0.8249458641447149
11532,1.2278770159550654
11533,1.0677308746761223
11534,1.7712979285918853
11535,0.5697948005418821
11536,0.0065825125244405
11537,0.20786303051221589
11538,0.24034846444927058
11539,0.36066317617025917
11540,0.9603164522949514
11541,2.0795088044467898
11542,1.287664212496899
11543,1.3186943155796753
11544,1.9802303024601726
11545,1.968849193351153
11546,1.4062938363392972
11547,0.013825356975809758
11548,0.36098113888623773
11549,0.43130685190934065
11550,0.48822598255266864
11551,1.071690553961785
11552,0.6940041827754686
11553,-1.1760562418244813
11554,0.7777332216201803
11555,2.1093095522404712
11556,1.3356644271356375
11557,1.30132061030246
11558,1.2280811495032395
11559,-0.15955499201015233
11560,0.013370280453585251
11561,0.8894763557697848
11562,1.877728535441192
11563,1.7912076608265508
11564,0.9245816996484654
11565,1.630594501043512
11566,-0.11668667282856082
11567,1.1061656444982015
11568,0.3010759604006113
11569,0.22240533784104247
11570,1.7434636402711183
11571,0.8573850602844445
11572,0.7057258969055897
11573,2.0741040680775886
11574,0.5842514769703971
11575,0.44606693405045755
11576,0.9147807847597724
11577,1.3850785506351584
11578,1.1694349205549868
11579,-0.12174166952595891
11580,-0.20366234644586273
11581,0.0689085778839846
11582,2.0202773897399497
11583,1.2597886451785083
11584,1.9054990056629395
11585,1.1719907397357725
11586,0.6370115590424799
11587,0.14153041731815952
11588,0.7985913398449166
11589,0.9319752408176053
11590,-0.3226783094700229
11591,0.7813696727925405
11592,-0.020747686054865308
11593,7.726392626997494e-05
11594,0.6411248978026102
11595,0.6823288527516377
11596,0.3428676737735349
11597,0.3725029156620781
11598,0.261966939723456
11599,0.8578192252866053
11600,1.0639130525454825
11601,-0.010976910294841088
11602,-0.02031748268657633
11603,-0.12283602141813382
11604,0.9332770390429947
11605,0.5720317096949252
11606,1.12542651400555
11607,0.8662004947984666
11608,0.2343848516864523
11609,1.9129455563189106
11610,1.0216344318953061
11611,1.483135402857244
11612,0.9992660200107004
11613,0.22608214657377476
11614,0.4692428824679437
11615,2.206775979694412
11616,0.45082619971831445
11617,0.5895997901349977
11618,0.49142453414246584
11619,-0.025225650556038204
11620,1.2420403974615382
11621,0.5231991923690679
11622,1.6656069248082352
11623,1.8522402091748962
11624,1.8121512482640278
11625,1.920007798218133
11626,0.04534645155639881
11627,-0.10153406706545362
11628,-0.5773300821981721
11629,2.1117676919986197
11630,0.9084987002140571
11631,0.554638895805309
11632,0.5546984921836067
11633,1.7429232167526418
11634,1.1157457624610947
11635,1.4168609363642104
11636,1.1658607069825655
11637,0.8989854127991972
11638,1.6947027545845288
11639,1.3165479753686826
11640,1.561659064596048
11641,1.9734153508322598
11642,-0.16805820711901426
11643,0.4927877001966199
11644,0.27331479499949074
11645,1.497766745263851
11646,1.4922561287530551
11647,0.6462709569517995
11648,1.367172789534123
11649,0.8018644096690811
11650,2.0216493666348625
11651,0.7096266181215675
11652,0.5781835870387552
11653,1.0870085757190044
11654,0.17567269559375384
11655,1.836338042066029
11656,1.675449782676365
11657,2.194660934319114
11658,0.7838597942322405
11659,1.7561905852280573
11660,1.7649189024061835
11661,0.9057281769402711
11662,1.164176415688524
11663,-0.04837957544911533
11664,0.11524777537709421
11665,1.91386761064452
11666,1.9586773422829094
11667,2.0425228391556893
11668,1.4479632186873872
11669,1.6124741910957279
11670,0.4058431179597659
11671,-0.1858666441767556
11672,0.9701029118847849
11673,0.4534709899200387
11674,-0.3597296878132882
11675,2.764739281456481
11676,1.3192753335981453
11677,1.9168873752662745
11678,1.33494418120431
11679,-0.3013151713474423
11680,1.3535378891122674
11681,2.163084246989802
11682,0.6185941066277711
11683,0.4112827567335125
11684,-0.44056041870415136
11685,0.34756222861294767
11686,0.6433742675761014
11687,0.1596191041561511
11688,1.3497915943748597
11689,2.496121409215774
11690,0.7532847988362953
11691,-0.15693511866752916
11692,-0.03625147428223539
11693,1.2801366055199883
11694,0.9462059796807752
11695,0.9239864566316296
11696,0.1689186067344579
11697,0.6364709093686739
11698,0.25727953873748177
11699,0.7683501181707754
11700,1.5636301392394547
11701,0.24845743686193764
11702,0.5362959583162727
11703,0.8892084839293212
11704,0.6058422951479688
11705,0.9161973332156067
11706,1.9719780158940243
11707,2.1328025081327526
11708,0.10517559432846901
11709,1.5029942254823914
11710,0.2765524431177721
11711,0.2845733521474018
11712,0.7658360669853157
11713,0.8201034891505403
11714,2.115184142834135
11715,0.5002252047579713
11716,2.534144974306486
11717,1.3390271044066382
11718,0.9474361759788608
11719,0.46808358102951925
11720,0.7841140013384544
11721,0.24007345370029687
11722,1.3653447897962834
11723,0.9326804872113288
11724,0.9944478582318022
11725,0.4062476340163656
11726,1.048321847774039
11727,3.4998695235453563
11728,1.5171040181364401
11729,0.7152640080424001
11730,1.6626845580004184
11731,1.2882973364977839
11732,1.1755812277846647
11733,0.9088162770382942
11734,0.7350203519479028
11735,0.602409078595089
11736,0.3663322569759714
11737,1.7249800163095106
11738,1.2273874951961408
11739,1.7080327296984388
11740,0.6820418421865105
11741,1.0433511410562373
11742,2.0225882845991423
11743,1.8322035613438337
11744,-0.07201057195700822
11745,0.017076093376769304
11746,1.509501980862079
11747,2.007431329580035
11748,-0.224933815173705
11749,1.9790053034371768
11750,0.5940049220105831
11751,2.322383355964901
11752,0.6556267160175143
11753,0.7141988553406874
11754,0.1535942038994714
11755,0.6929327533695524
11756,0.08946701780405718
11757,1.2006729865998327
11758,1.7108913117849256
11759,1.3886025149607515
11760,0.6434353618969507
11761,1.7746548921052578
11762,0.9669835764024705
11763,0.7535296607025401
11764,1.7568688011307887
11765,-0.8541661190668085
11766,1.188069722125952
11767,0.45958500569131877
11768,0.23425155506412948
11769,0.23661184967892698
11770,0.6602742300283417
11771,1.400762724282762
11772,1.7340999310335268
11773,1.9167121656810757
11774,1.700715848674989
11775,1.2873651894216638
11776,0.3989306114826537
11777,0.008400526489706298
11778,-0.37257100101606555
11779,0.4490131822629885
11780,0.9878116365447309
11781,1.5589693410099796
11782,1.5541179534891367
11783,0.12101742283535794
11784,0.27331686863234855
11785,1.3570391879895358
11786,2.168496873211773
11787,-0.18401088884358385
11788,0.595081678782677
11789,2.334400535297572
11790,0.7631285746310057
11791,0.10655928640322458
11792,0.31387208136593275
11793,1.8700891107255488
11794,0.5385185919599356
11795,1.1976234004964217
11796,-0.00018211169285985152
11797,0.5949394198377939
11798,1.2920528411562253
11799,0.944228267533596
11800,1.015074332447242
11801,0.6954589220847482
11802,1.328628598776792
11803,-0.16634613761134445
11804,1.1929504508952704
11805,0.7495174048991968
11806,1.0378675846125132
11807,1.6825796937648059
11808,1.8870449724603162
11809,1.522195303805644
11810,-0.082222013071079
11811,0.901934915243152
11812,0.1569138376014476
11813,0.7211918813909959
11814,0.6081048092751603
11815,0.7019035512711098
11816,1.0734096942689872
11817,1.3171088075821602
11818,0.7316457000781429
11819,2.083205470800473
11820,0.2031509025101541
11821,0.9911038186630489
11822,0.24986386339356606
11823,0.3808593786539013
11824,-0.07901141749134609
11825,1.3390297942108507
11826,0.02480491301115778
11827,1.5030616353153128
11828,0.20843238153872348
11829,0.4442547722468454
11830,0.5726726888785539
11831,1.0385307775300507
11832,2.046664255161757
11833,0.3578915540664232
11834,0.6223343407107498
11835,1.4316903802134167
11836,0.5284805078961069
11837,2.1328237725310317
11838,0.6238712739764988
11839,0.9361682175167272
11840,0.6810889955210231
11841,0.6581917827423807
11842,1.3223475289226074
11843,1.5261664900775755
11844,1.4114022581993488
11845,0.8824088784150785
11846,0.8381479797237762
11847,0.10198781943038221
11848,-0.14710043254812052
11849,1.527651622349721
11850,1.1954314278999263
11851,0.7015619953406439
11852,0.47566112620768297
11853,2.2004934004180305
11854,0.8869084485043572
11855,0.8202951795632668
11856,1.500932949338371
11857,0.7571895159432318
11858,1.71741240267372
11859,0.9627503401637835
11860,0.010013138523316848
11861,0.4214907713157903
11862,1.1061587575590288
11863,0.2699843669897873
11864,0.15428149515744577
11865,-0.07053945588131488
11866,1.3752143728794237
11867,0.708084511396392
11868,0.2559444388882911
11869,0.35878881757995335
11870,1.6149413378989255
11871,1.9542969465248259
11872,1.1085254285780168
11873,-0.15543145734668753
11874,1.3796406328885675
11875,0.8181023102159132
11876,1.205041383022579
11877,0.9493945643360723
11878,1.3716989698050295
11879,1.356693183238398
11880,0.31171677167074324
11881,1.3340044887299456
11882,1.2721374247607036
11883,-0.13241360604675873
11884,2.1907456328144748
11885,-0.10003129107003653
11886,1.0761379224624799
11887,1.5734644940633076
11888,0.19061319365857415
11889,0.690267024614226
11890,2.2674692275787662
11891,1.0890880106943743
11892,0.2549893720423251
11893,0.7896253132727573
11894,1.0813956604208654
11895,0.6730385302534916
11896,1.7303263929810047
11897,0.7351738310703211
11898,0.6549623551243107
11899,0.9755359066829767
11900,0.5403003837154853
11901,1.095686465876106
11902,1.499427695795961
11903,0.9545732544281607
11904,1.3542197192116205
11905,2.0815056858496415
11906,1.2571819974058391
11907,1.6952640426535954
11908,1.8577318774647547
11909,0.04269543805138542
11910,0.9316818890580564
11911,1.884687079997745
11912,0.5483431518301141
11913,0.34467756559141516
11914,0.5615134519815383
11915,0.22321117228919862
11916,0.32158073423481087
11917,1.5259494085441847
11918,2.0106902026883695
11919,0.5580060802927879
11920,1.2989752373928676
11921,1.3521374332944256
11922,1.3528618047674308
11923,1.3078207611034411
11924,1.380703996044439
11925,-0.09492014660625572
11926,1.2443096981748831
11927,0.47299583587175625
11928,0.45362261367233736
11929,1.056756924763393
11930,0.14979454238936787
11931,-0.02844284526006649
11932,0.5193013060906754
11933,1.620372688977938
11934,-0.5116507308093629
11935,0.25015506357574446
11936,1.5531964994681018
11937,2.002090262838452
11938,1.5127175009351057
11939,1.1069585411674476
11940,0.6667106742214018
11941,0.647402839630506
11942,2.1887177142656347
11943,1.9095253170723934
11944,1.459631234477729
11945,0.506059540580904
11946,0.21084886897797692
11947,-0.21859301894843824
11948,1.2035498769758328
11949,0.701609432539452
11950,1.2124638606073708
11951,0.7270348524850617
11952,1.199488436755034
11953,0.8649132535170566
11954,1.0426167582673433
11955,0.9865305360978572
11956,0.945271106932224
11957,0.6096097466135599
11958,-0.1630098719554897
11959,1.398407178503906
11960,1.609209386847381
11961,1.4284567663846357
11962,1.2374092908718728
11963,0.7462505142651532
11964,0.12767646962193252
11965,2.023740065366197
11966,1.8430170558304189
11967,0.06748591619624329
11968,1.4893225387454858
11969,1.4912194423347613
11970,1.1334287882939138
11971,0.8204359553104549
11972,1.1462957462111432
11973,0.12876256405210335
11974,1.0778692693768188
11975,1.60826468271748
11976,2.043526334823396
11977,-0.0192462987337816
11978,1.2353401440671266
11979,1.112659862211583
11980,0.6087890210728941
11981,0.27784983936195967
11982,1.4105833507563856
11983,0.048914678656224495
11984,0.8846577693702641
11985,0.8622188416702415
11986,0.15032134456004106
11987,0.1601730419237715
11988,2.001924121339231
11989,-0.043183687717138014
11990,1.670330957010916
11991,0.5322953186612646
11992,1.5522565336490088
11993,-0.1083002499029353
11994,1.5238346901601338
11995,0.698438416983603
11996,0.7694395247237678
11997,0.6658035541738476
11998,0.6209529035678727
11999,0.30058547407057684
12000,1.0271387914551071
12001,2.3918877968661687
12002,1.1510892250567455
12003,0.4874640974299106
12004,0.6667294924928345
12005,1.1826817479272684
12006,0.1012134036299928
12007,1.6363909730863107
12008,0.9193688782736918
12009,-0.05472356867442464
12010,-0.14381129060834483
12011,1.0363125438376275
12012,0.640885100696077
12013,1.379279592939092
12014,-0.14847533704291827
12015,1.8963217448920886
12016,2.03795920997327
12017,0.289339582614265
12018,1.414567251953349
12019,1.1080928510304389
12020,1.3347578850023032
12021,0.27073786751785445
12022,1.83360118156632
12023,-0.2546058656849105
12024,0.6081279642546109
12025,0.6072463229046529
12026,1.607040655409718
12027,1.6546439585133192
12028,1.0280338447460209
12029,-0.05224933596974575
12030,0.6954537513188296
12031,1.3530226943198889
12032,1.0993538027043446
12033,0.07079596071081051
12034,-0.17790636560970766
12035,-0.026546772520174844
12036,-0.0962078301364953
12037,1.0462591506708665
12038,0.8931575351835828
12039,0.8366138620114775
12040,2.003737011621165
12041,1.6853903789016638
12042,0.8328007682298725
12043,0.2538322677939674
12044,0.6424962053495484
12045,1.3390406054742332
12046,1.8627852779545675
12047,1.9385672702201606
12048,-0.20677009761353965
12049,0.3235395988599456
12050,1.413780503681296
12051,0.887300153382036
12052,0.8225814856587086
12053,0.8020249167156487
12054,1.000981153852952
12055,1.6398507528066464
12056,1.1497239312878733
12057,1.3992407196018468
12058,1.1546321058096713
12059,0.44678208584810325
12060,0.38875092443382786
12061,2.0006499362807983
12062,1.5352061763537763
12063,0.8404171103935842
12064,1.2084264886094576
12065,1.52526349846332
12066,0.8414053514758991
12067,0.6694047714923809
12068,-0.1220041538108027
12069,1.0482734202659274
12070,-0.12940224157299188
12071,1.8231809222566724
12072,0.6391417581271881
12073,0.7976029882364192
12074,2.0690459778027184
12075,1.832026136322981
12076,0.5492063337476477
12077,0.9082587862545148
12078,0.6134905092930479
12079,0.547439660611923
12080,2.1497817502041374
12081,0.09146992126370686
12082,1.7495886722870826
12083,-0.026038510072585813
12084,2.414428435595431
12085,2.242046553375392
12086,1.0470959230793258
12087,1.597232267108585
12088,1.9248900771804132
12089,0.40078624923080364
12090,1.0815428607571376
12091,0.805093746492519
12092,1.4855360398401678
12093,1.4059269441393194
12094,1.7120780508755216
12095,0.5135058928637115
12096,1.670352801487139
12097,0.9483354958761528
12098,1.8357078903741941
12099,0.009607871151484437
12100,0.9893827844559209
12101,2.0459538036350264
12102,1.6888083624612962
12103,2.0928756567482303
12104,1.3462956832844752
12105,0.9146490345747353
12106,2.087563557303971
12107,0.026209836575734537
12108,0.06940264371930298
12109,-0.1170880318360005
12110,0.6111739328618028
12111,2.606464159082118
12112,0.29089305480878264
12113,0.8257537643155812
12114,0.5467594397631456
12115,0.8571451834109826
12116,0.7726935316638825
12117,0.48746769265781564
12118,2.0621152425524323
12119,0.008421591152035696
12120,1.690191156601286
12121,0.23217524947096935
12122,2.1987548739448455
12123,0.8070903181633
12124,1.0235675411888343
12125,1.8259417472399109
12126,0.5520355649410931
12127,0.6677658648099254
12128,1.4265707438351316
12129,0.5165999882123609
12130,0.23954263688222538
12131,-0.02616274005404976
12132,0.30843571830784006
12133,0.24105768242988107
12134,-0.19708994401690583
12135,0.9998014948818252
12136,1.7776690046452228
12137,2.155895524510776
12138,1.4310861029470898
12139,0.9101462731275378
12140,0.9885417567688708
12141,-0.1637144174812733
12142,0.4437019588142391
12143,0.4863359423308042
12144,1.8650447105609633
12145,-0.1361921159804892
12146,1.4113666589716831
12147,1.9481463983112866
12148,1.0206028919640757
12149,1.045398608155232
12150,0.47502221574470016
12151,0.19663749749847945
12152,0.04857241854978728
12153,1.8012966248375561
12154,0.9000381754886292
12155,0.2647732372423483
12156,0.021526684343165733
12157,-0.015083092862538616
12158,-0.1436629676234653
12159,1.1426033288682005
12160,1.2846393338822257
12161,1.6900679167824015
12162,1.141218941692229
12163,0.626111022695025
12164,1.269098702171935
12165,0.6943015717676068
12166,0.5183685812285194
12167,0.6763964720115455
12168,0.6962852300436638
12169,-0.28291053425306345
12170,1.2762678995589893
12171,0.10453500302421857
12172,1.2695992920399195
12173,1.3706756232160215
12174,2.0217785399107036
12175,1.5131006546505794
12176,0.9682897230917151
12177,2.0514780111930833
12178,1.3490108425469782
12179,-0.21527887569025772
12180,0.841237966095932
12181,1.181731533422629
12182,1.1587052196545127
12183,0.2528999664100906
12184,0.43865338294938094
12185,1.324761249643178
12186,1.45576080080066
12187,0.09245135576729499
12188,0.5784964940319633
12189,-0.18290009159719706
12190,0.44454006127340995
12191,1.6905752359856023
12192,2.327658338250659
12193,0.3884164915242557
12194,0.34134908832571126
12195,1.4849628091113753
12196,1.3036676120727622
12197,1.034226828317951
12198,2.20845691549434
12199,1.4579464494829464
12200,1.604055370321468
12201,0.34271519584855437
12202,0.1746392287380597
12203,1.987275970736504
12204,1.1593366295198015
12205,1.681547339668594
12206,0.2303072202373552
12207,1.4012191662304259
12208,0.7689296716658285
12209,-0.06011901690287996
12210,1.4926942085882784
12211,1.8641095351585548
12212,1.2978614593108253
12213,0.4657275739935303
12214,1.2137117347888966
12215,0.019707728516497023
12216,2.0859177478050595
12217,1.7060036540591192
12218,-0.027176153946065387
12219,1.8989525625590695
12220,-0.15218842237692518
12221,0.11781209422411046
12222,-0.13983225262942822
12223,1.0063708252108565
12224,1.6025589960243443
12225,1.1360663123710335
12226,0.8747848112055165
12227,1.9116346090066882
12228,0.5980343234374642
12229,0.928407903285424
12230,1.0151473555583643
12231,0.8972192275002371
12232,1.4387095491520552
12233,2.0078346154841715
12234,-0.0238953837562296
12235,1.015340965148052
12236,0.9318837423811833
12237,-0.0161003265413859
12238,1.0199158976912153
12239,1.8160541789886082
12240,1.5658721081704716
12241,1.0799067041302919
12242,0.7402095439176166
12243,0.7443939252371002
12244,2.112675299897007
12245,1.3190245546415982
12246,0.5584631190810527
12247,1.0460601928585609
12248,1.64670494865222
12249,1.6040098242010463
12250,1.3472808160954157
12251,2.097926916287672
12252,0.7781203824652047
12253,1.9687865862152911
12254,0.9699753636186095
12255,1.0754198960395502
12256,1.3161723444858682
12257,1.903367499199168
12258,0.1127224865092038
12259,0.6444335224374517
12260,0.5674213262105567
12261,-0.24773645994113286
12262,0.6645922106493407
12263,1.1560178469493907
12264,0.07745058362551574
12265,2.1314890829901225
12266,0.5683091383364903
12267,1.7375402479512252
12268,0.7129016331895862
12269,-0.6286377482916107
12270,0.4663005174926747
12271,1.3050151639642271
12272,0.5471323333331723
12273,0.8672374572575748
12274,0.9303114623033633
12275,0.8776040522710608
12276,0.0538437968660625
12277,0.7865010614070306
12278,1.8930357605804917
12279,1.2746353244993982
12280,0.05648227069049824
12281,1.285224789699614
12282,-0.057188062755711574
12283,1.4081021382719412
12284,-0.0364724723697053
12285,0.3484684442228351
12286,1.2151376604371955
12287,2.054122715284464
12288,1.2950431896157508
12289,1.9600176071714772
12290,0.32737833365871727
12291,0.6423098976872682
12292,2.355123875071235
12293,0.50744840631751
12294,0.45154519703393187
12295,1.2744120547243214
12296,0.6948365083610095
12297,1.4558835084875619
12298,0.4647746682210299
12299,0.903141885666673
12300,1.2111922868126306
12301,0.4856504567199425
12302,0.2599295149935886
12303,1.1856973282611878
12304,0.2794047364158318
12305,1.448966620296497
12306,2.0048853403103952
12307,0.7778486774892415
12308,2.372990959930861
12309,0.6153368019036349
12310,0.7779158921098466
12311,0.49358270582429337
12312,0.7563493790723245
12313,0.7464839840089257
12314,1.2601192147253626
12315,1.849977646247438
12316,0.0261254040733066
12317,-0.09348909392506695
12318,0.6676652482458126
12319,1.2129896177976525
12320,1.119064169917599
12321,1.3478619694473681
12322,0.14465744359578672
12323,-0.3678150584526626
12324,1.6524608553201166
12325,1.4703064751273875
12326,0.09642252905371045
12327,1.2223424042478603
12328,2.212315182473176
12329,0.8164667490004556
12330,0.4052121965669384
12331,1.4170585088311942
12332,0.6137008180424012
12333,0.3800221325333431
12334,1.5086211495234303
12335,1.479812541953839
12336,1.1290973711541152
12337,1.9915435382758035
12338,1.2300127454383503
12339,-0.16599642890721455
12340,-0.12705023389850106
12341,1.5356738688823923
12342,1.176880186454826
12343,0.1681786381107899
12344,1.4628571653765579
12345,0.31368004256817544
12346,0.8171435529412328
12347,1.6117523731035537
12348,-0.17634511484482274
12349,-0.2159436029827283
12350,0.4209762179991019
12351,1.3990985815870274
12352,1.0384060325868798
12353,-0.03458475744037441
12354,0.8361611746805382
12355,0.6786874374134032
12356,1.9824736162247798
12357,1.0221068010807652
12358,0.19416578272373708
12359,2.2956343586406276
12360,-0.02110149622669316
12361,1.2948482923890046
12362,1.1804312638544237
12363,0.6448508973473381
12364,-0.07263109792079572
12365,1.334189304645563
12366,0.9792420163056335
12367,0.49606430394323275
12368,0.20764831279522994
12369,1.2470615918664785
12370,1.3916441591239155
12371,1.0301111753922099
12372,2.114147299446364
12373,1.6811128464195397
12374,1.8410464272555793
12375,1.6659606627860444
12376,1.5406192953795252
12377,1.2448610185883962
12378,1.6425754415128737
12379,0.3176717224133876
12380,-0.09926668074643238
12381,0.6284463580569595
12382,1.0873762854604228
12383,0.24463547466402924
12384,0.9652340979238482
12385,1.7754037696880336
12386,2.205730335927948
12387,0.8544965851228014
12388,-0.4238205106157487
12389,1.9971246190782461
12390,0.08636880564918115
12391,1.234354282348408
12392,1.7438519712432667
12393,0.5660620155468143
12394,-0.20000773883030784
12395,1.8594273502386565
12396,0.21514059430024846
12397,-0.616037077437998
12398,-0.13789321724747478
12399,1.5361597897318515
12400,1.7681094055258464
12401,0.10714493790026275
12402,1.3313595019012812
12403,1.4668994076715611
12404,1.0690592376886574
12405,0.9201388197257501
12406,0.12054351841131734
12407,0.2042333559493425
12408,1.1768714165078127
12409,1.5890348025192509
12410,1.2637834977491618
12411,0.6590217387887218
12412,0.0920819351732326
12413,-0.18992059515897658
12414,1.421356119573885
12415,0.21573347088950087
12416,0.8397656160029411
12417,-0.14588797048046198
12418,0.8466572557401253
12419,1.8158461171491975
12420,1.1720731314898698
12421,0.37621122313736943
12422,1.1551205877292334
12423,0.7931404276333779
12424,-0.1689856426010444
12425,1.4809151586316078
12426,1.1227055591635964
12427,2.308640466491664
12428,1.0157849274343351
12429,1.527322374117287
12430,2.014508195145047
12431,-0.31732732250380574
12432,1.884710837509561
12433,1.2574690964969775
12434,0.9465010140695278
12435,0.294798440973716
12436,1.5462005668260645
12437,1.3267805477168235
12438,0.1332851560665141
12439,1.3034986872633585
12440,1.130678761750373
12441,0.14355383242266617
12442,1.1127531242327064
12443,1.6453584004713382
12444,0.44204479747564634
12445,1.3274698857000646
12446,2.0258828072164987
12447,1.6020819690197783
12448,0.7388901212067263
12449,0.8434473055589111
12450,0.3155272687361011
12451,0.4369476206709807
12452,0.6274624123452066
12453,0.5386475229110945
12454,0.876106134229613
12455,1.3098611064728964
12456,1.1662575527571781
12457,1.5412607049204428
12458,1.367116378699174
12459,1.0881139280826788
12460,1.2275742936147327
12461,0.7691418732302766
12462,2.1061016315445853
12463,1.1242738281256806
12464,2.0363142170810695
12465,0.9232546577782331
12466,1.4645774348442004
12467,0.46938439763419315
12468,0.6489038488418675
12469,0.30945499024681844
12470,0.5656807600498395
12471,0.5075225305857369
12472,-0.1662952622937576
12473,0.2096705978694729
12474,1.3010609290826984
12475,1.994474891451951
12476,2.196105000270714
12477,-0.0011105860257573652
12478,0.6861870078992157
12479,1.019952780347377
12480,0.793135704975941
12481,2.1257692030419273
12482,1.1335980035191242
12483,0.17660381866447955
12484,2.0353107321626256
12485,-0.04551036387933963
12486,0.7242767410646181
12487,0.24262211312651213
12488,1.7653944051577033
12489,0.4214735147803288
12490,0.1363282225666555
12491,1.0718407376552133
12492,0.9300732620796909
12493,0.00314446135004918
12494,-0.11775663296805411
12495,1.3977276203006612
12496,0.9600257825444584
12497,1.818381273698344
12498,1.4389544122315174
12499,1.2259610402235994
12500,1.1278504534582314
12501,1.8258212802459308
12502,1.2447649782596801
12503,1.369733697654654
12504,0.20586888513452295
12505,0.18803179981395812
12506,0.5082553610622204
12507,0.23430965279840366
12508,1.8558385289204586
12509,0.16089295523371674
12510,1.4515744194140965
12511,1.2675022290564069
12512,0.9694784290238736
12513,1.4453559734759605
12514,1.372569059670889
12515,0.773943837374108
12516,1.5817797611294049
12517,0.8060034261574498
12518,0.14808016693523518
12519,2.075044149292182
12520,1.3869100686883056
12521,1.0191068927156752
12522,1.6553120794792304
12523,0.4072610015290651
12524,0.584960420998436
12525,1.2530980137125511
12526,0.013923230827105594
12527,0.2522892358333309
12528,0.9383866814392167
12529,0.5162567963879096
12530,1.3167345871976432
12531,0.9411822864555726
12532,1.4858140788571326
12533,0.4627422424941602
12534,1.5174482327558736
12535,1.3070340156161335
12536,1.4655785143996978
12537,0.9192258619639073
12538,1.8133301452366708
12539,2.0642109226759966
12540,1.9545195905226622
12541,0.9614227978717108
12542,0.5422453016044684
12543,1.7399025883879684
12544,2.0478651059303643
12545,1.471564711018445
12546,0.130610372760678
12547,2.0250322587424616
12548,0.16109749585017308
12549,0.812410621142515
12550,1.1330336608188254
12551,0.3893715878138325
12552,0.30830678269262285
12553,1.1487858824051336
12554,0.6639969292743086
12555,0.336990566402054
12556,1.042649866129226
12557,0.46048249655823437
12558,0.7341051285216952
12559,0.9117065735202406
12560,1.5966117586533493
12561,2.0180409148030787
12562,0.37060161682269105
12563,0.24427042139951774
12564,1.509979494747286
12565,1.00210732981858
12566,1.9466635502115284
12567,0.8489123177216714
12568,2.048545827575675
12569,1.4059584903697133
12570,1.1720386356017725
12571,1.5538737200944603
12572,0.7393542499719487
12573,2.155780286931894
12574,0.453936314814762
12575,0.43471915576381587
12576,0.542941795046259
12577,0.8935323696512049
12578,0.7129835122469663
12579,1.8406381113782744
12580,0.5301974933803822
12581,1.6336821119661136
12582,0.13761732859169043
12583,-0.11766051180809303
12584,0.39624259889577557
12585,2.0129990202678365
12586,1.522689058596677
12587,1.3560971122124799
12588,0.4628114337845517
12589,-0.059473083863961475
12590,1.7521890541006013
12591,1.2992488347356113
12592,1.2216962862011176
12593,1.9075727765332409
12594,1.3039574888480003
12595,0.35579057829492877
12596,0.9017484449228199
12597,1.8072450137132157
12598,0.9294025759984661
12599,-0.46263280571539206
12600,1.7688935131045045
12601,1.7788019151161771
12602,0.09530613836956316
12603,0.03545422238554124
12604,1.2348805451596359
12605,1.4045453811441173
12606,0.13667675399469129
12607,1.5346540749589752
12608,1.3395126060443396
12609,0.8379822322837733
12610,1.2427469708851528
12611,0.390052949403572
12612,1.3080364250451817
12613,0.5094500612326819
12614,1.2244723928081422
12615,1.3639174107868166
12616,1.002098008859672
12617,0.8000873458682914
12618,1.7299948790561972
12619,0.3030501655503305
12620,1.3556868434925398
12621,0.7297609110656258
12622,0.20726152148274077
12623,1.8963178700044143
12624,-0.027129729445646948
12625,0.451391191528549
12626,0.40429741242671247
12627,0.3037367523029991
12628,1.3017570971072985
12629,1.056785486391997
12630,1.8271173653552215
12631,0.5723357942446906
12632,0.7655096559391837
12633,0.8071946904896549
12634,2.1720691986683254
12635,0.9869758951170802
12636,0.21162214820878875
12637,0.629218391475008
12638,0.5145351320533204
12639,1.4102787418768388
12640,0.9030115596687474
12641,1.5336219134801168
12642,2.0411335770748034
12643,1.7323798526328331
12644,-0.03698516885206857
12645,0.6874403395560683
12646,0.4276460331585047
12647,2.035320551784605
12648,2.2125203516132825
12649,-0.020408705359433746
12650,0.9953038139718405
12651,1.623679021431903
12652,0.8196279996861793
12653,0.7494661420783942
12654,0.6206661887448974
12655,0.28403617319089314
12656,2.6436928243676676
12657,-0.4663671377097628
12658,0.4374572214372071
12659,0.6378002062616299
12660,1.2838232285097868
12661,0.27706736187327635
12662,0.6781264719324571
12663,1.1134117994997512
12664,1.103128337760217
12665,0.9995687407376176
12666,1.1538868245581322
12667,0.4091916602828925
12668,0.25990198212115845
12669,1.7141651852081687
12670,0.22506788322491578
12671,1.7374770873282372
12672,-0.5857675330368026
12673,1.8635276558591871
12674,1.939004798599056
12675,-0.12305723575084246
12676,1.4090478860959377
12677,2.348047232278351
12678,0.9805056709791005
12679,1.3131885795272893
12680,1.6387617927777196
12681,1.1360016327651918
12682,1.4792165868285057
12683,0.25053660374645537
12684,1.270237923814721
12685,0.6493003467886056
12686,2.032555740047594
12687,0.6598663354154372
12688,1.8838617737603212
12689,1.1493356297838067
12690,1.0723260258887752
12691,1.6129115321949983
12692,1.1347107526422355
12693,0.6225010125774706
12694,1.4106724443146725
12695,2.1397697338456725
12696,-0.003897014596022083
12697,1.855377133723878
12698,1.5326940889783673
12699,1.1535785440557507
12700,1.048537049211016
12701,-0.11911468869847658
12702,1.7043757429915662
12703,0.7621911617523364
12704,0.4284650343250047
12705,0.3167375623250899
12706,2.9003929143441285
12707,-0.17446866659945112
12708,1.521901445682905
12709,1.3710207121539129
12710,0.9020719346097038
12711,1.0346087442950327
12712,1.0787304674621065
12713,-0.06300070930083086
12714,0.37941619819006694
12715,1.149699028863341
12716,1.3463810396853966
12717,0.7149762020979403
12718,2.001246712424862
12719,1.9747696388311777
12720,0.11691624398059705
12721,1.1565199388212521
12722,-0.016953541856146476
12723,0.8805853237166323
12724,0.8109381673261636
12725,0.18499622612878316
12726,0.8627292817029305
12727,1.1100929147505443
12728,0.4893956899196858
12729,0.7810159584584168
12730,0.1336023623934841
12731,1.5348111014945223
12732,0.3530068355776227
12733,0.6140982102331412
12734,-0.24007826250341663
12735,1.4759194577174
12736,1.2670575259487924
12737,0.818657773417265
12738,1.3378176395770895
12739,1.982130387313369
12740,1.077187597545992
12741,1.767467120008618
12742,0.9716210410737656
12743,0.9219471197085525
12744,-0.07349441044921852
12745,1.8740068805188443
12746,-0.1987764805621066
12747,1.1210009113386752
12748,0.3480749961418327
12749,0.5277853918838525
12750,1.0460429976045116
12751,-0.053938389620580646
12752,0.45409666344471467
12753,1.5242337033578888
12754,0.9796229934403352
12755,1.248732157562309
12756,0.1857176261959136
12757,0.5020692900474626
12758,0.6605004637531393
12759,1.551356959449141
12760,0.010797618100970378
12761,1.7651341796592201
12762,0.32535008015500094
12763,1.0202793492911588
12764,1.087816066102067
12765,1.9746090666108236
12766,1.896840434672728
12767,0.8359790060746274
12768,-0.0005526692107545549
12769,0.17227759980821092
12770,0.4107248417060999
12771,0.5104788134249204
12772,-0.033692591221609225
12773,0.4355773603470888
12774,0.8647244640373232
12775,0.6323555072699445
12776,0.9155665016986132
12777,0.18286904166176352
12778,0.251183007450977
12779,1.691989294919059
12780,0.6604549616384543
12781,0.9580278875158912
12782,0.6212599942531624
12783,1.3577220996769799
12784,2.0184378179560336
12785,1.544421832671002
12786,1.1457114258458077
12787,0.4889389631544038
12788,1.619438584491799
12789,1.0476506411669995
12790,1.9766914834745455
12791,0.4384774165652064
12792,1.4314758350559285
12793,-0.0598806584130675
12794,1.8619658169856017
12795,2.0691381526630708
12796,0.7035573460268215
12797,0.9644696966105736
12798,0.6171823256086544
12799,1.207401746343948
12800,2.146756738736865
12801,1.3305227733031262
12802,0.48536461321386465
12803,0.5668484951262258
12804,1.9778103318537235
12805,1.6943630052953675
12806,0.7355568350041178
12807,-0.00312514753355575
12808,0.8552521082561088
12809,1.9769668957599507
12810,0.1545333447058591
12811,0.48930623707139553
12812,0.010303066566403049
12813,0.9318443938628455
12814,-0.4149447019081457
12815,0.9252657687299511
12816,1.2515550846005064
12817,1.411660281963305
12818,1.174531677763066
12819,0.34627437560026475
12820,0.5333895185982538
12821,1.0815742813451816
12822,1.4254446651609594
12823,1.0240960024451509
12824,1.1518969625262883
12825,0.3736605359519487
12826,0.1102811636679946
12827,-0.14160654009451035
12828,0.006348556287703838
12829,0.29505889319039286
12830,1.3674410582106256
12831,1.0261049256420418
12832,1.5170758255738281
12833,2.4344847689221054
12834,2.0867657194845033
12835,1.2329054810530722
12836,1.367419927033894
12837,1.4323662744857122
12838,1.6435063025430092
12839,1.7017805619397077
12840,1.7569647837670377
12841,1.4545836120285238
12842,1.3356629613153883
12843,1.8799604276487354
12844,1.7833527704813847
12845,0.004876252123138972
12846,0.5273414371246612
12847,1.4493796952584939
12848,1.3941606070416679
12849,1.6404045830189102
12850,0.15336527705618222
12851,-0.07196460128141707
12852,1.240254625479579
12853,1.5968830916918173
12854,-0.07876095590147658
12855,1.0622458758781002
12856,0.15901423452590024
12857,1.9035915899424936
12858,1.6714211393696097
12859,1.2427987081126544
12860,1.2229274189075947
12861,1.068140028182018
12862,1.5748825817164906
12863,2.024801761804416
12864,-0.12937541054734014
12865,0.008898599771551295
12866,1.1502871762484925
12867,1.7333165298200832
12868,0.8905772504743796
12869,1.219664600755335
12870,1.0663677496815556
12871,0.9363984543106225
12872,1.1543343845974425
12873,0.905625213425634
12874,0.6280911070710793
12875,1.6079347342581332
12876,0.6504113677065244
12877,1.5687434368459927
12878,1.513326715729138
12879,-0.10137020800758062
12880,0.44803568133184135
12881,1.5973337050798297
12882,0.6209281806675876
12883,-0.05149882930147094
12884,1.6158271879819404
12885,0.942324969826146
12886,1.514320054530354
12887,2.2659176029092634
12888,-0.05663245351619231
12889,1.283775476835277
12890,0.7741833943873716
12891,0.2105164432313885
12892,1.4105933506107506
12893,2.2205213134711617
12894,-0.15798610623342102
12895,2.172002721948223
12896,1.0581886114771568
12897,0.28125593193723697
12898,1.2943189348335522
12899,2.1601762814083165
12900,-0.08329132663913665
12901,1.3765007752695186
12902,0.24274881717467267
12903,0.9607931701034174
12904,1.577648876746551
12905,-0.022417479419144168
12906,1.868216176678225
12907,1.7169635794233074
12908,0.748082435343077
12909,2.558214887244551
12910,0.3085846644348242
12911,1.5220379410213944
12912,-0.19326930581480428
12913,1.6976014176423158
12914,1.6163037004795036
12915,1.1219737253017725
12916,0.5353882337601193
12917,0.6375832370284603
12918,1.4457640997095988
12919,0.22720532041139155
12920,0.31404811328108007
12921,2.0909700697645563
12922,2.177285284919139
12923,0.8139638769108724
12924,1.2587695558165457
12925,1.909024773123501
12926,1.8795743730944345
12927,0.043101976983276086
12928,1.8583434742352467
12929,2.070688932727045
12930,2.0107774842596644
12931,2.2913520393716946
12932,1.3577296793275389
12933,0.26422510498088175
12934,1.6459707880679966
12935,2.145692451280382
12936,0.6180327360932575
12937,1.2645575185796551
12938,1.603941553294943
12939,1.164668161236742
12940,1.3632921252304693
12941,0.6808667426522523
12942,2.044787061768224
12943,0.8129590526999523
12944,1.5192133406321395
12945,1.9079002672871335
12946,0.014777237320415684
12947,1.6633706419765895
12948,0.3231659196000882
12949,1.5563297704816526
12950,0.46178065776741106
12951,-0.1398008180773523
12952,2.0252445893330964
12953,0.6162227758060146
12954,1.304841879152375
12955,0.570180218960788
12956,1.5584910125574325
12957,1.9870862334419677
12958,0.6723243822985672
12959,0.5144690750748593
12960,1.1810401665146941
12961,1.479902433384698
12962,2.409408262062294
12963,1.762465867223053
12964,0.5249179834544564
12965,1.2354698415162757
12966,0.950823898162381
12967,1.8806750418688443
12968,0.8070635412084847
12969,1.4559544997344085
12970,0.48384679531707725
12971,-0.06853938247663506
12972,1.9165357838971182
12973,0.5225129135266298
12974,1.009966760552192
12975,0.0014663544053586802
12976,0.4102171899860734
12977,1.0096684208705047
12978,0.6125713232038544
12979,0.08632678733233036
12980,0.4879207545349149
12981,-0.20142453628407792
12982,1.88323863832498
12983,0.4211906395787365
12984,-0.02200666690712374
12985,1.5624187940233596
12986,1.7697847714621515
12987,1.8150165191596535
12988,1.9113248389814097
12989,-0.6755972438627472
12990,1.079303840725301
12991,1.1542140120740023
12992,1.9749314623495764
12993,0.862207826479609
12994,0.10832332113138984
12995,0.571298291996597
12996,1.9786262878012197
12997,0.9166573477658886
12998,1.821140912571641
12999,1.438977873936078
13000,1.3656533080035975
13001,2.053115318574545
13002,1.2628374366233852
13003,-0.1605620797830742
13004,0.5315110011063018
13005,0.13035982730969614
13006,0.48721404937248036
13007,1.4792229960131307
13008,1.7900302710350946
13009,0.33237210039239895
13010,0.9500943046109661
13011,0.20536371970196937
13012,2.0713911481813008
13013,-0.15113403600690245
13014,-0.19014898009646658
13015,0.8865380155635473
13016,2.0232874263036007
13017,1.3507102818141397
13018,1.4471522369007068
13019,0.49774311354982026
13020,0.9158241623715986
13021,0.8319952533480856
13022,1.026916119300313
13023,0.3765845128200835
13024,0.5395481358366083
13025,0.36308413315718246
13026,0.2894701069561461
13027,1.0022801648287736
13028,0.9975481592595316
13029,1.5743888648180977
13030,2.0245940050578
13031,1.0737484424492136
13032,2.0830197524480005
13033,1.0179328983878624
13034,0.5192179018793075
13035,1.2871638174090305
13036,0.019479663649051977
13037,1.0984226284520047
13038,1.0594578007584778
13039,0.3487978114407857
13040,2.2141974726740883
13041,0.6283179581813019
13042,0.5490512783605523
13043,1.891241773298219
13044,1.235443922005112
13045,0.46613878776765133
13046,0.18165073502005785
13047,0.22390465342669097
13048,1.7849693078252191
13049,-0.09538433274863378
13050,-0.2787208709140207
13051,0.31870643910528335
13052,0.1301056145743255
13053,0.6427522794735756
13054,1.6572475139549487
13055,0.2941204143077568
13056,2.073707173581437
13057,0.14436437641277639
13058,0.3400605072559935
13059,0.8773139859080482
13060,2.142119658595988
13061,0.33821464138309726
13062,1.240018092920223
13063,0.46616723960963385
13064,1.3386404037249002
13065,1.1225826781763861
13066,0.9554318923011019
13067,-0.031269556727718056
13068,-0.19291496717661438
13069,1.1402814973257307
13070,1.43504699850842
13071,1.5468177359113071
13072,0.6105985996012993
13073,0.28106670283902047
13074,0.4320445802900854
13075,1.4555298230548344
13076,-0.16584027297884513
13077,-0.13515857159180159
13078,2.098480572506186
13079,0.7041104638615947
13080,2.299385068912818
13081,1.1888209983099634
13082,-0.35618556055077355
13083,1.0995571239712862
13084,1.3148569314479743
13085,1.326445908981301
13086,1.044697175604084
13087,0.30375244618541786
13088,-0.11475426683879059
13089,1.0702828002798213
13090,0.7688189866413484
13091,-0.0353817592294593
13092,1.0404836516347111
13093,1.566074545814707
13094,0.3985107119301013
13095,2.1521660976498835
13096,0.44315466270854365
13097,1.0437192861476041
13098,2.1250613304183403
13099,0.8692041681615553
13100,0.9323353957185775
13101,1.3256973699578656
13102,0.2430910129168118
13103,-0.3243589764396287
13104,1.1263316185130154
13105,-0.32781554530679
13106,2.682247156319882
13107,0.5058583934251633
13108,1.2334757400490852
13109,1.164234122513953
13110,2.066714796357531
13111,0.6979336050589522
13112,0.20115109030734799
13113,0.11992500484820574
13114,0.19411679280238142
13115,1.3847418001798615
13116,2.0791327438138083
13117,0.42662201906815045
13118,0.2168481916269108
13119,1.3690254507556463
13120,0.5031508314453604
13121,2.19729698124716
13122,0.7799262976460535
13123,0.2924083193643678
13124,-0.05075044073654237
13125,0.5858162384148436
13126,1.7241280795248042
13127,0.9354786645842691
13128,1.3024369417493826
13129,1.9798686905725609
13130,1.1842641971786878
13131,0.49850038806189556
13132,1.1764952243314295
13133,0.8632400921866321
13134,1.1726665284639413
13135,1.2261308493429641
13136,1.4760391997673101
13137,0.7293833736987658
13138,1.6552490862179365
13139,0.6011527138144275
13140,1.6672109936831219
13141,0.9192826112362371
13142,-0.1310570202265884
13143,0.4029264540312126
13144,0.5097457348060264
13145,1.4218682991401712
13146,0.7746431812488973
13147,1.43534151353778
13148,0.9245181155956123
13149,0.39141446808952246
13150,1.417031404079538
13151,1.6936940749074114
13152,1.5054465033125783
13153,0.26883812606672386
13154,0.7774132782049334
13155,2.0679371136371967
13156,1.4835987506320834
13157,0.7345631396672281
13158,-0.012312582759312782
13159,1.140788811187212
13160,1.1085861013701104
13161,0.002089228270104361
13162,0.8316681429165831
13163,1.101882130835517
13164,1.1783971133833697
13165,0.6093978189862264
13166,-0.08605387073654486
13167,2.059502158628652
13168,1.0069001165475098
13169,1.0649282208009936
13170,1.7894213847878015
13171,2.1055525530832653
13172,1.4281511775037599
13173,0.5834860825065673
13174,1.1964699385318796
13175,0.7839997893617495
13176,2.0780122802878447
13177,1.0672851127686203
13178,-0.20738379203379684
13179,1.2244654577245202
13180,2.8728085352963477
13181,1.7563340596792743
13182,0.65261914655921
13183,1.9871002946525724
13184,0.9426314502348399
13185,0.05665364056930871
13186,1.9727399485286794
13187,0.34098584526247666
13188,1.3196281847289795
13189,0.3046508148997296
13190,0.8039296837994027
13191,0.22041139746862404
13192,1.4849103619391228
13193,0.27842574233202366
13194,1.662721372412003
13195,1.0954181342882279
13196,0.5910323121134833
13197,1.0679709216625008
13198,2.0382734770646525
13199,0.6605440272371358
13200,2.1405376720277483
13201,2.2221815513599985
13202,1.215132975845138
13203,1.7157366583711229
13204,-0.025843581117892298
13205,0.6686451838238515
13206,0.8893575047883976
13207,2.2889149949866443
13208,0.4722941479067281
13209,2.1542321533123365
13210,0.8124945156206588
13211,-0.004900722452537469
13212,1.9276070267360772
13213,2.087332467548508
13214,1.0228225749141655
13215,0.15897655275897354
13216,1.1128374893168786
13217,1.0859970530046215
13218,-0.13064689662716808
13219,1.8657793897960122
13220,1.025327390106313
13221,0.5630970360812033
13222,0.16310606258423832
13223,2.1256942265174428
13224,1.6180621267789712
13225,0.41503237369373197
13226,0.3551382540161264
13227,0.544791992973601
13228,0.9512804213752267
13229,0.5503295453786924
13230,0.09767867574076743
13231,1.1007040145075402
13232,2.255699738401665
13233,1.1627029188815594
13234,0.6483762582342268
13235,0.7331771942438429
13236,0.46050899373633974
13237,0.8832591098465324
13238,0.563390497842159
13239,0.9451915756676551
13240,1.1484499994348807
13241,0.4053062770162903
13242,0.05347403820025473
13243,1.2282778710644964
13244,1.0191851878429177
13245,1.1478342921639086
13246,1.3513590469472723
13247,0.8156241308151622
13248,0.9335005920622195
13249,0.32577455819610807
13250,1.3832383786520064
13251,1.7263742931271253
13252,0.035938458950066164
13253,1.0565131707522808
13254,2.12628159703599
13255,1.2476337815492977
13256,2.321733446127421
13257,0.4827762468235791
13258,0.012602486596524123
13259,0.5507293810411488
13260,0.18523769554048272
13261,-0.20398849963399301
13262,0.16434932760034296
13263,0.651525010075768
13264,1.2464618762899038
13265,1.825808972856686
13266,0.38436166090630697
13267,1.5039486488505633
13268,0.7341899263130349
13269,1.0966046014014115
13270,1.4019106786914797
13271,0.8109481905940567
13272,1.9708164544995814
13273,-0.105111805882593
13274,1.9879289323271847
13275,0.772885289097179
13276,0.3911574746858778
13277,0.5895950313838916
13278,1.4470680194653274
13279,1.7201478008400104
13280,0.030320056922457032
13281,0.9196548398471817
13282,0.5151384986757565
13283,2.186769666284914
13284,0.6381730085472035
13285,0.9556018416181797
13286,1.8966484690500913
13287,1.0482358145154782
13288,0.41137077287595986
13289,1.2298003377454099
13290,0.4387740639696824
13291,0.9410320526715916
13292,0.11196076675446805
13293,-0.5799435830732835
13294,0.09291904383157495
13295,2.33291088584213
13296,0.35239901897208237
13297,1.80405387688978
13298,1.7804842669017937
13299,0.8323001847143311
13300,1.6475199901004578
13301,1.799801637721109
13302,1.8498076196242037
13303,1.5835209972386077
13304,0.5810573281251488
13305,0.085034709726613
13306,0.6387225680372328
13307,1.0582896676999818
13308,1.3650086619366397
13309,0.44065877742861276
13310,0.8229271338905022
13311,0.2747439548064343
13312,0.12507858375063002
13313,2.1912892437498397
13314,1.1625800164227784
13315,1.346782689071578
13316,1.3254918566343217
13317,0.3729688473978146
13318,0.45897053677910626
13319,0.13914861846481716
13320,2.128516618878467
13321,0.6414663832609842
13322,1.407531975619731
13323,2.0394522184248745
13324,0.8900863939739379
13325,0.3865685228985823
13326,1.3054676789472393
13327,1.3148408597102548
13328,-0.10481391576372043
13329,0.9516406807494797
13330,1.0195494316745024
13331,0.4821980141533855
13332,1.081451736152452
13333,0.8689373627099736
13334,1.4188495085928292
13335,0.9628958013932019
13336,0.6201621014263269
13337,1.345422545523624
13338,1.108279215375805
13339,1.036973899800806
13340,0.2660692726210525
13341,0.25530371983149763
13342,1.0444674611802225
13343,1.095958929449439
13344,2.0626486942298308
13345,1.2456252809581472
13346,0.21151320801689344
13347,0.32999773851543307
13348,0.007855242700191759
13349,0.5624715970863431
13350,1.078569431423254
13351,0.9920023048499744
13352,0.9629013564327256
13353,1.6622431887469875
13354,1.1369341111351159
13355,1.8430666129363562
13356,1.2887755360887168
13357,-0.08854666290153435
13358,0.06088753887805625
13359,1.4276727637351503
13360,1.3353369762291225
13361,0.7079251972964795
13362,1.0877640849918153
13363,1.114947255861217
13364,0.35197630385268586
13365,0.2228732632313462
13366,1.8414531056286143
13367,1.1416005166545704
13368,0.547606290062391
13369,0.5777074575761548
13370,1.9268872092159661
13371,0.3841842848470779
13372,1.3485012495218358
13373,0.268290665024759
13374,1.6959448989480888
13375,0.8982225090602051
13376,0.4367246389506381
13377,0.8802383882969412
13378,0.5565001865681725
13379,1.7058751005814528
13380,0.46780752901837486
13381,1.1182873095788695
13382,0.23732297508509462
13383,0.209215962569248
13384,1.895848875023528
13385,0.6239875733354325
13386,1.0251541179726853
13387,0.2145264964601875
13388,1.0177870595825027
13389,-0.02917369666483094
13390,0.7488044904598764
13391,1.110958738343674
13392,0.17988318738185363
13393,0.8452299979207548
13394,1.6196462945397403
13395,0.9735629019231629
13396,2.2013758960747003
13397,1.824174711655
13398,0.8326304195431029
13399,1.6228211681837785
13400,2.1031352008882713
13401,1.3866807937522272
13402,0.9382145355589234
13403,1.0622964065345273
13404,1.6161966208901433
13405,1.1342976458085565
13406,0.9675908806469338
13407,1.0635263347106723
13408,-0.19978728429640336
13409,1.1982783121764904
13410,0.9712127407407116
13411,1.3096933562477584
13412,0.9174983406115034
13413,0.7644775452555626
13414,1.7676623226215757
13415,2.0006204337641083
13416,1.1269654222367005
13417,0.8011425810785296
13418,0.870963901598157
13419,0.5672358690777758
13420,0.962840023657393
13421,1.9542442921327794
13422,2.1222220643506358
13423,1.86624147155441
13424,0.7428565704610309
13425,0.7191831232092728
13426,0.6641747240581836
13427,0.3438871304036386
13428,0.18302330332346872
13429,1.1554362253552397
13430,-0.3557592730150036
13431,0.2800097911032657
13432,1.784116217519255
13433,0.36303130169675984
13434,1.4753559735440935
13435,-0.5263195903036177
13436,1.5586682056137673
13437,0.7941024858699721
13438,1.9303564031851534
13439,1.7745528346698491
13440,1.0461790353106633
13441,0.8011710094438025
13442,0.3334433172547124
13443,0.4857846123091869
13444,1.9646652935296074
13445,1.0239039394705585
13446,2.3537461645318127
13447,1.1139309619910716
13448,0.7160135005239124
13449,0.518688962689009
13450,-0.009242101470581944
13451,1.0621081080666057
13452,0.6793808429709137
13453,1.7790300866864648
13454,1.5751441221517741
13455,1.2655380028187266
13456,1.5682774834618822
13457,1.6530171765662431
13458,2.5499702437601592
13459,0.7761915249988651
13460,2.284668159003398
13461,1.8199049322817127
13462,2.0302178865844915
13463,1.4632186563827394
13464,0.4382706815952348
13465,1.4085755645021731
13466,1.8125845672267797
13467,0.9133876708906149
13468,0.333775718959824
13469,-0.40293360280325113
13470,0.964212134336932
13471,0.7263791656506164
13472,1.8593663839064354
13473,1.8789077791601925
13474,0.39166446077620803
13475,1.311710514207305
13476,0.3913141687145961
13477,0.8832546759642044
13478,1.8850125503186987
13479,1.7823503526224675
13480,0.6323944695688173
13481,0.45982408901103455
13482,0.4964803390712672
13483,2.151176690207575
13484,0.9784212536722255
13485,1.8891262873365964
13486,2.0993075866749975
13487,0.9495648531425166
13488,0.43832583676844744
13489,2.031975269609336
13490,1.1911618692031736
13491,-0.04762078388182482
13492,1.035419498069265
13493,0.8324506741962047
13494,1.487154206745989
13495,0.6329963400584462
13496,1.4312261382633484
13497,1.1724412175228063
13498,0.2250780986003183
13499,0.8350201321804099
13500,2.0228848724348096
13501,1.6210754291448664
13502,0.7665346873480408
13503,1.211986976162704
13504,0.8408666006522229
13505,1.385363387633209
13506,1.6137983992085574
13507,0.019485768794472016
13508,0.6887017746752365
13509,1.9837196730384263
13510,0.369163410460921
13511,1.0352070446304027
13512,0.45943636523049036
13513,0.15190322461523256
13514,0.8479384371920361
13515,0.17657236298817947
13516,0.8220314112607585
13517,-0.4758607188935935
13518,1.155487817520706
13519,1.2244271392231876
13520,1.067881907328685
13521,0.4902258500033585
13522,0.9212184472411206
13523,1.4382692560942891
13524,1.3466238059961695
13525,0.670604908654552
13526,2.0545670036721484
13527,0.3923844735503897
13528,2.1045015568869387
13529,0.12078717736702914
13530,1.7160534791160338
13531,1.3070975538139216
13532,-0.19886843127023163
13533,0.8816398296011562
13534,-0.1031345818409623
13535,1.5151234341589037
13536,1.7404465685619217
13537,0.9351693901458977
13538,1.6601643099517382
13539,0.6337145318196779
13540,1.0643558243834224
13541,0.8452738911104037
13542,1.1582254627331448
13543,1.0772085007747867
13544,0.5663516587409742
13545,0.42658425771600145
13546,1.6069912786396112
13547,-0.07559822196358496
13548,1.4405152939558254
13549,2.1467380183053377
13550,1.2343134232600093
13551,0.22288448052831006
13552,1.9482424469811475
13553,1.8235792398807102
13554,0.25811767213290904
13555,-0.13893478579273852
13556,0.1382796031387447
13557,1.2455268099641206
13558,0.375164367073837
13559,1.4390305406103068
13560,1.314613516313416
13561,1.2790013858457139
13562,0.08500633823461119
13563,1.1754855817410415
13564,1.5516724234527528
13565,0.9112899212966439
13566,0.49624261716483964
13567,1.2923329649833717
13568,0.41205003360304576
13569,1.5039506727487706
13570,0.3365635435679084
13571,0.6539659595299314
13572,0.5481971622742432
13573,0.40223364287904195
13574,0.06987846016824016
13575,0.3811531820002752
13576,0.32628841516357415
13577,0.5416004770652773
13578,0.9339406299616987
13579,1.8498458789739818
13580,1.6969343829910195
13581,1.6335327348032131
13582,0.8232324858759702
13583,0.8977000763970581
13584,1.0885038170056651
13585,0.16853392886856203
13586,2.222586766058511
13587,0.20547802786868924
13588,0.18048539320537732
13589,1.6281819676288765
13590,2.1920224675184934
13591,-0.13837591333174282
13592,0.01922772590902122
13593,0.9921515069219085
13594,-0.15591377953177332
13595,0.9519554134451569
13596,2.3387125158056277
13597,1.3667805536141668
13598,1.296239733451003
13599,2.1021264028306277
13600,1.586147842353685
13601,0.35151651954520485
13602,0.5757611529334653
13603,-0.19505354921687917
13604,1.9458256135594676
13605,-0.08703527390673434
13606,1.561431656299533
13607,0.38092092144840733
13608,0.40673295967977474
13609,2.0003613173177457
13610,1.6376524479356693
13611,2.031802354220011
13612,0.874454792177175
13613,1.692460570231958
13614,-0.08004851928665113
13615,2.1975203243645987
13616,0.18846547721685855
13617,1.3624588848627135
13618,1.9214182099869708
13619,2.106678427702794
13620,1.3840472888725768
13621,0.9223408250827879
13622,1.2053106146056398
13623,1.9928170345928364
13624,1.5967709805885777
13625,2.0087158108661827
13626,1.2655179355600386
13627,1.713757729059494
13628,1.8272827549701438
13629,1.0211759529652984
13630,0.43752495926891316
13631,2.198277372589491
13632,-0.1916080428304036
13633,2.0198776872241178
13634,0.9999565853709238
13635,1.0775673154978906
13636,0.19298015452673892
13637,0.6068281182326069
13638,1.3174202912035964
13639,0.11031452339632522
13640,0.879073560013806
13641,1.1423803769890348
13642,1.5204573336729865
13643,1.5478442027203512
13644,1.4859471024889928
13645,1.9315214971880434
13646,0.5661373237141287
13647,1.5776985640230874
13648,0.39822732926050713
13649,-0.32306131513542086
13650,1.1000421765554331
13651,1.2227863138057136
13652,1.4996113349952822
13653,0.0018230294007949253
13654,0.478357822472134
13655,0.9870317176576414
13656,1.414780656388744
13657,0.73629809906905
13658,2.4872343757371733
13659,0.5030134908659869
13660,0.33064254691073586
13661,0.11851615843505253
13662,0.14387389167374082
13663,-0.05052441544389373
13664,1.8340498154849598
13665,1.0971393237295641
13666,-0.007690188555995063
13667,0.9171432219858668
13668,1.1684388878221412
13669,0.4832850291704815
13670,0.9975317210505222
13671,0.5374586911203523
13672,1.6311333230951603
13673,1.9685135954115431
13674,1.2629177474078945
13675,1.3057199738440182
13676,0.594033942176278
13677,-0.8970582742103508
13678,0.7915823656160398
13679,1.172353373915326
13680,0.02359040544466017
13681,0.10572864162711215
13682,1.5007792545293492
13683,0.9056917822740654
13684,1.6415052738094038
13685,0.526356868475725
13686,2.332290853797358
13687,2.0303702687081966
13688,1.9887042548116993
13689,1.71588727546787
13690,0.4674772551386944
13691,0.5481070280332961
13692,-0.07809769307273372
13693,1.8647251109683176
13694,2.1678065036294356
13695,0.5915685707398369
13696,0.5378441437586607
13697,1.5421888939285897
13698,2.278997296513615
13699,-0.007635933997671818
13700,1.3761387753788448
13701,1.2234646659432822
13702,-0.09965173349373846
13703,0.1514904194255961
13704,0.8813826254448274
13705,-0.1399244487793897
13706,1.1374668059949804
13707,-0.008453849100203654
13708,1.9094968785400064
13709,1.866408714362346
13710,1.2238804531912528
13711,1.3718106943767832
13712,0.5836138905712641
13713,0.4896818054489478
13714,1.0960263169414932
13715,1.361495899059467
13716,1.072876556640343
13717,0.2949196577845047
13718,2.0292629988310655
13719,0.36421195743889884
13720,0.14163167072136854
13721,1.981423106642905
13722,1.0248444910276078
13723,1.442318140541372
13724,1.254640086862
13725,1.7549388141025162
13726,0.255476961654362
13727,0.7823054833215002
13728,0.6652049046707179
13729,2.0687292689562877
13730,0.3812561481396881
13731,1.3565435397295487
13732,1.9483707316038048
13733,1.1350119350137202
13734,2.020960904788556
13735,-0.21118080180284554
13736,1.0545614173497002
13737,0.8725088488497028
13738,1.9952663901198655
13739,0.4541473735491221
13740,1.5175585186081777
13741,-0.020467749432262483
13742,0.33945275344376435
13743,1.6475413353533193
13744,1.439005687178641
13745,0.6487344765028628
13746,1.7808528670995223
13747,1.3653281675941535
13748,0.5453166489023096
13749,0.45661831021633775
13750,1.1389614591459674
13751,1.2915158793103432
13752,-0.05656073365582827
13753,1.0133000048641958
13754,0.7864189652562842
13755,0.21421514767909627
13756,1.8571655712419266
13757,1.324893297663004
13758,1.9981223013196032
13759,0.6363441481274242
13760,-0.21731633766927042
13761,0.44801563609321765
13762,0.9838678137519145
13763,0.44013898223592673
13764,0.2856134970560044
13765,0.6105929571206634
13766,1.4556270868052115
13767,1.1583146629398071
13768,1.4092809762806333
13769,0.8546718333832747
13770,1.3273468315859898
13771,1.2413248545871376
13772,1.1682880158338298
13773,1.6751093827885806
13774,1.1863733846548132
13775,1.809851799839351
13776,-0.049112140784846436
13777,-0.009236805692728042
13778,0.5292520730406312
13779,0.8317310826783114
13780,-0.12673849603255977
13781,1.062098110410503
13782,1.5567099084714424
13783,0.8965752381033729
13784,0.3816938776797663
13785,2.0623947759888868
13786,0.9516170869472975
13787,0.6984826071394354
13788,0.6511932884440994
13789,1.9307960087180962
13790,0.3637041267308829
13791,0.30234788462768125
13792,1.8156453890145001
13793,0.7232313287048207
13794,1.5923970022311433
13795,1.5899402756216103
13796,2.184013967681584
13797,2.1473020876982685
13798,0.8304208850630259
13799,-0.15807661604316098
13800,1.829178028639648
13801,1.7660905097239126
13802,2.0514212303134487
13803,1.5439903040640348
13804,-0.12764911124502218
13805,0.03523080851563982
13806,1.4693452072136512
13807,1.9918453106038254
13808,1.0316847677761858
13809,1.1449420830316126
13810,1.0605186209616626
13811,1.8851109368881391
13812,-0.12799181821668612
13813,0.4730347652534964
13814,0.8719840932180443
13815,2.0177679786791316
13816,1.6634766788644482
13817,0.12951380832582599
13818,1.023472398498712
13819,-0.19978273356797643
13820,0.5218054630137947
13821,2.2158261681134386
13822,1.8347979763968787
13823,2.0002629116857342
13824,0.40068427801206297
13825,0.9790650743673432
13826,0.5275623287604172
13827,1.5284864959430575
13828,1.1249692848316126
13829,0.8123731753022068
13830,1.1049345464489835
13831,1.064444391252235
13832,0.6977511713816344
13833,0.512146704646628
13834,0.7299677257607755
13835,1.1985386901234225
13836,0.8805472683254011
13837,0.2706423615412705
13838,0.5306318993125919
13839,0.8316697405307386
13840,1.5560298120516962
13841,0.45219660364906755
13842,-0.24870144894119822
13843,2.187489658573769
13844,2.031969561085836
13845,1.808291689517278
13846,0.70320321170485
13847,2.3096237763433782
13848,0.9923681573264225
13849,0.964501415127998
13850,0.9817102683507923
13851,0.027727791361052728
13852,0.7898979088057335
13853,0.9660181407661211
13854,1.0672211476325906
13855,0.9783250685428319
13856,1.7847227406483812
13857,1.0467385757779446
13858,0.6834272354649804
13859,0.2352146369982419
13860,0.3095482259977718
13861,0.8325779150077222
13862,0.3802468320101091
13863,1.4329021442654764
13864,0.41029315960090457
13865,0.3322028146857424
13866,0.12163052549297672
13867,0.21401163208278012
13868,0.528654961267683
13869,2.0500920227194728
13870,0.5088041843542288
13871,1.3361277038361563
13872,1.6273741982499708
13873,0.6691320852332093
13874,0.5331006291277449
13875,0.8237048398381692
13876,0.19068599125033414
13877,-0.057578139820820134
13878,0.7202295287561337
13879,0.36448637522323896
13880,0.33985136074824224
13881,1.1067963647606933
13882,1.4371168849791336
13883,1.0062326316600714
13884,1.26655368819302
13885,0.8845207830266809
13886,1.024324259574207
13887,-0.16527566116936898
13888,1.5916183835984157
13889,2.0174818053175105
13890,1.1119459718941365
13891,0.9882788421483135
13892,1.440646141557562
13893,1.0791415201870036
13894,0.15298195471436385
13895,2.0233957002215166
13896,0.7913038494048934
13897,1.091314340036698
13898,1.9177954708511498
13899,1.1545747715052594
13900,2.253752736121404
13901,0.3782908810688588
13902,1.0390519802272815
13903,1.9565648335138095
13904,0.25481672240300457
13905,0.6452548450530335
13906,0.8269007667351453
13907,0.6607681875516199
13908,1.9432468292304856
13909,-0.023518264843746972
13910,1.3433301501773003
13911,0.5586312770936661
13912,1.1765243639822711
13913,0.37380617162812
13914,1.1969099599692423
13915,0.11303354823099941
13916,-0.1555557129058884
13917,1.3725186613402116
13918,0.43253360047768113
13919,0.9141576880709813
13920,0.6863976869851696
13921,0.7530199456505015
13922,0.17256253825955623
13923,2.2573120253031593
13924,0.9431150082603401
13925,1.7178752967760487
13926,1.0073244806219932
13927,1.5426384637022477
13928,1.2703009048589426
13929,-0.31361788263954227
13930,0.27281978916021354
13931,0.13373208033632464
13932,2.142114781273779
13933,1.5435796530099715
13934,2.120538243951864
13935,1.5922328593492798
13936,1.338667362126845
13937,-0.053147200279697854
13938,0.6140012258578343
13939,0.39445110966110697
13940,0.1980114590944381
13941,0.5431565633033623
13942,0.4104541601517983
13943,0.20138415316647468
13944,1.349457863984866
13945,0.7680221216089327
13946,1.3641965406386016
13947,0.1767662398016261
13948,1.247975666444865
13949,1.258889229582732
13950,0.4653251319028642
13951,0.030149303311644747
13952,1.2385478208948701
13953,0.7197758043358276
13954,0.931776131501464
13955,2.0188236766796703
13956,-0.1660891432655307
13957,0.015518558926270633
13958,0.37852986608688166
13959,1.830394026590459
13960,1.37954603913859
13961,0.49173313273227737
13962,0.8080099896749056
13963,0.9444540908855678
13964,1.4977856042790822
13965,1.1510745252829944
13966,-0.44948238865970497
13967,0.3045690384713428
13968,0.7656861135891048
13969,1.4805809805187382
13970,3.734779638640332
13971,2.028238156931529
13972,1.3176845391733278
13973,0.06514129726218076
13974,0.8143453863316398
13975,0.8718465900925436
13976,0.06837725380722018
13977,1.0005132347250363
13978,0.5329488186615705
13979,1.3323183901528686
13980,1.2527201639351362
13981,-0.0823940292350185
13982,1.3161560299997657
13983,-0.061325435101266326
13984,0.48945219612941543
13985,-0.11425819515336652
13986,0.41445555765828335
13987,0.9193927737453846
13988,1.5427702675791348
13989,0.4495887151742885
13990,0.1576750577556433
13991,0.1440597525123033
13992,1.2985934304445652
13993,0.17324483678189165
13994,1.0429093318657054
13995,0.888932879300913
13996,0.4935228366384342
13997,0.4883078401797415
13998,0.5800490542829757
13999,0.33865752211708444
14000,0.500880503082551
14001,0.5244780853583659
14002,1.1942918387163335
14003,0.9044358809903645
14004,1.033907168148573
14005,0.40505356070271376
14006,1.0257306815167317
14007,0.37494464717156445
14008,1.3634837041721832
14009,0.92833221845629
14010,1.816160977179802
14011,1.5962834714468424
14012,0.9869663875401362
14013,2.0483246058144853
14014,0.7664819521931597
14015,0.6656562608509421
14016,-0.1512243249646743
14017,1.930186030620474
14018,1.4527795758570154
14019,0.5684148845750616
14020,0.22461067864044876
14021,0.15408724200826687
14022,0.4220448984627532
14023,1.616231835360208
14024,-0.10222748327531617
14025,0.7380609659223686
14026,-0.8009318713958511
14027,1.2949109186644812
14028,0.45470149027113643
14029,0.6555779797276617
14030,1.489013677770608
14031,1.3474261215604515
14032,1.0002607058578177
14033,1.1501622676077927
14034,0.14633215092324778
14035,0.8529396295165719
14036,2.048024281221073
14037,1.2567041642038994
14038,0.5298292037549733
14039,0.48092570184917793
14040,1.6798488116282764
14041,0.26253768249331316
14042,1.489418259929496
14043,1.454210109362833
14044,0.009860229183913542
14045,0.6693088905341767
14046,1.9893447699390119
14047,1.1805837749215597
14048,0.7386812820069371
14049,1.0611486926579128
14050,1.697790711599274
14051,0.4556793097068357
14052,1.2217211473577043
14053,0.5220877029121791
14054,0.40682035561487406
14055,0.33123632374355894
14056,2.185832968810078
14057,0.5440274512072617
14058,-0.7552282896978649
14059,0.3392979329001887
14060,0.40195314442517005
14061,1.3703840971900747
14062,0.8900321014380523
14063,1.626935145405142
14064,1.1229265279531266
14065,0.6674449851149228
14066,0.31922548364040526
14067,1.6014393298120058
14068,1.1563905337106148
14069,1.5039697706425232
14070,1.974560870431979
14071,0.6991236700523619
14072,0.8287345869794207
14073,0.7041404514459889
14074,1.9095157419132558
14075,0.9257752536395096
14076,1.8362764885014096
14077,0.39136004391680623
14078,1.5073449966593866
14079,0.20108926315861533
14080,1.566244862028114
14081,-0.027027987954849952
14082,1.2822882839910368
14083,-0.15031312691852614
14084,1.7032743813579383
14085,0.16051272047023843
14086,1.1199907602115897
14087,-0.39252752510005423
14088,0.7962981250587884
14089,0.19638319098234389
14090,0.4762263265778197
14091,0.9040935982947023
14092,1.1440664154048892
14093,0.20771542752662261
14094,-0.07353220079565899
14095,2.1085419386101196
14096,1.991930144615352
14097,1.1963721393864508
14098,1.7875234429397138
14099,0.32596257681652474
14100,0.6884327743250137
14101,1.0206713543237211
14102,0.19578437906714918
14103,1.9004164480233487
14104,0.8798222787923745
14105,0.45512346444852486
14106,0.7170247638350478
14107,-0.3705398338952415
14108,0.8185321256736382
14109,0.6982986974515664
14110,0.26113693217962886
14111,1.5349647260854555
14112,-0.09550369965089434
14113,0.6506049697022362
14114,0.5808194653403502
14115,0.9533058257430348
14116,1.6493275288505973
14117,1.6607277967239493
14118,1.2024830593097617
14119,2.1218609166619293
14120,1.01039555698531
14121,1.0700099053298362
14122,2.566954756952043
14123,1.6807026219838381
14124,1.4395273249529805
14125,1.6042695590633393
14126,0.1718059561629202
14127,0.5078754513385084
14128,2.596918646745878
14129,0.019217265715386518
14130,0.2396505201306881
14131,0.7316987081486678
14132,1.2440482244123054
14133,1.4066987641117006
14134,0.9167623937410243
14135,2.1399018410659085
14136,0.9429002344937909
14137,2.0027607318288227
14138,1.161002015790336
14139,1.282125419698131
14140,0.9765845438012208
14141,1.2136060653563634
14142,1.7629174680613537
14143,-0.13579670255489976
14144,0.5433426531059979
14145,0.531737787766361
14146,0.20875402056007497
14147,2.006196769035788
14148,1.789631412381512
14149,1.2029697693928214
14150,1.4024131856321322
14151,1.9651949952667191
14152,1.4719025876698657
14153,0.7491506527809979
14154,2.033707570649233
14155,1.7864534304442956
14156,1.4067549391973944
14157,0.21461546294659403
14158,0.6174821659068795
14159,2.1560225299386833
14160,1.6978551604717405
14161,0.6383285500358857
14162,1.2083392445364456
14163,1.087692942440023
14164,1.327894172031942
14165,1.6400788646207454
14166,0.3631883435861802
14167,2.260365437394253
14168,0.6527386080779404
14169,2.073311382312733
14170,0.44288840239909355
14171,1.01134287987643
14172,0.82305920089837
14173,1.7591739141517417
14174,0.025035954548496324
14175,1.622504379000155
14176,0.18977854599729252
14177,1.585433618239851
14178,0.4272130957217562
14179,1.0013664206188417
14180,1.9451786259071147
14181,0.227936687955481
14182,-0.06976321424177909
14183,1.943762069295983
14184,1.0907520214973823
14185,0.7543551725551051
14186,1.0032039701927742
14187,0.45269202922236146
14188,1.1996541694467684
14189,0.18863831664839506
14190,0.8394561407788689
14191,0.7551130458031893
14192,0.392175051153255
14193,1.7622638156243644
14194,0.2171094906282767
14195,0.23556835722825809
14196,-0.10410177048928806
14197,0.5924521234055462
14198,-0.20591265249764465
14199,0.17422970305358995
14200,1.0340583958703884
14201,1.26331450845812
14202,0.042679690179293614
14203,0.7288650400315131
14204,1.0380415108707939
14205,2.023201140671256
14206,2.200831276850783
14207,1.0392979655650243
14208,1.3358919266403628
14209,1.58798908040095
14210,0.9402856891277245
14211,0.9186642784765398
14212,1.1000434510952686
14213,-0.505806400858423
14214,1.5857882085399417
14215,0.06158991929601089
14216,0.12191345740198996
14217,1.1855506733247594
14218,1.041717560850596
14219,-0.060626819529454895
14220,-0.013309563739087163
14221,0.028686755615625763
14222,0.8847823716123258
14223,0.9732131113100455
14224,0.8733950598348084
14225,-0.14389479456514345
14226,-0.08908305392200203
14227,0.9936706545976779
14228,1.8829919202748844
14229,1.1536260836643737
14230,1.5326347990863258
14231,0.09449011448804102
14232,0.8575233832436295
14233,1.6285227506035034
14234,0.6542264367099947
14235,0.5662864964328438
14236,0.42228657357226607
14237,1.1917003195410851
14238,-0.045134117916229684
14239,1.0765034118402292
14240,1.775404582771122
14241,1.051007646124302
14242,0.5472967492029797
14243,1.079027050843275
14244,-0.23210042262443237
14245,1.6802095072809238
14246,1.521266485661032
14247,1.7423807206797317
14248,0.2422954405277126
14249,1.5220506804909553
14250,1.5273496938956288
14251,1.3051620346452277
14252,-0.47262117378133645
14253,1.8376257486387761
14254,1.1440380948576392
14255,1.4075375643602288
14256,1.0324912545651619
14257,0.15809151243916275
14258,0.6692606519779579
14259,0.16572370227069477
14260,0.3088719105883871
14261,0.8678978460740491
14262,1.8630802760256508
14263,1.6398794774085454
14264,1.5743174027832778
14265,0.9740032951415601
14266,2.155274680699644
14267,0.7878758811551481
14268,1.0579883610139302
14269,0.5223414736767996
14270,0.989895326671684
14271,-0.18129462968605653
14272,0.9115270864206335
14273,1.507315264976375
14274,1.8959933425489655
14275,1.7412172437025644
14276,0.7604971343460537
14277,1.0211305860848288
14278,0.770643858674013
14279,-0.1481700779309532
14280,1.427948190319004
14281,0.29846169154701424
14282,2.0880324330513296
14283,0.9006744061169216
14284,0.49963410689017085
14285,1.5850024465210117
14286,1.5090247182363001
14287,1.1052785842381134
14288,0.8168021174370622
14289,1.9845310406832757
14290,1.4013441711285384
14291,0.9374453669695367
14292,1.1482162468187198
14293,0.2797712964329942
14294,1.8935429685617828
14295,0.5373026768534674
14296,1.5342122464507015
14297,1.3950776157904188
14298,1.2689389468126835
14299,1.0826388979876778
14300,1.7627345246089392
14301,1.142250294035168
14302,2.452643270697234
14303,1.1150318653984335
14304,0.21900934173045386
14305,1.863469520501677
14306,1.0969682854517855
14307,0.4976995419579512
14308,0.9703102667029979
14309,0.3836438762783586
14310,1.620048927655017
14311,1.1069832732777005
14312,1.3327700668982523
14313,1.1078280091203694
14314,0.832371098566552
14315,1.2125783613108425
14316,1.1152246948707731
14317,2.129896217664776
14318,-0.4983953758550107
14319,0.03307145651745057
14320,1.6786627683338369
14321,-0.2068142041749178
14322,1.4953696646766446
14323,1.9347317184408444
14324,0.7155856970875463
14325,1.478237938704436
14326,1.9610737885359302
14327,1.7155187752157215
14328,0.5802542141811691
14329,1.171900754530311
14330,1.4384705318731847
14331,0.8466957843214097
14332,1.1220122895535067
14333,0.6146171006670977
14334,1.6615039396412306
14335,1.3157078450693769
14336,-0.09095030911005751
14337,0.695884168358956
14338,1.4543355362997745
14339,0.881636931972688
14340,0.5564235187087543
14341,1.7893437946742954
14342,0.16862349914070662
14343,-0.13874188421627962
14344,-0.11187988614380431
14345,0.42706131677028897
14346,-0.035379705049323106
14347,0.7431264078645068
14348,1.7155458868384141
14349,1.5893518706985903
14350,0.9834102973198009
14351,1.225838706512831
14352,1.6930244872975249
14353,0.011890382593050109
14354,1.415435148138238
14355,1.0170177052706917
14356,0.586569765677594
14357,1.0514374465821517
14358,0.7208837088588899
14359,0.8032427809602334
14360,1.3018901289279046
14361,1.3895538340123685
14362,1.4986025265447367
14363,0.23685750977726197
14364,2.270431735150573
14365,1.4609753242577526
14366,-0.22104930188127736
14367,0.016954113788761424
14368,0.8718677681756036
14369,0.6226316435156296
14370,1.6853667493901925
14371,-0.0032492343881770185
14372,0.6426677474958702
14373,0.5842170989079948
14374,0.7443789632872913
14375,1.2758241501097445
14376,0.6369254506721617
14377,0.5844412957019639
14378,0.8189781383228094
14379,2.091173056402755
14380,0.5039403011832053
14381,1.1711259742105764
14382,0.37617288500365004
14383,1.7491117621693215
14384,1.2122605304374627
14385,1.6972253270380815
14386,1.4767986622677338
14387,2.197005072615609
14388,1.0980964861196167
14389,2.0569384649901594
14390,-0.09390172297765574
14391,-0.08068357048102094
14392,0.363916825761827
14393,2.4493149235455767
14394,2.011263232322475
14395,0.2652860457765175
14396,-0.013748781557203008
14397,0.2986431596712276
14398,-0.0056866717123879515
14399,1.5859259319615748
14400,0.3220095037570892
14401,1.9550251131483878
14402,1.448905745890346
14403,0.4849360943609847
14404,1.3429865459685406
14405,1.7787125042156753
14406,2.1801217398265935
14407,1.3796232655346214
14408,0.7772226691372329
14409,2.2306267173956003
14410,0.8784323309214619
14411,2.015621326473627
14412,2.0152424335809913
14413,1.1848923369264444
14414,-0.07128868434716379
14415,1.9026135493379572
14416,0.7630701725257985
14417,0.5646958344678551
14418,1.0381096708286919
14419,0.26550237560769296
14420,1.312989290872842
14421,0.016742225405396192
14422,1.4116624623115817
14423,0.7913811916446599
14424,0.24855254856347267
14425,0.3028085630277959
14426,1.2354857646254034
14427,1.5534961632486386
14428,0.7667339447542629
14429,0.6694823122556562
14430,2.092411322064839
14431,2.0970652430699084
14432,0.8578625292126754
14433,1.1891853915354538
14434,0.38320653616393174
14435,0.7286097475429104
14436,-0.395165778235325
14437,0.794425874134401
14438,1.427665543416828
14439,0.9046947155972066
14440,0.43500538063984145
14441,0.3739655628896731
14442,0.23419511751067063
14443,0.7175453451474735
14444,0.8395145547398591
14445,0.9011188183209846
14446,1.8603073883392414
14447,0.5591616946647276
14448,1.3286359413791278
14449,1.2146486432663415
14450,0.124757255831977
14451,1.212772070842845
14452,0.6453314956556184
14453,1.0986342037326153
14454,0.7491198608260988
14455,0.7772137306852291
14456,0.19139982294139163
14457,1.1275243148619953
14458,1.2811736049543796
14459,1.2030933451785144
14460,0.09040716525932489
14461,1.429799163592836
14462,1.7715477240822501
14463,-0.11247873397109787
14464,0.6059735310732216
14465,0.9637160031316255
14466,0.9753951155502754
14467,1.0298199565637671
14468,0.7642543037825553
14469,1.408753547957504
14470,0.4266886573276215
14471,0.5645966795464403
14472,2.195538764458989
14473,1.8489213722080795
14474,-0.047350860818667045
14475,0.22414772630087546
14476,0.019092287021534995
14477,0.439111643798224
14478,0.6478783054517788
14479,0.9032981865886275
14480,0.9745623437738351
14481,1.8042924954327868
14482,0.45728941496972697
14483,1.0886440426362882
14484,2.656510448376656
14485,0.8353483882644801
14486,1.9029160477980533
14487,0.3083986638524907
14488,0.6494937272375039
14489,1.601222486790516
14490,1.5539364051911329
14491,1.081639931775367
14492,-0.18669057966278424
14493,1.0242835196567492
14494,-0.3250677698962247
14495,1.4575354688216533
14496,1.3237331588881842
14497,2.032569237601737
14498,0.5632473256829721
14499,0.2563384840200582
14500,1.1929090747592888
14501,0.09542254817698051
14502,1.2461533221083874
14503,2.3441224779035017
14504,-0.11720527800999123
14505,0.09361523725366148
14506,1.912199941889906
14507,0.551645011929468
14508,2.105175545717799
14509,0.6238542937359466
14510,-0.035143652832692884
14511,1.6859881499933806
14512,0.8618067801836892
14513,1.018072584716924
14514,0.007304430284511804
14515,1.0440547075215483
14516,1.7057021039082452
14517,1.5277438424775776
14518,0.3899322431456794
14519,1.302606104680684
14520,0.7340407942514424
14521,1.4371403850031037
14522,-0.1897611663922257
14523,1.0862185898040275
14524,1.0878464083782264
14525,1.4982580729992412
14526,1.8024087557392565
14527,1.5105011946243947
14528,-0.04448550912315581
14529,0.40223467644164435
14530,1.7143046628478618
14531,1.4963734759669691
14532,1.3333665135749633
14533,2.0565184179553215
14534,2.5525473152354237
14535,1.636292597788498
14536,0.7178870622180205
14537,-0.0824807957270695
14538,0.045693592037007624
14539,-0.8634799497925317
14540,0.3141941012631534
14541,0.5378124455166922
14542,0.13742685293706614
14543,0.258195731370528
14544,1.2028314148581774
14545,1.4036305780046552
14546,1.2505246057404766
14547,2.0968920856666813
14548,1.261913233534937
14549,0.34040237974344084
14550,1.2619111676402164
14551,0.17987558584697405
14552,-0.1177514135946611
14553,1.6497275288651023
14554,1.037435281575521
14555,1.7276148164699343
14556,0.028278358586001293
14557,-0.3038540829592751
14558,1.8889825721193836
14559,0.14247090868340792
14560,0.653027042029164
14561,0.47985248009807796
14562,0.8751546230559737
14563,0.3601150227117903
14564,-0.08474023304066786
14565,0.8078122576481164
14566,0.26232120872095843
14567,0.7325308193475442
14568,2.2259215037487476
14569,0.4918157571219253
14570,0.7568581129886217
14571,1.665725522895474
14572,0.2901056307589217
14573,1.4714822844951014
14574,0.922309080854836
14575,2.0684376931916053
14576,0.6145645660382556
14577,0.7975578530611469
14578,2.0938419518459086
14579,0.6666627075148153
14580,0.5917418935410308
14581,0.7674245808621084
14582,1.1685968718282713
14583,1.5194818008364852
14584,1.5467810516180733
14585,0.6105855501211487
14586,1.2516313908293992
14587,1.344406639302744
14588,0.44401404760939467
14589,1.3047027067046515
14590,0.5721811508476233
14591,2.8794070842702686
14592,0.07940892332261945
14593,1.298868651875678
14594,2.452074024899207
14595,1.7699840021483977
14596,-0.19496717885967668
14597,0.20896394206474345
14598,2.0097527855035895
14599,0.6365899089502406
14600,0.5343398268484129
14601,1.791837540491835
14602,1.9134319215442976
14603,2.024480678011118
14604,1.87988224260786
14605,0.9656295612817324
14606,0.7276008887087535
14607,1.22224133947378
14608,0.9612509322432585
14609,1.4200501659402567
14610,0.9972792599343019
14611,1.9744296679543618
14612,1.7118607850289354
14613,1.3585322132271689
14614,0.4847603604796985
14615,-0.40682250218880234
14616,0.2562922557722587
14617,0.7077059725017758
14618,0.3875491408214061
14619,0.7889793669769511
14620,0.5101142223872001
14621,0.03905077718957122
14622,1.972869953301434
14623,1.247152705896834
14624,1.942053620912629
14625,1.691616593510949
14626,1.2674203702391793
14627,1.4631813622449528
14628,1.058355412131837
14629,0.7561820434254303
14630,1.1919198052250906
14631,2.0086394343024017
14632,0.32262932773984293
14633,1.2361275632018236
14634,2.445229171193812
14635,0.009431386756835388
14636,1.2839991582882577
14637,1.3652722761679887
14638,1.5924308016306423
14639,0.322810474635276
14640,1.9685688872248779
14641,0.18687250841241426
14642,0.3606617471917395
14643,2.135329291837188
14644,1.3101115623184667
14645,0.3564663492303698
14646,-0.05847085277900253
14647,0.08842393496126968
14648,0.020768646178185225
14649,-0.07860921548456204
14650,-0.21303229011830033
14651,1.3487040564613333
14652,1.6434649197612057
14653,1.1994936544522348
14654,-0.1330646054255023
14655,1.9636510506026048
14656,1.8633594466292447
14657,0.7190790693941195
14658,0.035977548997077724
14659,2.2551450776043254
14660,-0.02194963421366549
14661,0.5842241636151265
14662,1.295383472682689
14663,0.7213227434594166
14664,1.0396015906681613
14665,-0.12463389065696348
14666,0.7182276250950761
14667,-0.26272411326711675
14668,0.6365083505950765
14669,0.5409156277300912
14670,1.7170452074340037
14671,2.0195465134798702
14672,0.9787255936551296
14673,1.1827290636177432
14674,-0.18366978037810272
14675,-0.21145890721431868
14676,0.2762344186718365
14677,-0.18118932257796194
14678,1.0293431825970132
14679,1.013614384844268
14680,-0.2880964259208554
14681,1.7512106960940141
14682,0.09518608641014371
14683,-0.09846599516561766
14684,0.2874854957394549
14685,0.31734100872765625
14686,1.820305798249901
14687,1.366267423929035
14688,-0.05124207601831059
14689,-0.156765200419333
14690,0.7785071413102866
14691,1.1363062071895271
14692,0.7689638506360539
14693,2.0918445153018874
14694,1.1787681578940976
14695,1.2579440840119387
14696,0.11501226950929411
14697,0.04012602396783227
14698,1.3596087368409522
14699,0.7974268435296714
14700,1.7736744446032302
14701,0.8215146036344709
14702,0.8639713013193167
14703,1.8582310582297015
14704,2.459019271037856
14705,1.5010160273266027
14706,2.179033033604315
14707,0.008002960144385854
14708,1.0011872980948797
14709,0.5126724223856898
14710,2.162771859985897
14711,0.6788634919353346
14712,1.7838634610006285
14713,0.9742870000185455
14714,1.0995210133361923
14715,0.3954231855926925
14716,0.8967773244560506
14717,0.9138150278255072
14718,1.0229969290727965
14719,1.2297885714621266
14720,0.22731464564824816
14721,0.578168014190857
14722,1.3481655113147517
14723,1.5954368824263132
14724,1.049702099380342
14725,1.458147753808026
14726,1.1116093326551284
14727,1.9554745691209847
14728,-0.20841596449290709
14729,1.909237837051495
14730,-0.5415639869359901
14731,0.8872565227410809
14732,0.06484506568418305
14733,0.7430985646445957
14734,0.6992665794886948
14735,0.8981541603456135
14736,0.33935303954104645
14737,1.3778170984639662
14738,0.24572067804729758
14739,1.6720605436196234
14740,0.4783929419752651
14741,0.5193799090396785
14742,0.14193314741211102
14743,1.1736499470941997
14744,0.5008925046874528
14745,1.0885791577594643
14746,0.5451005488927613
14747,0.02934033515586268
14748,1.7436563872815194
14749,1.2706660134736765
14750,0.6493346131546687
14751,0.5820099850435305
14752,-0.17399011282335386
14753,0.7286768183628276
14754,1.446063228854627
14755,-0.39297874515660935
14756,1.745598877969372
14757,0.755669763336863
14758,0.38792845029833356
14759,1.673699082738429
14760,1.0727921224150792
14761,0.6012805058088128
14762,1.462844962898583
14763,0.17233741792410287
14764,-0.05091093236860206
14765,1.1264244890019135
14766,0.057856286865280576
14767,1.7744511003547503
14768,0.7552903809299485
14769,0.7458075337149945
14770,0.22763252988366797
14771,1.9518241121181275
14772,1.6399206394974477
14773,1.8308943296116027
14774,1.6086005394334988
14775,0.9531982235350291
14776,1.3918455412508277
14777,1.7475354548663755
14778,0.03715498172163934
14779,0.19030232738107433
14780,0.7915013538353379
14781,0.65400697240081
14782,0.9761149017027666
14783,0.1678345749070534
14784,0.8953432696941701
14785,1.4495695951977303
14786,1.9956941563235249
14787,1.1254127474845785
14788,0.3456039505080976
14789,0.9427386703790663
14790,1.1308487697047833
14791,2.578968854856464
14792,-0.029443450954039815
14793,1.2418974488765935
14794,1.3995966718159738
14795,1.4720422743503272
14796,1.3185422823283368
14797,2.0576138561977957
14798,-0.6355925488774921
14799,1.2079069840987995
14800,1.137911474059873
14801,-0.35871549035938294
14802,0.5491478576617342
14803,-0.20252446970691265
14804,0.32336534313470816
14805,0.007746065266273586
14806,1.1075645033383432
14807,1.1310010147408458
14808,0.7571697536116133
14809,0.41621000000698094
14810,0.02395782043384362
14811,0.9795077458910807
14812,1.2885904819002159
14813,1.3765831980308456
14814,-0.040305126463960755
14815,0.3869335350800225
14816,1.448933259035845
14817,1.9584451362689759
14818,1.9769308761565036
14819,1.04385360650894
14820,0.15904041068238262
14821,1.0032393483840234
14822,0.9581389572780432
14823,1.247381108194664
14824,0.9319689988527883
14825,-0.17418312569723685
14826,1.4208164303364927
14827,1.7689068939827723
14828,0.2723107950524424
14829,0.16292273199424895
14830,0.624133542948904
14831,2.1737043404009535
14832,0.49469110035858765
14833,0.3434518111175944
14834,1.5989626540059776
14835,-0.09453524033097908
14836,1.1076696847474565
14837,2.1471148624550254
14838,2.0379674488708432
14839,2.0231940176167003
14840,0.5428282967389738
14841,0.7055098641812036
14842,1.448280607582606
14843,2.2690563049829606
14844,2.095977069413485
14845,1.8558820099963809
14846,1.8112878468612732
14847,2.0969473018698523
14848,1.27073056740335
14849,1.1470244893749273
14850,2.172234695252583
14851,-0.13078424472184141
14852,0.2709494800149471
14853,0.1570278609325869
14854,0.3258450468365024
14855,0.7936106943094903
14856,1.0809242689186802
14857,0.8492915829205543
14858,0.691695814565008
14859,1.5209080865536855
14860,1.283089895055538
14861,1.27354980708951
14862,-0.025897495642550533
14863,-0.07955748206060535
14864,1.2069209484620456
14865,0.0009843906199006845
14866,1.399344433392924
14867,0.4046449186958119
14868,0.6774404713518378
14869,0.9292960480079541
14870,1.936684620941682
14871,0.5071222482385171
14872,0.546529630741747
14873,1.4599575032767222
14874,0.30929231323209
14875,1.4093303568507862
14876,1.8543166454241882
14877,1.0833794667825443
14878,-0.027908415164771647
14879,1.0238752675613982
14880,0.3056445206495279
14881,0.13507778887511182
14882,0.21953692213768158
14883,1.2694540249771884
14884,-0.07174367918837617
14885,0.8050620707229091
14886,0.5839617089385386
14887,0.42670735835261764
14888,1.907999320585698
14889,0.4115227772692189
14890,1.078741072269623
14891,0.8196337605690962
14892,1.6156311775795753
14893,-0.13988299923607928
14894,1.8094188750278923
14895,1.348691181970474
14896,0.8885846436674438
14897,0.6195365206312079
14898,0.3767788354278152
14899,-0.2107896687706815
14900,1.6209191961069063
14901,0.4868953068038694
14902,0.6234085827958655
14903,0.35992519463514466
14904,0.5874951419015345
14905,-0.2749466716901218
14906,2.103834286917266
14907,0.3141962091736297
14908,0.14081626675218947
14909,0.9081932692257532
14910,2.1820177248406853
14911,-0.138115579889997
14912,2.1823595723672056
14913,2.024890442235787
14914,0.7573444117535009
14915,1.3734760817069467
14916,1.2014421765987908
14917,0.1547256719588895
14918,1.3752223993838117
14919,0.5767040878167474
14920,0.8684837322464173
14921,1.8416463646137786
14922,0.8104683229335222
14923,1.5004386863505474
14924,1.1014669069388088
14925,1.2888332599446384
14926,0.3507295551726371
14927,1.5495080039235467
14928,0.6792462629685984
14929,1.4674129044781512
14930,2.2285135633176467
14931,1.109972992141971
14932,0.16036257511918334
14933,1.375162068879735
14934,1.859213032725669
14935,0.9665751638029054
14936,2.028749807576219
14937,1.622864189924807
14938,0.9770888966520549
14939,0.39610718715868454
14940,1.239484247425252
14941,0.6387570562027246
14942,1.4901663734451858
14943,2.156464660175613
14944,2.121588316955105
14945,0.8175485973991097
14946,1.5188556158120905
14947,1.3660099994553563
14948,2.071256268969192
14949,0.2843897253434303
14950,0.615589929361035
14951,1.4671246116915695
14952,1.5182052143444005
14953,1.9996451432592455
14954,-0.1432379677029676
14955,0.28072365934034377
14956,0.5897838151763636
14957,0.8927949727020508
14958,1.7501322794397787
14959,-0.18352796705625085
14960,1.6333967586184794
14961,1.1473149416815471
14962,0.4317460990772442
14963,1.3490754652093566
14964,0.07620140734292413
14965,0.9246116472137749
14966,1.1800890398060462
14967,2.1013210929074084
14968,1.2288816419923103
14969,-0.14330904088053614
14970,1.567722100654803
14971,0.5612963517995361
14972,-0.046238048048395236
14973,1.116861559261845
14974,0.3816428274819598
14975,0.22510847857685262
14976,1.3055689642545152
14977,1.0330638248728272
14978,1.56782373325218
14979,0.7210415575994514
14980,-0.0017986622752712705
14981,-0.06600968818580633
14982,0.5032408041078237
14983,0.8469295193478851
14984,0.908936975483961
14985,0.8669959201028156
14986,2.095218235873309
14987,2.6018495232463836
14988,1.5155359418002001
14989,0.7575518565377103
14990,1.7578270792576083
14991,0.4798305418971866
14992,0.45017270408630417
14993,0.6562371806925775
14994,0.949903870931611
14995,1.6329918226053068
14996,1.654184313381534
14997,-0.025634077164815347
14998,0.6248773599348596
14999,2.1724460713972507
15000,1.2981262911439668
15001,2.413337602912454
15002,0.6596704811640863
15003,-0.07244106730269759
15004,-0.12039644891978213
15005,1.3779122818200753
15006,1.1188489464389073
15007,1.3832243156002175
15008,0.6420471812314142
15009,1.4477567576940542
15010,1.599478567950025
15011,1.3864379531633928
15012,1.6529107302219708
15013,0.15669289284578702
15014,1.7678303330367935
15015,0.8965514225739679
15016,1.5348524603165214
15017,2.6481668737707507
15018,1.194203200146113
15019,0.08918440905463663
15020,-0.06538455893805686
15021,0.279139936058712
15022,1.4527313670012123
15023,1.3648376086929266
15024,0.12756618208533316
15025,2.6772377371830656
15026,0.800882481188404
15027,0.5014976099024393
15028,1.057290594470526
15029,0.09692201104006229
15030,1.8187341244744084
15031,0.2884335191235933
15032,-0.0011353722717936006
15033,1.0850522962101241
15034,0.28447331124467
15035,1.291425980070615
15036,1.2450526793777912
15037,0.8669885435166
15038,1.52320861583963
15039,-0.06170391107149402
15040,0.9635255258859867
15041,1.0595947432234074
15042,1.075121566648175
15043,2.1068798813640943
15044,1.1914255664664857
15045,0.9223252032092399
15046,0.8960576176728478
15047,0.6905878332926809
15048,1.039146065868253
15049,-0.11047691806535279
15050,0.7028687910166967
15051,-0.04655793191429257
15052,0.3943972302546808
15053,1.497683939978424
15054,0.16757040624136257
15055,-0.2575648173049527
15056,0.9732048611625954
15057,1.3260907061668794
15058,1.2232573704534704
15059,0.24181270257530588
15060,0.9291612781774043
15061,2.0275305431783317
15062,0.015692537125100506
15063,0.9452359480272253
15064,0.9439334126623568
15065,1.229632099084341
15066,0.8952609441997099
15067,0.8474599003896509
15068,-0.15370498739044097
15069,1.162827747347419
15070,0.441604226045654
15071,0.37991688511909116
15072,0.9156595402008034
15073,1.5631350188592044
15074,1.1459383136693333
15075,1.9318893313094043
15076,0.35789016740635704
15077,0.7841685369759832
15078,0.1851153448990524
15079,0.01653490991770711
15080,-0.15811411628428998
15081,0.17151470018631523
15082,0.8491183875482373
15083,0.9010454198037059
15084,1.0197725496311016
15085,1.085309373869522
15086,1.7928422043504368
15087,0.3676319345109801
15088,0.2298341625881537
15089,0.7330994784070745
15090,1.2029811129645
15091,0.9040834332200157
15092,2.3783474749552567
15093,1.3701770000550857
15094,0.41336196957388993
15095,1.3752836303245366
15096,2.1332119876627442
15097,0.727669395301178
15098,1.1410647851050204
15099,0.3004584013512172
15100,0.004897524825870796
15101,1.4397337268212038
15102,1.8474613505905575
15103,0.6052045351753021
15104,2.1775261092138156
15105,1.2305454067430572
15106,-0.2128471245976855
15107,2.1275914735816808
15108,0.3824112981004778
15109,0.8007425415429746
15110,0.012909874897628928
15111,1.469199365488434
15112,1.470079134685432
15113,0.025204953413198627
15114,0.794904951793856
15115,0.5521719316877978
15116,1.0496853122333947
15117,0.12787800232873847
15118,1.8473497757484467
15119,1.2753711332422335
15120,1.329313724261555
15121,0.9616662831705305
15122,1.874879472046553
15123,1.5069313796920574
15124,2.3258960559976876
15125,1.3073395933085041
15126,0.5019623954722046
15127,0.9806880139150703
15128,1.7122770077475624
15129,0.7462333728712854
15130,0.9201392072739354
15131,1.433032221486611
15132,1.5614495282632763
15133,1.2457151102426907
15134,1.3120005449109449
15135,0.016843757194875728
15136,0.699307666003731
15137,0.9163190048193803
15138,-0.6626145490193172
15139,1.912411076558916
15140,1.2285889138767303
15141,1.9758796625305215
15142,1.135035209674427
15143,1.083003059208731
15144,0.8570754458860647
15145,1.2515986963377208
15146,-0.24560184174247496
15147,1.0687743728903878
15148,0.24011048214779335
15149,1.7034034463685033
15150,-0.006445352674494288
15151,1.3584515988687205
15152,0.026687754312608322
15153,0.20730726390595272
15154,0.5755685805717705
15155,0.31375617466183525
15156,0.28920900959416984
15157,1.5575341106511538
15158,1.3622245727233622
15159,0.4987247450778988
15160,0.5007853672187134
15161,0.9339853059115633
15162,1.7130229860075508
15163,1.1510076279528159
15164,0.7156824675037877
15165,-0.371149982813154
15166,0.49968259877712656
15167,2.0185205131239914
15168,0.04060696672924672
15169,0.8515682377331182
15170,0.8049468401648049
15171,0.14801495800497136
15172,-0.23567381344441818
15173,-0.397554392985519
15174,-0.3698708313831284
15175,-0.574623752992111
15176,0.07605006056664881
15177,0.28085998204262674
15178,0.13832875420298413
15179,1.3190859603585914
15180,0.9558189342967827
15181,-0.30249528569550477
15182,0.9277065872329607
15183,0.04493106870353175
15184,1.6493501366721757
15185,0.9986832897888444
15186,1.752948229401809
15187,1.7518172598617314
15188,2.159766425552259
15189,1.3658631492911177
15190,0.3545823953379162
15191,0.939636856850823
15192,-0.17349132298620737
15193,0.7597496647744605
15194,1.3036665135403742
15195,1.0699192823995745
15196,2.067486058468268
15197,0.8183116032379316
15198,0.9079711405874014
15199,0.09339682592953476
15200,0.7027704382784583
15201,0.5611661953005146
15202,2.252920475555992
15203,0.9843267996192537
15204,1.32199269856895
15205,0.8168129905698499
15206,0.5866512610007474
15207,0.731362034672497
15208,1.971094704000266
15209,0.7905177817744464
15210,1.1991723518046955
15211,1.9139278125082482
15212,1.6681217004604707
15213,0.3975874398840537
15214,0.19555615691506292
15215,0.009603992537232257
15216,0.26805114254499196
15217,0.037024292097449854
15218,0.7806722303520246
15219,2.069381014975642
15220,0.3127819341853626
15221,-0.14108304755906015
15222,1.692535046295317
15223,2.345987040400881
15224,2.1371929071751947
15225,-0.03745231909284296
15226,1.7267405264823728
15227,0.21274410103828345
15228,-0.37851501354119615
15229,0.6780507941536283
15230,2.6809907732019758
15231,2.203296534116146
15232,0.9309874581716124
15233,1.5010437834719008
15234,0.9196201110970441
15235,1.0747914269000132
15236,1.1245660848117343
15237,0.19668085892738066
15238,1.0368458185295912
15239,1.0030892037973584
15240,0.3527117945287086
15241,1.9407795184581125
15242,0.9601294816351449
15243,-0.18211580960237503
15244,2.4983653698009505
15245,1.2600969708323593
15246,0.41125494541828356
15247,2.2227771678432453
15248,0.6017530840767837
15249,0.15717421436013004
15250,-0.09259436485446229
15251,0.09936293707056537
15252,0.48160463821050936
15253,-0.1541735428512822
15254,-0.18380876842462732
15255,-0.04504100976001988
15256,1.2208878311128426
15257,0.4273073008433844
15258,1.4126812309975372
15259,1.4662320692843152
15260,1.72732093069867
15261,0.38767442643970035
15262,1.2207266386174989
15263,0.8265783715712908
15264,1.3993371105713328
15265,0.8537039237953087
15266,0.4845950755422728
15267,0.1059774873645306
15268,0.6974130789172122
15269,-0.06978785575882149
15270,1.8595111295550446
15271,1.5665470293297226
15272,0.9492645548163554
15273,0.5257621655860277
15274,1.3807684399008613
15275,0.7057881359978442
15276,0.8005400007642638
15277,1.091627370811568
15278,0.016615301642614246
15279,0.90663641374527
15280,2.048586072336204
15281,0.16074932490048327
15282,2.173204027156602
15283,-0.16279158768881008
15284,1.6009044896290947
15285,1.4225701300531728
15286,0.28149029464911857
15287,1.5544265048580612
15288,1.2249355629241674
15289,2.164825691478855
15290,1.5059914618053818
15291,0.9678063192817855
15292,0.2679686488095432
15293,0.6847581024204192
15294,0.1976191377204231
15295,1.7777084360509119
15296,0.2563366325128661
15297,0.08280120447559297
15298,0.579198321627077
15299,-0.15215256849424122
15300,1.4516498558948205
15301,1.5572313698329865
15302,-0.09866437005117241
15303,0.002500500186749653
15304,0.015524491647723987
15305,0.3527548593752356
15306,1.9508439453191984
15307,0.18896850849169425
15308,-0.2534597769634564
15309,1.9513725929973835
15310,0.5869674801360324
15311,2.050109682249696
15312,1.9848756261072575
15313,2.2419925119357482
15314,0.7993469613306559
15315,-0.034268933859978264
15316,2.278574553929721
15317,0.4330205652945127
15318,-0.1990889296455371
15319,0.13050212195566704
15320,1.2753709755460776
15321,1.0773959015568857
15322,0.48915585808863016
15323,0.9097327750688422
15324,0.5311937336826512
15325,1.4377671016015507
15326,1.580547999404857
15327,-0.04411030097418392
15328,1.0736516231293778
15329,1.4202619065958169
15330,1.0050430572449298
15331,0.978992839728101
15332,0.3277303300235208
15333,0.9611280009639664
15334,0.3818055043901926
15335,0.6181089151448235
15336,1.3479169750650288
15337,1.353042120000239
15338,2.0408040928787465
15339,1.4762784285268562
15340,-0.14290403197630386
15341,0.17168262567367337
15342,0.6012698885392229
15343,1.7455319968775957
15344,1.0122412601090844
15345,1.1177747540997742
15346,1.3675534880194
15347,0.47201171119991675
15348,1.3566139565990902
15349,0.05397909463214198
15350,0.5512803335615574
15351,1.258165950070525
15352,1.9644410266105343
15353,0.07263514801239944
15354,0.604245252607854
15355,0.21303545778011196
15356,1.6579688162695572
15357,0.204111384591284
15358,1.1817709924616064
15359,-0.00999631600943035
15360,1.335485457105769
15361,0.9876138533546949
15362,0.8786084387028913
15363,0.2961264922437959
15364,1.4933755349190672
15365,1.347089242807876
15366,1.315888261337395
15367,1.213312746367216
15368,0.40601864327538545
15369,1.3089746941084677
15370,0.02475974337099208
15371,1.6585599784154137
15372,0.593992760217945
15373,0.9957229551718428
15374,0.1229431944414828
15375,0.9709524469476171
15376,1.0973754194983059
15377,0.22035466959382904
15378,2.0970382403963455
15379,1.988746088636715
15380,1.6868110778880803
15381,0.2852929358990886
15382,1.612574055918068
15383,-0.06669669336220885
15384,0.5729466734469247
15385,0.5834009623351857
15386,0.35821100048153537
15387,1.686062789860187
15388,1.2579892032431548
15389,0.20071563485796204
15390,-0.27974592956589567
15391,1.1135718863173358
15392,2.1458924925527554
15393,2.2082825690582344
15394,0.43620023296853794
15395,1.3699207175040795
15396,0.7654806416431725
15397,0.7096251768306369
15398,0.04359647152939002
15399,1.1076973258213665
15400,0.03578029477358337
15401,0.7706585465082431
15402,1.635380306266104
15403,0.3578852277638047
15404,-0.010963786117156284
15405,1.3413060902207838
15406,0.406351488647293
15407,1.2955271290162322
15408,1.9860019983061101
15409,1.6753507392247158
15410,1.7470388375351726
15411,0.616333954316449
15412,2.0181136403058466
15413,0.799002584319432
15414,0.21196195307259683
15415,1.1843521119344573
15416,0.8961808563996612
15417,0.5880982781992545
15418,1.9757371370673713
15419,0.6124087219629334
15420,0.4712575756937814
15421,1.4094407862896223
15422,0.49651857543138206
15423,-0.20893823645455833
15424,-0.4668923660467065
15425,1.0467081821024622
15426,0.27537163626171585
15427,1.9807740101111337
15428,1.5156423337686387
15429,2.1198922289737334
15430,0.5428820630385587
15431,1.3278766891943496
15432,1.0229175238657953
15433,1.6253570302229061
15434,0.49724168520572115
15435,1.0962334386214685
15436,-0.14056356645289286
15437,0.7159974425487589
15438,0.8518169403292842
15439,0.4494831712140218
15440,0.2972790121464034
15441,1.6401627537592358
15442,1.5966973038207921
15443,0.001511881139316936
15444,2.0953208208629395
15445,0.6530193675115868
15446,-0.4014726624014405
15447,1.1020787067551532
15448,-0.04410777880061923
15449,1.4391312012189996
15450,-0.19902315341576737
15451,0.34075715178921817
15452,1.3373525646986562
15453,1.5711811859976874
15454,0.04824770277604188
15455,0.9938626065184815
15456,1.784091984590213
15457,0.7593235514525993
15458,1.8399981721953844
15459,0.881277456986523
15460,2.157311674677532
15461,1.806107064863379
15462,0.9183593605564262
15463,2.1691857681704083
15464,0.981604570004932
15465,1.890931354956737
15466,1.2574696937320393
15467,0.16751967142270444
15468,1.2879648463161082
15469,-0.011684412909235616
15470,1.1931265129159971
15471,0.4281472214503005
15472,0.3465502253353903
15473,1.7991066716106896
15474,-0.01807612166701683
15475,1.2650445421321603
15476,2.148557347804055
15477,2.102321973242989
15478,0.8491770472864878
15479,-0.03580944461625606
15480,0.3480088128688457
15481,0.6767560435286533
15482,-0.13652554572110923
15483,0.3613198535527385
15484,0.6794827949237424
15485,0.4374947889960421
15486,1.1335706314977205
15487,0.2910163657273823
15488,0.13607059130939303
15489,1.556053665023965
15490,0.7628123383724325
15491,1.431035990927023
15492,1.4110316853218146
15493,-0.04735803426373454
15494,1.2305207655217036
15495,0.9016179276930855
15496,2.01976698195215
15497,0.20834385771382705
15498,2.2428448854476475
15499,0.5705082051449424
15500,0.4184081499512119
15501,1.3618543788980406
15502,1.4993228572544661
15503,1.6662428588136164
15504,1.4379934743586615
15505,-0.22956949440105617
15506,1.0213494119328326
15507,2.156497053687166
15508,1.2389318876050273
15509,2.0993892191344456
15510,1.7922635188260705
15511,0.9540914157913253
15512,0.2311046778796511
15513,1.3037851088168364
15514,1.7806105568689194
15515,-0.08669346312663384
15516,0.12098425381565561
15517,0.9903382394064228
15518,0.37977129428171813
15519,1.7836337069267751
15520,1.6561191911780406
15521,0.9034866622609862
15522,1.0881271103015915
15523,-0.04132477402733235
15524,1.0956818088078528
15525,0.8451878188638359
15526,0.003334705818828991
15527,2.3033574713886233
15528,1.560597048266375
15529,0.20451648759959445
15530,1.608981032979502
15531,1.9915347114344872
15532,0.9914101150582325
15533,1.3137212285128257
15534,0.21974598568784956
15535,0.3355293568136247
15536,0.4566033149633481
15537,1.5252960438800183
15538,1.8508427599479846
15539,0.893337046743077
15540,1.0601563879246014
15541,0.1284452169981431
15542,0.012278841562419048
15543,2.181434653313151
15544,0.9434457791498991
15545,1.3809419654630426
15546,-0.0008352372045048843
15547,1.7446602082239755
15548,0.3586428597735523
15549,0.28738268586585103
15550,0.4025024700712118
15551,1.6533016014161914
15552,1.4458096471376656
15553,0.16054451090733138
15554,1.3535558679172588
15555,0.9605362283429701
15556,1.3524327745071418
15557,1.5130074757462937
15558,1.2760009882993195
15559,0.7179801869218729
15560,0.9446375924057545
15561,0.0026674379210153143
15562,1.9389824039439305
15563,-0.44698607630778064
15564,0.9582857772803495
15565,1.8084478224922649
15566,-0.19820773804959205
15567,0.7108350665709278
15568,1.6665701536961555
15569,2.0704057031429897
15570,0.22827077122224412
15571,1.7016706932470846
15572,1.095367991387211
15573,0.38075068778786353
15574,1.2337217893988697
15575,-0.004014459968937102
15576,1.1965312509408974
15577,2.0939890564860533
15578,0.13072096526852106
15579,2.634494984579709
15580,0.8752546683562468
15581,1.879740153422508
15582,0.2974346727260144
15583,0.9483587018319712
15584,0.6388763203537641
15585,1.6261867165785455
15586,1.3868815469292484
15587,2.2511432969317986
15588,-0.8397267232066199
15589,-0.030130615012866423
15590,1.1258078538376952
15591,0.8063318757028148
15592,0.7797245832409025
15593,0.02628687393219488
15594,0.5595779425826862
15595,1.966724455545201
15596,0.17167512782991928
15597,1.733551449890801
15598,-0.6220303775010506
15599,0.607911182539738
15600,1.506679011372254
15601,1.16665741320271
15602,-0.053085916474436265
15603,1.532695917592426
15604,1.626792962963309
15605,1.1379382004410943
15606,1.2209512965625864
15607,0.8227292931001986
15608,1.494581295743416
15609,1.1677628139181893
15610,0.5692004724201055
15611,0.8988763968099551
15612,1.2183302561040414
15613,1.9747294947281788
15614,-0.09266624810109589
15615,1.344872947688457
15616,1.4108504407038631
15617,1.6311587807443895
15618,0.9491406065378941
15619,0.5882494634988389
15620,-0.13726254044243397
15621,1.4081557808352319
15622,0.676832197612458
15623,1.8007200380193857
15624,-0.15580703085673467
15625,0.9418331036337476
15626,0.4021221643606837
15627,0.7390721276481446
15628,1.678804400796052
15629,-0.06168970054817602
15630,1.2027990386440601
15631,1.5412121074232374
15632,1.2980380884397222
15633,1.5890187693966853
15634,0.3227638249852619
15635,0.6707094645043199
15636,1.287252154541459
15637,0.9119143689918165
15638,-0.0797904520606717
15639,0.908074233539215
15640,0.6771811850968069
15641,0.02125373586182489
15642,1.5409524834551342
15643,0.1906072525689373
15644,-0.08958388353324032
15645,0.6955697931091642
15646,0.48474180814741735
15647,2.0227291083415833
15648,2.077391039248407
15649,-0.007476907302152835
15650,1.3172585676283957
15651,2.736959861557713
15652,0.7024150463654313
15653,-0.06500048519862194
15654,1.448085099765515
15655,0.5732577994435376
15656,2.0302418697570204
15657,1.7427514814696465
15658,1.227237539503088
15659,0.6296791109972443
15660,1.1550791773515374
15661,-0.14940849264214123
15662,0.282973553565145
15663,1.2314637507591286
15664,1.2843279041678475
15665,0.31605884300576453
15666,0.4243733822764804
15667,1.0465402000254698
15668,0.47371293405844966
15669,2.020782094637839
15670,1.377297436013122
15671,0.9470973931764441
15672,2.0260858171374023
15673,1.2151120118691674
15674,1.8286846471817926
15675,1.2738030194288643
15676,0.8026638922830709
15677,1.0299460443790687
15678,0.3234128218737969
15679,2.1342732566534095
15680,0.6902533836371674
15681,-0.045478345731525746
15682,0.6360501522507209
15683,0.9405703223817152
15684,2.181373751715278
15685,0.8944066855589483
15686,-0.007396488504198814
15687,1.54843180934713
15688,1.8782222991737878
15689,-0.4675981661850018
15690,1.3603477393912413
15691,0.869719860865313
15692,1.7347376974125355
15693,0.7795992681116286
15694,0.13533797479282797
15695,1.109656571276966
15696,0.9208180373962676
15697,0.4005188129978362
15698,1.0842423811321247
15699,0.43347537367074196
15700,1.672492656224096
15701,0.7973118196040314
15702,0.6210556961332566
15703,2.3178275620944335
15704,0.6813653696957137
15705,0.3990913995264201
15706,0.3699227440507992
15707,0.683715821366931
15708,0.7251201841302121
15709,0.3782323037921419
15710,0.7662380006798503
15711,0.02658928097879179
15712,-0.10135754089771143
15713,0.8028929211921879
15714,0.5035220222160564
15715,1.2401030133523945
15716,1.1373550383924655
15717,0.47671371993230865
15718,0.9356549416397848
15719,1.141346424605473
15720,0.4276920760405491
15721,0.7210661238716248
15722,0.10723055790350088
15723,0.41213643787546794
15724,1.0433854643847764
15725,2.018790697690289
15726,1.2486250198696973
15727,0.017151600119707934
15728,1.13474233194406
15729,1.9704470687981583
15730,2.2670703711234284
15731,1.0896749539584272
15732,1.0559381198251319
15733,1.997138295740913
15734,1.4761778122600684
15735,0.7945751179261412
15736,1.092653574850818
15737,1.7308912805721632
15738,1.3688698399782389
15739,1.3392650606903627
15740,1.5472758775452078
15741,1.1144117295550287
15742,0.3383127189697519
15743,1.9812254656126778
15744,-0.11919855359841999
15745,0.8266598654820845
15746,0.8754482075763486
15747,2.0674769371597668
15748,0.1472972060594961
15749,1.4716565429244144
15750,1.8890502290660063
15751,0.7249718866351724
15752,0.9020636785823494
15753,0.13762382583007088
15754,1.7871074707366794
15755,0.3830868488054634
15756,0.5326255641134062
15757,2.154557002785982
15758,0.39108505524576803
15759,1.566813773672883
15760,1.2172649294002165
15761,1.0655531111428485
15762,1.5381860522748958
15763,1.4193578808089176
15764,-0.041791161603643365
15765,1.0884176965073278
15766,0.41385873964562014
15767,0.8850759798577014
15768,1.3098229016556726
15769,2.10085192720302
15770,-0.13605633422821375
15771,0.5447165700193266
15772,1.2570622139763845
15773,1.59734566615923
15774,0.8383733373237522
15775,1.0502475644992948
15776,0.20047420352181805
15777,1.1603816123294945
15778,0.45263247766690484
15779,1.0809764389696368
15780,1.368448255699802
15781,0.7941948306720078
15782,1.4958266929100472
15783,1.8204202462668602
15784,0.6439272090026367
15785,1.192594548168382
15786,0.8234562868520222
15787,-0.0024850715012436006
15788,0.7627257742102874
15789,1.4623772601710383
15790,1.1430956769516776
15791,-0.13813441672231588
15792,-0.2954325441947757
15793,1.1857721864216433
15794,1.427821301432947
15795,1.011773144478435
15796,0.2116847320903662
15797,0.630841388987106
15798,1.5438905034202495
15799,0.45587058904880196
15800,0.5066011536210225
15801,2.1404845118364513
15802,0.5085658473874741
15803,0.4722066240837979
15804,1.3530361580961312
15805,0.7778233215494657
15806,2.0406554454814576
15807,0.5181762991742829
15808,0.36544193077903214
15809,0.6766921199605578
15810,0.7317707284099624
15811,0.5038855965981117
15812,1.3225222150254083
15813,0.7134458327751776
15814,-0.018260349507012295
15815,1.755418794582055
15816,1.6139548670802724
15817,1.8497084545181846
15818,0.742049851466476
15819,1.5318523633454098
15820,2.263827296165873
15821,0.8157833954558686
15822,0.0569910209910072
15823,1.094869388545047
15824,-0.1813839496901299
15825,1.1371810575953514
15826,0.5539801133514831
15827,2.193316706409407
15828,1.1481684453792256
15829,2.121234214481941
15830,1.1921789796856754
15831,2.0499539493547916
15832,1.5009429345519885
15833,0.6913595225402855
15834,0.4476134632443061
15835,0.4446147675710956
15836,0.7838283826017602
15837,0.6721559807467494
15838,0.6975568459781244
15839,0.6076224609897898
15840,1.3578353457266792
15841,0.5435182397862481
15842,0.4848744785123252
15843,-0.04486921965126442
15844,1.0566299752419923
15845,-0.026735901838520204
15846,1.9323137547814553
15847,0.985181094516132
15848,1.468212953393634
15849,1.004947192029623
15850,1.2829273604822555
15851,0.9672517954128553
15852,-0.10446419661930983
15853,-0.21159658113016094
15854,0.5767437502752412
15855,1.4602539038482178
15856,1.3121174785959144
15857,0.46750501051528054
15858,1.896120070748074
15859,0.11709775787988408
15860,1.1343826215593902
15861,0.10612805876505309
15862,0.8369791307729426
15863,0.4325751748916169
15864,1.101525629217727
15865,0.9116778404688054
15866,1.5168646422320686
15867,-0.16162721469501376
15868,0.4632661966443869
15869,1.163404812249595
15870,2.0641530002024835
15871,0.8714367229769957
15872,1.3628325167493707
15873,0.05276687004410841
15874,0.538272552087565
15875,1.7125538179538913
15876,1.8445454686707468
15877,1.3044936389089674
15878,1.2994582370253318
15879,0.3878336474033361
15880,0.22331698200910952
15881,1.4916034352538479
15882,-0.15966193720359734
15883,0.17774394574880986
15884,1.3698482057831012
15885,0.391761548611376
15886,0.8958404700466258
15887,1.9116915835959185
15888,0.3486228155425539
15889,1.7207442607771752
15890,1.5349912550097518
15891,1.66694206668227
15892,0.309371851494854
15893,0.2660600650034458
15894,0.8178011660323399
15895,0.48391281600198477
15896,1.2686548759888014
15897,1.098582186790807
15898,1.3014626305928951
15899,0.6155084557108699
15900,2.1152037002385433
15901,1.3278932792993197
15902,0.4211413128609948
15903,-0.06172478774864652
15904,0.32949770909903703
15905,0.40098078691050126
15906,0.23182456407542767
15907,2.2707871784283475
15908,0.17327623603084485
15909,0.8721540863795759
15910,0.8621573948993533
15911,1.4837378517867443
15912,1.8318926093311518
15913,0.36301207866671537
15914,-0.20688261053599763
15915,1.8277459217969845
15916,0.731889175864738
15917,0.04635758984700939
15918,0.3698546724040944
15919,2.052570800532277
15920,0.6957067708050448
15921,-0.022180638280540857
15922,1.5951626272257073
15923,1.5118617242402768
15924,0.46754299225937657
15925,1.3984668379549725
15926,1.7322747798696991
15927,1.4597995045788508
15928,1.0709111966386442
15929,1.8133207353835232
15930,1.4928692331685385
15931,0.39432739917062
15932,1.019514851746824
15933,0.18505371351008326
15934,0.4206550038306727
15935,0.017617525276281902
15936,0.5986587800678442
15937,1.6685276874781283
15938,1.7043425941989536
15939,2.17282171880983
15940,0.31974864916220075
15941,1.9573417548540926
15942,0.981895015894502
15943,1.5227536490632991
15944,-0.1421335877375419
15945,0.42459126223228627
15946,-0.04259416768601045
15947,1.5183747643183871
15948,0.83158361227622
15949,0.012365255174404033
15950,1.30319798422584
15951,1.4960452916472582
15952,0.961477367168488
15953,1.241043936085267
15954,1.604055155480956
15955,0.19524921334969123
15956,1.0495252901793166
15957,0.6367760684642949
15958,2.5105803312463912
15959,0.3526340201814821
15960,1.5146593890236133
15961,1.0501775953475179
15962,1.6409146689812482
15963,0.4927542557786712
15964,1.8181253680760325
15965,0.28006955660912897
15966,1.6157393806011409
15967,0.4079102931018374
15968,2.202339433590824
15969,-0.05189173755592022
15970,1.849566118849919
15971,1.87703325041414
15972,0.5519121835519458
15973,1.9049437942855707
15974,1.279674515980195
15975,0.3519096617467449
15976,-0.008507301121240932
15977,2.10948653736547
15978,0.6667391096089874
15979,1.4127581892413974
15980,1.4195767024134025
15981,0.5484597605618486
15982,1.6372867340524209
15983,1.0770500934481826
15984,1.468570971492628
15985,1.7741425444794623
15986,-0.038824265165363664
15987,0.8978245040199396
15988,1.1186706380987397
15989,1.6474583214287497
15990,1.1252743280707627
15991,0.7108238143431165
15992,0.9111396062177572
15993,-0.14015289622038932
15994,0.1611783134670195
15995,0.054831575189753456
15996,1.1828052143861354
15997,0.8777222510080042
15998,0.9766353253657266
15999,1.1985232115232434
16000,1.3695027137484854
16001,0.7152513865809795
16002,1.2101406306411868
16003,0.4105783387531749
16004,0.4672246671404934
16005,1.6898907619587529
16006,1.0565635808277467
16007,0.2974299716903649
16008,0.2748954900480456
16009,0.11717320682364171
16010,1.787005944906614
16011,0.6118377705085055
16012,0.7298947329552621
16013,2.202259173771197
16014,0.10654266919946281
16015,1.4027352380035847
16016,1.4031404909004916
16017,0.0478256499879488
16018,-0.10662774631053477
16019,1.0734666725915358
16020,1.1349518361705382
16021,-0.10487164540545255
16022,-0.20794631813117986
16023,0.7357290473501165
16024,0.2903478212689098
16025,2.276441739478104
16026,0.9242870929374705
16027,1.6235522949818197
16028,1.3164731157320753
16029,1.5945131624548228
16030,-0.264916442275397
16031,0.46286941293733574
16032,-0.3606044208661441
16033,0.2864941741077211
16034,-0.10316730081470513
16035,-0.013518848905898141
16036,2.0792994121163573
16037,0.07336528964122249
16038,0.5637579857582041
16039,1.756402736676656
16040,1.8556361376535615
16041,0.6953139617276292
16042,0.3912619281486546
16043,1.37443431780585
16044,1.3113084292622843
16045,0.6047076528784832
16046,0.5437407034381124
16047,1.2364619195199524
16048,1.954746501422303
16049,0.28330985267394854
16050,0.004855243458683069
16051,1.584943290458941
16052,0.21144123047678368
16053,1.5607426904949404
16054,0.34349801046501305
16055,2.027243668813341
16056,0.15163357030910438
16057,-0.08948201761294874
16058,0.348334855894295
16059,1.8744450370246843
16060,-0.08148660998917535
16061,1.3505948046015042
16062,1.0656226052403457
16063,0.3121333679756655
16064,0.8182414845695294
16065,0.817417510290959
16066,1.0334581517637533
16067,0.0017602106355810547
16068,1.4559029308375648
16069,1.706900089308285
16070,-0.1692499970952735
16071,1.9246359353225155
16072,1.147184948047486
16073,-0.20461758705576824
16074,0.2707745564309961
16075,0.42653740873811363
16076,2.265404632313018
16077,2.1322243593243235
16078,0.47290238106831156
16079,0.5512406252183201
16080,1.037891001533338
16081,0.258150370770126
16082,0.31823539539550455
16083,0.967373562134817
16084,2.0070217064020963
16085,2.0150613583636927
16086,1.2285503140379799
16087,1.9747323320649106
16088,0.5229557432069238
16089,1.6140572571116913
16090,0.6384841190603223
16091,2.0597267923602294
16092,1.6778629174749469
16093,1.7201240699568559
16094,1.7661851100661103
16095,-0.17282188528801637
16096,0.2737732656576225
16097,1.2699518611796323
16098,-0.1696510829147032
16099,2.4291862607334704
16100,-0.0957029139922735
16101,1.0699378216285151
16102,0.34089558047802115
16103,1.2067155185255267
16104,0.8188754895329334
16105,1.1899661793311838
16106,0.32657339960383813
16107,1.0562452102683055
16108,-0.02750579309911492
16109,0.12249870222570772
16110,-0.014396517580990767
16111,0.10021594320641548
16112,1.4915433108471927
16113,0.4034000511108125
16114,0.7060967844651606
16115,0.26519074424008243
16116,1.2943146502084435
16117,0.9560995910533558
16118,1.43573241558701
16119,0.33759856766227814
16120,0.2544270230280231
16121,1.5162286222661605
16122,0.6349772557206852
16123,0.9873939730532078
16124,1.6421830392401944
16125,1.500277315176875
16126,-0.07179644866454336
16127,1.1155663152515665
16128,0.7517703424609925
16129,0.5938723293918107
16130,1.8139959724366799
16131,2.076312153545888
16132,1.4246640521668026
16133,0.8259890678693593
16134,-0.011131608575139978
16135,1.5622525967531544
16136,1.0253057544660058
16137,0.9430452013453277
16138,1.3002037134874134
16139,0.18730344429487025
16140,0.9700234561474274
16141,1.6165838763779574
16142,0.8665016013458817
16143,0.7863105226517293
16144,-0.146628151606484
16145,0.8434684395210569
16146,0.6089760384125781
16147,1.2829706743788356
16148,2.193533051029913
16149,0.17852209139985115
16150,0.5416398360801069
16151,0.23567073578947315
16152,0.7997520602152842
16153,0.20740561673116886
16154,2.42528650731168
16155,-0.18888843097445154
16156,3.1588533148326055
16157,0.5029863691906635
16158,1.6949819624328528
16159,1.0365010310082294
16160,1.8029662419956343
16161,0.48645184440846384
16162,1.0808307918783364
16163,0.8734969883962452
16164,0.38323143467874793
16165,0.24702443528939055
16166,0.4615710015401037
16167,0.8887899770393594
16168,1.4758949256475151
16169,0.6977522480705468
16170,0.7068620630573685
16171,2.028422035813803
16172,1.3746724766428449
16173,0.5948464138622866
16174,1.4454318865971332
16175,1.1485836518211854
16176,1.7346536531446568
16177,0.543530988148085
16178,0.5274794708991852
16179,0.9249549130683681
16180,0.16610959035383113
16181,1.0378150825046955
16182,1.430089088762274
16183,1.1421778329489167
16184,2.195072990695987
16185,0.5344367512255374
16186,0.17756218486089737
16187,0.45999859665412074
16188,-0.2026557710655228
16189,1.3914718534914483
16190,0.8612680249883973
16191,1.2563205241467554
16192,0.2928450493719961
16193,0.010160000125974818
16194,0.27493778490413023
16195,1.9513149763310875
16196,0.9357090447388183
16197,0.9627247112052053
16198,0.9892825865439766
16199,0.4238261700525614
16200,1.1405022146568595
16201,0.7020288908966738
16202,1.344757758665272
16203,-0.032385937624432294
16204,-0.6840836471901708
16205,1.2122154915769807
16206,0.7484004424590971
16207,1.6789393849310144
16208,0.25179243367362025
16209,1.1401110917192403
16210,0.06894042711148823
16211,0.9065340253190434
16212,1.7072190963238687
16213,-0.19219404446544752
16214,0.49673921511886476
16215,1.3781573553515958
16216,1.9730777608257553
16217,1.7521472872803272
16218,1.0135304856402556
16219,0.17314586157177086
16220,0.7414759182110595
16221,0.2680174349191582
16222,0.22145755310806609
16223,1.347768060085379
16224,0.873468887092591
16225,0.9634974376617049
16226,3.4139997315410766
16227,1.68424675649202
16228,0.3098466163412664
16229,0.6712298386664441
16230,0.952593287191095
16231,0.9307919317034528
16232,1.4479722745239627
16233,0.7276273237312005
16234,-0.20820688097416457
16235,0.022777367003155004
16236,0.9700934224926507
16237,0.8350597478313943
16238,1.212627762569429
16239,2.0532539844912177
16240,0.3394584291507154
16241,0.4286083894955453
16242,0.37718189696179977
16243,0.723863156914962
16244,0.2794233791063038
16245,1.5717841123469911
16246,0.10218604679509728
16247,-0.03639712943256337
16248,0.35953980841859917
16249,2.0803160951028024
16250,0.8047408227528385
16251,1.313830316949529
16252,0.7038345212012941
16253,1.533414963009172
16254,0.2590402898336406
16255,0.9701794253984235
16256,1.2155528565295308
16257,1.795374755460223
16258,0.3719501418569887
16259,1.5556303094144908
16260,0.9786438179295891
16261,2.0270171740701626
16262,0.9518245362721034
16263,1.1744090429028458
16264,0.9660846196251678
16265,0.3461356254407027
16266,0.8004116209331537
16267,0.8379778952054351
16268,0.7264508736437066
16269,0.6945082024096748
16270,1.8669797791023388
16271,1.9912000324697436
16272,0.9245081604429861
16273,0.7186425296653658
16274,1.8102344379548059
16275,1.1426621787457822
16276,-0.13956020022415547
16277,2.5213611502686213
16278,1.2368140199662891
16279,0.4514850435321706
16280,2.350860972323852
16281,0.1668557060829165
16282,0.8751844821841802
16283,0.6036012044986931
16284,0.5227989783899656
16285,1.0960051985090127
16286,1.7413381630356282
16287,0.7971981918929862
16288,0.7982111689087279
16289,2.096487052374283
16290,1.1948621368958205
16291,-0.031791733998511006
16292,1.1179520290301321
16293,-0.1408348321912859
16294,1.3894762101493952
16295,1.3539476035159297
16296,1.5107280324920738
16297,1.4647184289851307
16298,1.4039164878434227
16299,0.638022200122864
16300,0.8899071361940566
16301,0.990088980992897
16302,0.42172600259700316
16303,0.337266501528117
16304,1.6059712430475097
16305,1.7149362113655209
16306,1.4488431716509582
16307,1.3955976250932567
16308,1.3677005936473554
16309,0.4339539285481359
16310,-0.13760958651852784
16311,1.1692352692215093
16312,1.1448298588013635
16313,1.4868415672866848
16314,0.19094724742141314
16315,2.028211804560595
16316,0.2020340319090235
16317,1.1938552425563804
16318,3.049187718418317
16319,-0.21583058678283418
16320,0.9767923352651469
16321,0.27474188632031254
16322,1.2550386678051864
16323,0.41550730395449387
16324,1.8051901134898802
16325,0.43015577269109895
16326,0.96188727850317
16327,0.37687867619365223
16328,0.3994155205501698
16329,1.4315781087215407
16330,0.7831072329421767
16331,0.8498341983772056
16332,0.5186392855865674
16333,1.18772797657447
16334,1.3704881105649596
16335,0.6500013232852849
16336,1.7548653947154425
16337,1.3648486382726435
16338,1.7060031500908703
16339,0.31717851244968215
16340,0.866534094616732
16341,0.9974460475788124
16342,1.62941945499007
16343,1.1161242506823372
16344,1.5092756144022814
16345,0.39833191336530394
16346,0.7767863435317613
16347,1.9427990286868213
16348,2.015523221310466
16349,1.2368644219083977
16350,1.5654384035798583
16351,1.2473420952245773
16352,0.12688540483487226
16353,1.2058044701656787
16354,1.2000316541143285
16355,0.38469602212142096
16356,-0.21982405288829351
16357,1.2266850589338518
16358,-0.11797237197408822
16359,1.449209784872286
16360,1.5061465076017109
16361,1.4132601534562057
16362,1.8711928662885546
16363,1.1031971870708983
16364,-0.14992517444085873
16365,0.4728767966673795
16366,0.683658021986997
16367,0.5579963596582114
16368,1.8683059205947112
16369,0.6519642663428256
16370,0.45383454581749866
16371,2.181507216479662
16372,-0.1863399654676977
16373,1.2681788426940708
16374,0.8098489637629184
16375,0.9227656748905256
16376,1.6755937297263963
16377,1.9866614489832168
16378,0.16484302978359153
16379,0.2178309836490736
16380,0.20403427988598438
16381,1.15440938616073
16382,1.4833657307594779
16383,1.2504278418524408
16384,0.5476537382974164
16385,0.6977039048900546
16386,0.22522614427087223
16387,-0.025240734087074092
16388,0.591090000031964
16389,0.49064815043475574
16390,-1.098413984363721
16391,0.6085552220090016
16392,-0.010008340991798724
16393,1.4016968905271576
16394,1.8935920554802232
16395,1.54020512486643
16396,0.4277569162890908
16397,0.06284990619006427
16398,0.5598224154866264
16399,1.2187125096431888
16400,0.7787656833620974
16401,2.066994154029697
16402,1.2437643564132919
16403,-0.02660414673141654
16404,0.8109275192398476
16405,1.7754007622210584
16406,-0.33543494106135
16407,0.1580670687493715
16408,0.697115852658642
16409,1.5992410973279214
16410,0.9179181663837065
16411,1.7124389390243386
16412,0.3445313093591884
16413,0.16279601971612181
16414,2.0753321399829403
16415,0.6226882430416059
16416,-0.7324308601970063
16417,1.2417356615165864
16418,1.0400581948456193
16419,0.45042397831753167
16420,0.989973383523787
16421,-0.026871306015741087
16422,1.8889930654689777
16423,1.148440477370594
16424,1.2221476058734009
16425,0.8517103715808445
16426,1.2185876413149712
16427,0.39772793153203634
16428,0.6620978052292228
16429,0.9134235244909086
16430,0.025524890158522356
16431,2.0750182807786204
16432,1.082242345076436
16433,1.343337871400268
16434,0.03350710906880647
16435,1.6041940361397344
16436,0.5693330630482736
16437,1.7431941375242392
16438,0.6910282672477304
16439,1.9873987175769088
16440,0.8819142979108623
16441,2.8615400264433695
16442,0.4218095944960179
16443,-0.17404480854568882
16444,0.25168183272990274
16445,1.1023578138590713
16446,2.006315441014547
16447,1.0874822228280983
16448,1.3447748650309237
16449,1.7880209192795886
16450,0.00983071587988698
16451,0.3708505326050702
16452,1.248000046764926
16453,1.028356414060796
16454,1.0196666791960216
16455,1.6309825426319737
16456,0.5840701747889419
16457,1.8490533939573435
16458,1.3152158633686073
16459,1.5222036622770283
16460,1.197089445534962
16461,1.359045404766504
16462,1.475078615478334
16463,1.7597743747622006
16464,-0.17781713483083186
16465,0.7176061710260807
16466,1.4652182847769504
16467,0.6517911402385005
16468,1.5382138462423975
16469,0.877910443527546
16470,0.6825808637731221
16471,-0.07773136612854942
16472,1.4910019930786687
16473,1.1592560881902716
16474,-0.10222371051654175
16475,1.3634951710650625
16476,0.4024465121390456
16477,0.4092035637854863
16478,1.6524427389090763
16479,1.2452503407379267
16480,0.21326205706227264
16481,1.52191440104997
16482,1.2842271664922578
16483,0.8424262351494164
16484,1.7154650758386212
16485,1.0501772264211129
16486,-0.1296597435369245
16487,1.0511558433771577
16488,0.5107493221203403
16489,1.416048610353514
16490,1.1561071986371048
16491,1.0704544824736766
16492,1.9757514644848555
16493,0.5456577858536115
16494,0.5892214745663538
16495,0.5592199038154356
16496,1.1905649464258081
16497,2.149234812057806
16498,-0.10123312346668731
16499,1.2134869826444894
16500,1.6034351253849486
16501,-0.021251493269936528
16502,0.3992772790776889
16503,0.19979099887825352
16504,1.5372654490567321
16505,0.6203418882327453
16506,0.9654693585993228
16507,1.6419932273314561
16508,0.6555668904822642
16509,0.8063378695365064
16510,1.3347263553215796
16511,-0.342069580060337
16512,0.05103217145275615
16513,0.9467780073753899
16514,0.8415805443259916
16515,2.0185485695626735
16516,-0.5343071773694695
16517,-0.49088256254768925
16518,1.2873717898129042
16519,0.6578585218289534
16520,1.6924343219572975
16521,1.222371791744683
16522,1.5620565842328438
16523,0.4367374660960745
16524,1.0308057846450585
16525,0.7664240779444226
16526,2.1140259741047034
16527,-0.12098440386987891
16528,1.4158306360924073
16529,0.8930028235698922
16530,1.2881860434800285
16531,1.7843676603814957
16532,1.4648953051718316
16533,0.09285368553709436
16534,1.778241513935016
16535,-0.007704655084921477
16536,1.201639996815346
16537,0.11369936825681733
16538,0.10813372186358222
16539,1.7360294532884295
16540,1.1916519590187304
16541,1.4727002394194788
16542,1.3271099862123448
16543,0.2688700285779384
16544,-1.1409615549280843
16545,1.1244968758539309
16546,-0.17478735975765836
16547,0.013177941247920143
16548,1.42810244751257
16549,1.2565331692760306
16550,1.2217288876890544
16551,1.0980553865540057
16552,1.6058728067283945
16553,0.9374155238024056
16554,1.4020175217240314
16555,2.180781677195791
16556,2.0575248241384685
16557,1.6702238272245806
16558,2.1088015911496085
16559,1.5126786029754773
16560,0.8328356319357788
16561,1.4901871827947448
16562,-0.03415802477640323
16563,0.6595424800340768
16564,1.0447275602519652
16565,0.19419219804070392
16566,0.24087828426568061
16567,0.8332378304007276
16568,2.0884211008049363
16569,0.4784333544489439
16570,0.30372660440359783
16571,1.2770454054771245
16572,1.3687590344453655
16573,1.447422347645213
16574,0.21560352459926607
16575,0.7170095866514266
16576,0.9959423778964686
16577,0.25890555545939764
16578,0.04671267198944294
16579,1.54039525468478
16580,-0.136750229739665
16581,0.09022572690416507
16582,0.2508982634101209
16583,0.4497168164685813
16584,1.867630025235272
16585,0.9211461838224968
16586,1.3258768396971554
16587,-0.09447693046934252
16588,0.9057457100631007
16589,1.1097654858655202
16590,0.907699998407156
16591,-0.019585479455334467
16592,0.5763740147244255
16593,0.8726771610506073
16594,1.3568082847744658
16595,0.7599999358987146
16596,2.1378478829803598
16597,0.6598417473165971
16598,0.7061878089672479
16599,0.25545988881821774
16600,0.5026475770309103
16601,0.7553483763392925
16602,1.8402724559646044
16603,1.0601188212549073
16604,2.6872917073660907
16605,0.7148555763014992
16606,0.23850297409961288
16607,-0.1410657634741673
16608,-0.25807471355744643
16609,1.2480500972448738
16610,2.1466503956099734
16611,0.8653370486465279
16612,0.4670837664526708
16613,1.1383775865673373
16614,1.2239612227196384
16615,1.0786176959395775
16616,0.8906848211938989
16617,1.2956200032695002
16618,1.702664115373842
16619,-0.04069975231771082
16620,0.9514539080426215
16621,1.4631632598896778
16622,1.8665553003761883
16623,1.1778865267504246
16624,1.4448620069665594
16625,-0.8206253446903895
16626,1.8743875988769174
16627,0.28501070612809415
16628,1.2602362843552124
16629,0.9517589673963103
16630,2.0820539488736705
16631,-0.10715135717287522
16632,1.6523598189173765
16633,0.8161761592183875
16634,0.10923331914426859
16635,1.3587292944574658
16636,1.1580237589823752
16637,2.197011247423887
16638,0.5242991564655275
16639,0.5563763385418666
16640,1.7384951874284083
16641,0.6174362181837982
16642,1.6625109400705436
16643,1.0929075939876494
16644,0.4933424038878747
16645,1.2008549049055528
16646,1.1789494132409897
16647,0.12665698746738918
16648,1.7883207774647172
16649,1.1036434270643278
16650,0.8230662541873015
16651,0.5598296455384565
16652,1.1822790619025048
16653,1.2264966479569723
16654,0.015093954700805488
16655,1.616826553199202
16656,0.4945506936317756
16657,2.0496845556055545
16658,0.4369097532017221
16659,-0.026382542839403375
16660,0.6870107158489707
16661,1.0117486376625742
16662,0.7918513955880542
16663,1.4939904038458902
16664,-0.04791257070624182
16665,0.11382759661894729
16666,1.2575619786579133
16667,0.8974763123344642
16668,-0.008253808778509453
16669,0.5833764755112311
16670,1.2554251485648118
16671,1.8427359298735566
16672,1.3152044993922651
16673,1.0120384817939594
16674,1.1520568079030231
16675,-0.1925735140768965
16676,1.8117795884280978
16677,-0.05247072626496538
16678,1.345294729610714
16679,1.8771218864699353
16680,1.2505061121622834
16681,0.5326032747475852
16682,0.013562085801437588
16683,1.5126313640434663
16684,0.44317701058414755
16685,-0.15595635362556795
16686,0.736735464366019
16687,1.090160383215263
16688,1.3300072051029745
16689,0.25179532441499575
16690,1.622818245517084
16691,1.0955349632889564
16692,0.30626704326861287
16693,0.032240552063581604
16694,2.1542133445842726
16695,0.6251354480930139
16696,0.6948582021850419
16697,0.5848865177108572
16698,1.0462219039684637
16699,0.34169861342661423
16700,0.6023525463143125
16701,2.1957743812092527
16702,0.7168950791289308
16703,0.7132922714087471
16704,0.05025473257796784
16705,0.4914553902780572
16706,1.1603260695029716
16707,1.022154527727765
16708,1.988222514533043
16709,1.3870226674208834
16710,0.4800744188368886
16711,0.4837816490970541
16712,0.7747211915604213
16713,0.3899778019233238
16714,0.9853447737568743
16715,0.9688545456975308
16716,0.07326697007035221
16717,0.8899989718146156
16718,1.0150369669009247
16719,1.7026352624654106
16720,-0.009905131180536896
16721,1.2131420086285696
16722,1.8356915367223674
16723,0.03228994859641695
16724,1.3412153243866338
16725,1.3255011389446127
16726,1.431460896806459
16727,-0.16926172422971492
16728,1.4651153401841817
16729,0.8869782910182759
16730,0.11009077978549567
16731,2.6497820958493628
16732,0.012642271466160067
16733,-0.061667096772815316
16734,0.41616693220281303
16735,0.9347710762534266
16736,0.7199320886872699
16737,0.3002733872066135
16738,2.1372933977930946
16739,0.023278982157923976
16740,0.16038349884828798
16741,1.1169763420413434
16742,1.4959401144909408
16743,1.8135465776629518
16744,0.4300096923733396
16745,-0.22234317258811845
16746,1.0308389288694537
16747,2.530503871789244
16748,1.9859128937519437
16749,1.6563920008608446
16750,1.976999215116063
16751,1.643625964603824
16752,0.47346247710269285
16753,0.9264729210958893
16754,-0.08796851849288372
16755,1.7059697268532914
16756,-0.16554606685444548
16757,-0.06658871251881095
16758,1.6147008904007205
16759,1.142464813034775
16760,1.5913730012248928
16761,0.9823385547123465
16762,0.5656136589694337
16763,0.1655523003593014
16764,-0.06464654662750985
16765,1.0767293083860578
16766,0.1877591839704312
16767,1.0037946054345104
16768,1.436255362602283
16769,-0.08739818873851908
16770,0.7283850816311277
16771,0.9278936213293006
16772,0.9933302634223219
16773,2.1038956368754427
16774,-0.11922457889406105
16775,0.2531502680174026
16776,0.5311263274825292
16777,2.3218346091052275
16778,1.0854554317266638
16779,0.9641040368775894
16780,2.7014898927211446
16781,1.2384727241618403
16782,1.5100988316477673
16783,0.057195495621532574
16784,0.5343820857676645
16785,1.5517112110707252
16786,0.5383632592225436
16787,2.0565940711321984
16788,0.2705177349863945
16789,1.751878173484965
16790,0.9256887460796085
16791,1.568309279933036
16792,-0.0027088665562121014
16793,1.1024716211015106
16794,1.0391543754698747
16795,1.8195418124381457
16796,1.421855497821372
16797,-0.16459739364328912
16798,-0.12889710900223603
16799,0.3725511154476839
16800,1.454802152248289
16801,0.9701910767669427
16802,1.9849051992432756
16803,0.027123552169008407
16804,0.31016333188967715
16805,0.7708008814164159
16806,1.7824117813703435
16807,1.4933366332265374
16808,-0.0022027066719476594
16809,0.8096522246842516
16810,1.6754934093750693
16811,0.9511106997889955
16812,0.3075529160750005
16813,0.722955200288998
16814,0.8385434126602096
16815,1.1891451572062914
16816,2.0706018057100786
16817,1.0869306486960668
16818,1.8892180101692058
16819,1.53125433090042
16820,0.6886805278029117
16821,0.7462877036917226
16822,1.2648892547376902
16823,0.6137040092511024
16824,-0.3093022288261549
16825,2.1617890397713118
16826,0.696737999535627
16827,0.9702178020322758
16828,1.2319116570759183
16829,1.6634373454192315
16830,-1.096211602293625
16831,0.8626158599875561
16832,1.7786116222876365
16833,0.818280146791711
16834,-0.12195092293749313
16835,0.4501701433034209
16836,0.8483388138125733
16837,2.0793309278333116
16838,1.0932425504589052
16839,0.5023716216728451
16840,1.8467911903812595
16841,1.0063796366510824
16842,1.9772651613049155
16843,0.24065688787990466
16844,1.2897961869875991
16845,2.1359308160268653
16846,1.43114017640448
16847,1.4021111677486942
16848,1.4974037264826046
16849,0.8105529388803712
16850,0.6691037299874092
16851,1.6610839275349936
16852,0.8206680911700077
16853,1.094940470074043
16854,0.8474533099841232
16855,1.2429858390834505
16856,0.25979961132362
16857,1.574029496883322
16858,1.2446620000916904
16859,0.6663727661911238
16860,0.18849369634034155
16861,1.510980063872024
16862,0.507487945580857
16863,2.045785192379521
16864,1.5525741254503524
16865,1.492680351271978
16866,1.1900417819668487
16867,0.7012329008768668
16868,0.11412899455760886
16869,0.39731616519463836
16870,1.630631471801401
16871,2.19835896113162
16872,1.623169046006496
16873,1.2397098287121744
16874,2.3655432215824312
16875,1.0208889846246092
16876,2.1794819310828273
16877,2.1571062805396393
16878,2.0046780380475697
16879,0.9001618692334599
16880,0.7377091009477368
16881,1.3126422155161261
16882,0.7367625798754238
16883,1.4643568936852713
16884,1.7371063042157235
16885,1.2934025698164051
16886,0.19364385833474745
16887,2.1943178689531155
16888,0.618409431911854
16889,0.8451542060974295
16890,0.3866751653877059
16891,1.1266272183205661
16892,1.228015639769733
16893,0.8930280110914097
16894,0.14558283834581062
16895,0.8165007619772532
16896,0.19198777347139806
16897,0.5060331831565092
16898,0.992412127697265
16899,0.25712855283861263
16900,1.7129667691964756
16901,2.1358158047926246
16902,0.3753449436358172
16903,1.0332951841061107
16904,0.8447357685770961
16905,0.670519604990319
16906,1.0578514250541229
16907,1.688115171243073
16908,2.0673550339460762
16909,1.1000773090025724
16910,0.8794839587692047
16911,0.882458942389753
16912,0.6990105433388648
16913,1.2844506560049678
16914,2.018138902718619
16915,0.9924766275773219
16916,0.7563761324412591
16917,-0.08071377646634365
16918,1.7928505974760762
16919,1.1293817084022293
16920,1.3479218909104076
16921,1.9958855461085523
16922,0.1017951280659933
16923,1.7516194530207077
16924,0.1964246187825272
16925,1.770109334264017
16926,1.030906229372377
16927,0.6124415497232508
16928,0.3022664542535075
16929,0.7056292833327624
16930,1.764994488546241
16931,0.8689650854845762
16932,2.1829792770234393
16933,0.4557981438094021
16934,2.0980975851162134
16935,0.03373404509618039
16936,-0.19275874335965715
16937,2.0780392796888547
16938,0.7995285112753747
16939,-0.011193483232905935
16940,0.4263227425259145
16941,1.0243483170048313
16942,2.007386901163256
16943,0.7821988545283457
16944,0.09173768493597685
16945,2.1733238608470504
16946,1.5537034138530705
16947,0.008059438664616784
16948,1.5718451662533606
16949,1.4021067724694978
16950,0.7778181379342625
16951,1.2778952986725682
16952,1.7509754840437977
16953,1.4586414125066733
16954,0.9913486777799791
16955,0.26398169582627035
16956,0.5918758409864541
16957,0.8534539595383215
16958,1.089702885846461
16959,1.5389947106433386
16960,0.5052283858366882
16961,2.095840610003858
16962,1.5348008808440454
16963,1.984379873705512
16964,0.6910317243249021
16965,1.1982488232201913
16966,1.78570273974068
16967,0.5044601034378219
16968,0.24269630111987228
16969,0.601776016373598
16970,1.7082019557194612
16971,0.20797786941963037
16972,1.2995940731115532
16973,1.6517684370955226
16974,1.4232221397866975
16975,0.8989828539563322
16976,1.3946998919283384
16977,0.6562507451067241
16978,2.1591121147288934
16979,-0.47425235099574625
16980,0.4889996116040155
16981,-0.17164014412374962
16982,1.9225576535918922
16983,2.258200626505933
16984,0.7238601497519496
16985,1.2294039134591153
16986,0.7111129758857084
16987,1.1305324666147538
16988,1.8480022068162694
16989,1.0854141537292787
16990,0.6836280316759475
16991,1.9342220250658897
16992,0.2121790882026464
16993,0.7181650150046303
16994,-0.05362785324488881
16995,1.844234302728472
16996,1.109920339119093
16997,1.3427074523844886
16998,1.3803805455056224
16999,0.09542598601317825
17000,0.11549381273917875
17001,1.9428907225112508
17002,0.5906200477053469
17003,0.522724250294904
17004,2.0765720305793693
17005,0.9662478164478696
17006,2.174554103856593
17007,0.8734010944414936
17008,1.3510168591774674
17009,1.91764612965355
17010,-0.007342781451886521
17011,0.5350805552536381
17012,2.0567269158644845
17013,1.6219009359258436
17014,1.4453846628265543
17015,1.2738263363553615
17016,0.9722289640895885
17017,0.7291615496501379
17018,0.1942891680042516
17019,0.13195776742997986
17020,1.3352198331074623
17021,0.4168365279063819
17022,1.4608045162757548
17023,-0.00889227448112373
17024,2.1786167741475797
17025,1.3170535181517353
17026,1.9744401387802437
17027,0.8946135408386549
17028,2.2980392741239477
17029,-0.02656855091265188
17030,1.2188419667891062
17031,-0.33884867967431453
17032,0.6531318856293006
17033,0.6946012780986718
17034,2.0066515114314707
17035,1.6178143085357202
17036,2.1483179448297562
17037,0.9439455383041895
17038,1.0392073634114194
17039,0.803614532337272
17040,1.8941279925847354
17041,1.3742866925971695
17042,0.5809200775642335
17043,-0.04005672362011705
17044,-0.09523004466292624
17045,0.42322205549076686
17046,0.977718167941421
17047,1.1719549811350412
17048,1.1253847017040937
17049,-0.19621920470329635
17050,0.7378371573192335
17051,0.37463846764652575
17052,2.004899069635533
17053,1.8545583366915874
17054,1.5227639510122586
17055,-0.11571783631178478
17056,0.23055975447114888
17057,0.9668169372730424
17058,-0.02235385757996615
17059,2.072071736134448
17060,1.3760252701550937
17061,1.9886139129410911
17062,1.4067619755384102
17063,0.48580936611589
17064,1.2204674957623742
17065,0.3082285834898295
17066,1.221592958737126
17067,0.6795764877405204
17068,1.652917601866222
17069,2.4206526356924325
17070,1.67470564861943
17071,0.601768296931124
17072,1.4429120780954134
17073,0.05055562800310369
17074,0.4112267408774438
17075,0.43013113838156103
17076,1.995324103557146
17077,1.0742767225756813
17078,0.910995893213336
17079,0.6450990363792837
17080,1.20921459792245
17081,0.7631130574984889
17082,0.553917693043705
17083,1.7248208924884971
17084,0.8367762438876314
17085,0.4681535895362185
17086,1.805281003861721
17087,0.45025590308523844
17088,-0.4720878946335315
17089,-0.4698710980180142
17090,0.49434983212027767
17091,2.1814224479881066
17092,1.8187203689677962
17093,1.4125445961291778
17094,0.4005249424486324
17095,0.6748240255050817
17096,1.0577572124169226
17097,0.5802171833348921
17098,2.5860714885592806
17099,1.6375940184738413
17100,0.5702407131012321
17101,0.29849898363655436
17102,-0.007057804675749443
17103,2.1606353694980087
17104,1.5150348730024275
17105,1.2036626558016628
17106,0.22038382972200465
17107,0.9869053155242044
17108,0.40637578525272544
17109,2.222066279642411
17110,0.9901855321005131
17111,1.3735782544382518
17112,0.7682360697276862
17113,2.2912991288094426
17114,1.5645215712039544
17115,1.6496478458742638
17116,0.8293304239389309
17117,-0.19552981937312153
17118,1.2531339797774563
17119,0.11604599887412015
17120,0.6988345050240709
17121,2.026759791939918
17122,0.960886849926562
17123,0.5341666721452651
17124,1.2586477936247913
17125,0.2828063123060594
17126,1.576750223011121
17127,1.261313947618746
17128,0.7838908621816899
17129,1.2528267425191946
17130,1.4161080324110065
17131,-0.19312008864339644
17132,0.7096786475194146
17133,0.4092634261050082
17134,0.6616352196190535
17135,1.7478162128389234
17136,0.6764065411347886
17137,0.2775865469504923
17138,0.5468113395838764
17139,1.3010434124895724
17140,0.638124927565943
17141,0.6012571533555067
17142,2.6591866303167784
17143,1.252202168759946
17144,-0.07196800622584063
17145,1.356904181544969
17146,0.05588813777302231
17147,1.9599729087886848
17148,-0.13917180931310183
17149,-0.06483612157797604
17150,0.26983721329407917
17151,0.7228926638398373
17152,0.24663213615671725
17153,1.4659260343436404
17154,1.1553930575295113
17155,-0.4821805089426664
17156,0.7295918386516966
17157,1.7977408666967305
17158,1.1119438953197056
17159,2.0300364243042828
17160,1.384081132778123
17161,0.38502753187201977
17162,1.1597401741560327
17163,0.8394670636560777
17164,2.2612735304948237
17165,1.5131429784410442
17166,1.8790033164217033
17167,0.9137214743357646
17168,1.1300775799431992
17169,0.6717879137992535
17170,0.8488544499757724
17171,0.8229294555952248
17172,0.11381341862109688
17173,1.1866844591078765
17174,0.17636693361851022
17175,0.22934071744973034
17176,1.19360570144334
17177,1.0621161480537027
17178,0.5637730741709638
17179,0.8563186187475932
17180,-0.18985861962848496
17181,0.7028972873576323
17182,0.6957300699958165
17183,0.5290246197566643
17184,1.8209608019833803
17185,0.8497422085061677
17186,0.8781804388546184
17187,1.7192818722731809
17188,1.3128410191799187
17189,1.5044998418808622
17190,0.8194527491923335
17191,0.7585281849173092
17192,1.7391162474647772
17193,0.0679640784895677
17194,-0.016209477319090858
17195,-0.041917952162193184
17196,-0.041843210611411774
17197,0.8609810496926571
17198,0.8174861401740767
17199,1.2429209950968925
17200,2.6858081832129432
17201,0.9308954743093502
17202,0.5538679797417758
17203,1.1773060251477219
17204,0.7482889675956618
17205,1.1248946074978163
17206,0.7105441889347339
17207,0.5281470133182111
17208,1.8993093605369369
17209,1.9003871672994563
17210,2.0340614484247683
17211,1.3236106195853716
17212,1.0640709185338124
17213,0.306945675964798
17214,1.5814614418934638
17215,1.089991767574213
17216,1.0229245190573075
17217,-0.5322166787981781
17218,1.7233333145218253
17219,-0.02090445443142619
17220,-0.09017321874075736
17221,1.299587105389695
17222,1.792679207000752
17223,1.6940934747257628
17224,0.9543671846019625
17225,0.2955951857331503
17226,1.2497648943160062
17227,0.1788482322261982
17228,0.8536816551176134
17229,2.0937921525646948
17230,1.4528607722047322
17231,2.134770114195535
17232,-0.024077423205077712
17233,1.5992706722237406
17234,0.1247632768731302
17235,-0.16375466887468168
17236,1.6733309744144482
17237,1.7647851567187014
17238,0.6344438546569207
17239,1.453913983498692
17240,0.9552781765429742
17241,2.068255772518292
17242,-0.013569394372076729
17243,1.378868665397057
17244,1.3628563395257598
17245,1.625246245912578
17246,0.5149978130876997
17247,-0.20580400667820745
17248,1.9656526247238881
17249,1.564130617157325
17250,1.5321519780823734
17251,1.9407523404188172
17252,0.112686819327133
17253,1.5030461403090778
17254,1.3922413986562743
17255,1.9672724947876414
17256,0.000259090607778803
17257,1.366867344672547
17258,0.26092821587208564
17259,2.4737255984824524
17260,0.770716789960143
17261,0.3376284316414779
17262,1.4625401761911743
17263,0.28872571547048953
17264,0.8730559495615603
17265,1.1131426114703638
17266,0.27443693542411424
17267,0.7968993882134489
17268,0.07895685885284356
17269,-1.008820111138042
17270,0.5529159534788496
17271,0.793065400678108
17272,2.22045246712903
17273,2.02124676382014
17274,1.0965222534871653
17275,1.1790551011893102
17276,0.21958362795503467
17277,0.702087673142582
17278,-0.022643590559670572
17279,0.97142002500365
17280,1.3809326723336388
17281,1.3438078642251976
17282,1.4782479779864999
17283,0.21295490203336098
17284,1.8173752311074989
17285,0.5439248130006141
17286,1.7115712072053932
17287,0.6970260125372258
17288,-0.18453273503003526
17289,0.5603257794328235
17290,1.9034144916393103
17291,1.837841957547477
17292,0.22478599388935616
17293,0.7459208960259242
17294,1.0518537351670831
17295,1.283366111082411
17296,0.39812968654455205
17297,2.0101604021590087
17298,1.0437885481092497
17299,0.05504877986952759
17300,0.8002788677401766
17301,0.08892160202066748
17302,1.4670414808772472
17303,0.497436079978116
17304,2.003005024183217
17305,2.1484252930070786
17306,1.7883883222381876
17307,0.4825009341301889
17308,0.5654861378457409
17309,0.25503538800665
17310,0.5913599432920664
17311,1.3783949887775322
17312,0.9329651428785748
17313,1.0272157665588888
17314,0.9328788117170799
17315,0.4705870786516172
17316,0.9948611170879739
17317,0.46417047573943926
17318,0.5010352810300966
17319,1.2190149367463798
17320,1.17785956052441
17321,0.19659376394031558
17322,1.5015739754394717
17323,0.09239999400823941
17324,0.10439042392014636
17325,1.0033032435381717
17326,0.615060916473862
17327,0.9239755289126256
17328,0.017101391480240126
17329,0.9670004496497012
17330,0.9109967064844149
17331,0.7429604549730326
17332,-0.23805059304011156
17333,0.9285413815351816
17334,1.4136847762529061
17335,0.21886951865470614
17336,0.4993252243423376
17337,0.6140091405013085
17338,0.6341104185330649
17339,0.6873043894665941
17340,2.0833498972074276
17341,0.5738444225654512
17342,0.9087032973570855
17343,1.3345293768895976
17344,1.0303644319149377
17345,1.438254140360027
17346,1.1606899180829053
17347,1.0570238564395409
17348,1.6575102454445465
17349,-0.044870982773983624
17350,1.2732598135525754
17351,1.076068440369263
17352,1.1222384680761517
17353,0.24278258756604476
17354,0.9316272000219472
17355,1.145527141714938
17356,1.1415762891059602
17357,0.2614827250599657
17358,-0.4841129404928666
17359,0.058193044686842846
17360,0.7019799238808954
17361,0.2951596669309078
17362,0.9738741704609021
17363,1.6774176821849671
17364,0.04291396401801884
17365,1.6316247713102154
17366,0.04462079969588752
17367,0.8174574629911076
17368,0.8091653768936721
17369,1.5932200555737528
17370,1.543106689713782
17371,0.9194603108732377
17372,-0.00839978392549972
17373,0.12547673078790816
17374,1.5465360576551093
17375,1.2154132249256195
17376,0.5725289031155139
17377,1.8726208486661544
17378,-0.1296722565255833
17379,-0.11222783620746235
17380,0.14345526835623312
17381,0.45197029438321024
17382,0.3770812327767619
17383,-0.21029734435342265
17384,0.24241139305796033
17385,0.46812685708901475
17386,0.2628594405617435
17387,0.3795599036511315
17388,2.020453436078466
17389,0.9111800867744267
17390,1.4537048617348405
17391,0.21807282165504172
17392,1.0485205891535259
17393,1.255328224660627
17394,2.752476126058873
17395,0.00980630617288184
17396,0.4488325996394095
17397,1.0296227356958605
17398,2.348720120305964
17399,0.9378591845538453
17400,2.0452555373870718
17401,0.20457292522969037
17402,0.7834487351941283
17403,0.2441257442697036
17404,1.6578727734671346
17405,0.6045820014082167
17406,0.7378070308294574
17407,0.16687306211099204
17408,0.670624823788382
17409,-0.0327454671183399
17410,0.5533170743071275
17411,1.5355479336655637
17412,1.82032869355476
17413,1.4041058729616946
17414,1.4337335612906335
17415,1.92239905927295
17416,0.5575543698713633
17417,0.2839768724617834
17418,1.2556011807004568
17419,0.6797713271772315
17420,-0.020497823668370677
17421,-0.11076251825629077
17422,1.153456503931152
17423,-0.09204853894515008
17424,1.2065935652892423
17425,0.9315681530817146
17426,1.5705021838154936
17427,0.40196225160373567
17428,1.60369420187811
17429,2.2546573047398386
17430,1.4551408065839484
17431,0.43831798594582394
17432,1.313233250536623
17433,0.8282933935091765
17434,1.5123880563901229
17435,0.37148559016134974
17436,0.3937459585257977
17437,1.1161872810568614
17438,1.4580700590969324
17439,-0.6879170016676993
17440,0.5900931741868839
17441,0.730130648182389
17442,1.5918195681825391
17443,0.8401655792936388
17444,1.1366100936140169
17445,2.1476632362338313
17446,0.3901074620917173
17447,0.8004386790752691
17448,1.0355196209456077
17449,-0.00577882746797178
17450,1.2864576310576645
17451,1.3427303013887826
17452,0.2943001093625134
17453,0.23289833953109937
17454,2.081199470917571
17455,1.1122708108060022
17456,0.7097210833126846
17457,0.06775271462239493
17458,2.0812433798981993
17459,1.6373609844019785
17460,0.4488311310574055
17461,2.0544467925476484
17462,1.0533428320445333
17463,0.5041624571561731
17464,-0.03074210116870498
17465,0.4833362626753924
17466,-0.45175124058078453
17467,0.4018191915758703
17468,1.426392868259315
17469,2.0314951602445395
17470,1.6629159181571196
17471,2.315315841180768
17472,-0.10688477992747725
17473,1.983716696512674
17474,0.23114661039590154
17475,1.981897343571042
17476,1.3480261119788548
17477,2.08251146256394
17478,1.3890446376776293
17479,1.75762080725387
17480,1.1871601690757294
17481,1.7200033258976712
17482,1.1422969754743098
17483,1.3069462598015176
17484,1.943492082143069
17485,0.6250633529180883
17486,-0.13392536342778133
17487,-0.1216427179102417
17488,1.067366760157778
17489,2.189791447614501
17490,0.3337540852751682
17491,0.5122922675812024
17492,0.309236435387356
17493,-0.13653427085476808
17494,1.1974665301568468
17495,1.5111572044237322
17496,0.9693963264469938
17497,0.25044923418812876
17498,0.8207537095751856
17499,0.15534504513634792
17500,1.4913377144339195
17501,1.027074349255141
17502,0.5486451386646003
17503,0.1450459730271536
17504,0.9350143164397389
17505,-0.16634097944332385
17506,0.9561448308862026
17507,0.5175982850831763
17508,0.5250418549621751
17509,0.6165365144266913
17510,-0.02181424248877962
17511,1.0837392831393817
17512,0.9920970618295277
17513,1.844211866953732
17514,1.6347891434716137
17515,1.3474159484023462
17516,0.21708104907953635
17517,1.9861999707253648
17518,-0.4607156492408344
17519,1.7970814149254142
17520,-0.14610935315819126
17521,0.7957448706577612
17522,-0.3611636427728428
17523,0.7714325113436411
17524,2.7007978617656128
17525,0.10205476879158129
17526,0.7008821712473438
17527,0.4140334109624085
17528,-0.589529664135482
17529,1.667217222302077
17530,2.0169771135106607
17531,2.1812993871880324
17532,1.3797600411408293
17533,0.0648405696452678
17534,-0.6793885982462368
17535,1.0627265992283181
17536,0.2671167782101142
17537,1.287837252812917
17538,2.4655434173904163
17539,1.745154872630476
17540,0.12243913687961815
17541,2.6589533165332435
17542,1.3009022624995399
17543,-0.156367151577231
17544,0.17454625599688642
17545,1.171278281427142
17546,1.1718241817051256
17547,1.7034717793282168
17548,1.2819178977160102
17549,1.3798122067869638
17550,0.17298638242753644
17551,-0.0075206229950215975
17552,0.30707238661529934
17553,-0.4389400984863811
17554,1.37950536441554
17555,0.46472880489889495
17556,1.7846800412027257
17557,0.22915442092100535
17558,0.08616867561601695
17559,1.18870037101812
17560,0.18288625628016106
17561,1.0578103778289654
17562,0.9475742825025095
17563,1.1390120082401631
17564,1.575032697508945
17565,1.4400255430011064
17566,-0.15942584856861775
17567,1.1295719549891126
17568,0.21304572520039172
17569,1.185085522481492
17570,1.6451844444005672
17571,0.18445324792811263
17572,1.1824244213202877
17573,0.862997237215828
17574,0.627689689620307
17575,2.0833801602635647
17576,1.031902061539674
17577,1.1543967794311245
17578,2.094118257713072
17579,0.1416479812673447
17580,0.6537088117716539
17581,1.8231578524814733
17582,-0.1842543999828425
17583,1.2128685648218078
17584,1.1203557527577968
17585,0.31202040289270366
17586,0.5785858194960148
17587,1.5306714195273023
17588,1.6419434839766491
17589,-0.043562038980306944
17590,0.3710628616498856
17591,1.2595719701419128
17592,0.514936797623559
17593,2.144012460559873
17594,1.1115423449055966
17595,1.3806222965750692
17596,0.9389110616444899
17597,1.1254310711721955
17598,1.022954039333451
17599,0.7491494330223382
17600,0.4161391193084374
17601,1.7733955719723782
17602,0.22068648408973288
17603,0.03183537343224324
17604,-0.022508958685559383
17605,2.965416256850308
17606,-0.1529253014832972
17607,1.6950728681241962
17608,0.8330560760814523
17609,2.041661343868612
17610,1.4705726616196533
17611,1.2123200409020236
17612,1.2810547003057093
17613,1.4433642601529981
17614,0.7123960624827641
17615,1.529427670315998
17616,0.12024623039896669
17617,1.242967340833716
17618,0.8415950078321197
17619,0.995096206831612
17620,0.8915919173791106
17621,1.2365758332206025
17622,2.6382242311767903
17623,0.851854741049513
17624,1.3228233087215882
17625,-0.21954255194114713
17626,0.9004972974181248
17627,-0.04920299555320884
17628,1.1969591393007724
17629,0.7732959991849407
17630,0.39295910254777294
17631,0.935513096484329
17632,0.5727146264698398
17633,1.2621542327156963
17634,1.561127593021771
17635,0.8752720931492403
17636,1.4231888284332965
17637,0.06436653189200298
17638,0.6281889507447249
17639,0.4309728373051572
17640,1.6292973330576226
17641,1.4799769752117076
17642,0.6445179261054088
17643,1.9044593106744498
17644,1.0006509159527677
17645,0.5081939492968826
17646,1.335299034472692
17647,0.919388894413426
17648,1.0208328135441098
17649,0.20854984629997608
17650,1.4471612135720893
17651,1.1001695869447743
17652,-0.07700231387756068
17653,0.995145872945515
17654,0.8216754672421073
17655,0.38164216396627354
17656,0.32637280815196046
17657,0.772582908106944
17658,1.2903546240229513
17659,2.117482479265943
17660,1.8823087229254745
17661,0.8303680862208879
17662,0.7918711477350553
17663,1.4227883393968936
17664,0.7010804423855792
17665,1.6877055123426232
17666,1.4755195875091287
17667,1.9623198615563981
17668,0.7405934456564206
17669,1.7679652905177703
17670,1.024038221870279
17671,2.088538983936855
17672,2.4928714849585707
17673,0.759829662413983
17674,0.011075784240668761
17675,1.2236916214227156
17676,0.30917995901504525
17677,-0.08769216097454771
17678,0.9863373979263622
17679,1.603356765612168
17680,-0.4937530393543353
17681,2.2096657027739712
17682,0.5603211872036785
17683,1.2888380741987349
17684,-0.020322339521559006
17685,1.1688958927216437
17686,1.3238126005541337
17687,1.9001187841576885
17688,0.7553612412448899
17689,0.7437792274581617
17690,1.6603365796529013
17691,1.9288197006010321
17692,2.04728970319341
17693,1.7541616309271548
17694,1.0511970149792897
17695,1.6092398687523184
17696,2.4435104670790286
17697,0.3926391727085345
17698,2.165333190409742
17699,0.8686572670172685
17700,0.9570099176507034
17701,1.7218603898109555
17702,-0.2722556372412479
17703,0.939907911295062
17704,1.7089703335346382
17705,0.1833261212033108
17706,0.029601534164792248
17707,1.206773529866847
17708,0.99649903979183
17709,1.156408281058124
17710,0.37129098821616785
17711,1.7690340006248557
17712,1.427690210305613
17713,1.1426133730056733
17714,0.6421109846057377
17715,1.6787046874029983
17716,0.19981291476052088
17717,0.5412853677757367
17718,1.1336465578840502
17719,1.2998356183109243
17720,0.11322759159026263
17721,0.8330868774405741
17722,0.14285238003404255
17723,2.0629572786737094
17724,0.18653623786650972
17725,1.605668845847919
17726,0.48978592971707846
17727,0.3994428573296393
17728,0.48554918745985004
17729,0.4867214601265379
17730,1.2674554854233115
17731,1.824059012607861
17732,0.4760259087222469
17733,-0.011884453646385011
17734,1.2504505687831025
17735,2.038022860932494
17736,1.1834636591047962
17737,1.6529674248871284
17738,0.44885833157196925
17739,2.116704766388819
17740,1.3847684717286537
17741,0.0656769659506816
17742,2.11578335388451
17743,0.9200700995199899
17744,0.7683572106281242
17745,0.7782468939424914
17746,0.3648728860019989
17747,0.6691936046832543
17748,1.3091412637203552
17749,1.9910445464217235
17750,0.31672096708116054
17751,1.7992177789808599
17752,0.44864020513663994
17753,0.716329795013587
17754,0.3962422486056066
17755,1.4716388409421173
17756,-0.28581332756378114
17757,0.2789462865615868
17758,0.3702510641848037
17759,0.8435643665939766
17760,1.5082560306017456
17761,0.7358576030524078
17762,1.314239208662011
17763,1.05605552068018
17764,2.011301899748425
17765,1.893139758284865
17766,1.559431493017187
17767,0.5965398497563665
17768,0.8968807251175052
17769,1.5461287081961765
17770,0.7029820600881679
17771,2.1217501136698274
17772,1.948389376108481
17773,-0.15045734950337172
17774,1.2198297014978758
17775,2.337712060010284
17776,1.391911494347439
17777,1.651903036030923
17778,2.190345577660377
17779,1.0559307580648252
17780,0.17938999749010218
17781,1.317042174288639
17782,0.21380308958492836
17783,0.6585388609361071
17784,-0.17555288937438118
17785,0.4322423742974459
17786,1.9461365397059904
17787,1.323510616501159
17788,2.083602024859172
17789,0.8437270014660503
17790,0.10178507327928932
17791,0.36778804494413403
17792,1.423964350768981
17793,0.16373353851420192
17794,0.8812003841118893
17795,0.19588307724313564
17796,1.4143680680301494
17797,1.5781397059383313
17798,-0.10517850263104347
17799,1.597972768320469
17800,0.42789919245279656
17801,1.096763047501189
17802,1.5923192571336853
17803,1.4607411177319425
17804,2.1526574062644035
17805,0.6844224801987943
17806,1.313348404173363
17807,1.9409059627676406
17808,1.2883258892810106
17809,0.2755301207726295
17810,1.2637065301284074
17811,0.45047394666843266
17812,-0.04595750803298709
17813,2.3695875318524995
17814,2.1610676692106074
17815,0.8451939773395236
17816,1.5633007654384807
17817,0.444180842297187
17818,1.4514324325502506
17819,1.528727718256409
17820,1.1393465572591905
17821,0.3993374901449014
17822,-0.05746688843406278
17823,0.23407258507207518
17824,1.4723115833842044
17825,1.9476586996671204
17826,0.8174443720217496
17827,2.2072197404577785
17828,1.8705230602391816
17829,0.34553506938002815
17830,1.3416100815267533
17831,1.379906306208974
17832,-0.08684039511579389
17833,0.22133418525692716
17834,0.5958239477433235
17835,-0.09237564588475199
17836,-0.1934048076877771
17837,1.8155261488884518
17838,1.279944622134525
17839,1.4502991626219388
17840,0.36727333666603634
17841,1.9255735954781987
17842,0.04978632804242971
17843,1.9978488964336634
17844,1.102632067009143
17845,0.6982326051446859
17846,0.3811340273794998
17847,1.4898226283919258
17848,1.768933218143733
17849,0.8709426182274247
17850,1.8793279948822135
17851,0.48237007130478676
17852,1.2741492775838186
17853,1.30066204987273
17854,0.2989163802805663
17855,1.182002312054591
17856,1.9753643659783524
17857,0.7934013505863652
17858,0.017625758030450266
17859,2.165922522067485
17860,0.6924977012954618
17861,-0.290421813215521
17862,0.4572052371424683
17863,1.429659567925896
17864,0.40947690326909236
17865,1.1178483867901867
17866,1.2876044624006173
17867,1.6584519061944676
17868,-0.0071283373336782085
17869,0.852380948829416
17870,0.20694141034282526
17871,0.9255889978940465
17872,0.11606868205752728
17873,1.2609063858647105
17874,1.0806840348287032
17875,0.04157595320096343
17876,1.400258339022124
17877,1.0989187017424662
17878,1.8424598988844734
17879,0.6494387131224054
17880,1.5860105928150048
17881,1.3551487916112221
17882,1.8797397803055294
17883,1.816607944074288
17884,0.7870244761123254
17885,0.8470263638905182
17886,1.336954829809426
17887,1.3243695524458554
17888,0.9681136224244995
17889,0.8275059427036752
17890,0.9796841710788634
17891,1.1607749669916085
17892,0.26352398618158535
17893,1.9331478571653047
17894,0.6908291811024333
17895,-0.12717043167422498
17896,1.7090633597116318
17897,1.6588545753749493
17898,1.9206693020717653
17899,0.282626297800848
17900,0.8193966434277943
17901,0.7381821366113611
17902,0.581956595043348
17903,0.6454616108570205
17904,0.2658718289606004
17905,1.5774247329464481
17906,0.040153353180025456
17907,2.1075553597379404
17908,1.3575691844604711
17909,0.04958192069662666
17910,2.1047916776001094
17911,1.4427685844580385
17912,-0.024412784145563284
17913,1.9380309350686447
17914,0.7861478783205104
17915,0.7169854528477417
17916,-0.20186548523119288
17917,0.32994537745650626
17918,1.4616051863578148
17919,-0.45636534729040956
17920,0.9601230607367185
17921,1.2422359662595368
17922,1.9580096139393084
17923,-0.2071980914151124
17924,0.28993204567881564
17925,-0.13496253975187233
17926,-0.13643632243950696
17927,0.2808075770375132
17928,1.211706563419573
17929,-0.06615027727436094
17930,0.21410476098709139
17931,1.3497658972233482
17932,1.928780691208948
17933,-0.010463206460100592
17934,0.2755329263090537
17935,0.7734976979472019
17936,1.3927551685216146
17937,1.238434750616273
17938,0.09045241143368306
17939,1.1533458054800414
17940,0.3766345528890423
17941,-0.019592066061162337
17942,1.731413905293336
17943,0.6044236795196447
17944,2.1348305330237496
17945,0.19291434185998635
17946,0.9626678434138026
17947,1.048535083658693
17948,0.0074401958581542076
17949,1.6402182202972526
17950,1.2810861176624457
17951,1.4889349599501367
17952,2.1098524526605633
17953,0.39670857266138515
17954,0.38508381411506815
17955,0.38663635642932104
17956,-0.15949516428893137
17957,1.7483541293968359
17958,0.1671784970013772
17959,1.1756809204108736
17960,1.8710389995611592
17961,-0.34685626029904476
17962,1.4433187037980837
17963,1.6159373043477259
17964,0.06168478626050549
17965,1.509508496707741
17966,1.0559939906172862
17967,1.7422909611694417
17968,1.6607975293383048
17969,1.5906077707466602
17970,1.8497374541530338
17971,0.5185981901704806
17972,0.7637407092704585
17973,1.0930606458595462
17974,-0.09115724739623701
17975,2.019933172051288
17976,1.173060438596755
17977,0.9693357294340057
17978,1.3669001951165958
17979,1.345063688619728
17980,0.1496368851845266
17981,0.2813016137890515
17982,0.4602202721897917
17983,0.7255051311754991
17984,1.0405566224343574
17985,1.0054568549604372
17986,0.6042272901155553
17987,1.034889198820172
17988,2.0074285806859917
17989,1.078041583738663
17990,1.2776342437852517
17991,2.7598598546500566
17992,0.07340384085335044
17993,1.4175955715874173
17994,0.5796711981654891
17995,1.3654544704287714
17996,1.3503518066435727
17997,2.4706099110609996
17998,1.1920146928841695
17999,1.7569096362978653
18000,0.8547044777340153
18001,-0.014837949604843081
18002,2.1730998525027103
18003,-0.0014341298238833636
18004,1.7522057979614765
18005,0.5551552191908631
18006,1.217468410983749
18007,0.429092989023314
18008,1.7158250131440949
18009,0.1173896660659228
18010,1.6374452622673095
18011,0.28038326132573543
18012,-0.18366012424316663
18013,0.8988606088283173
18014,1.0809279816294537
18015,1.9111229216026662
18016,1.6192917367692292
18017,1.461375360296865
18018,0.8495401944950163
18019,0.5241428317542265
18020,1.4110709515248527
18021,1.4639172963994915
18022,1.0402905685746024
18023,0.625365198634208
18024,0.17338372854927592
18025,1.139100154955125
18026,0.07657994513154337
18027,0.7124840171709846
18028,2.501479945002003
18029,0.8455363030633838
18030,1.6507378965903308
18031,0.9598567448060507
18032,1.913835903825912
18033,0.8354969050743295
18034,2.3428624800484967
18035,0.06445529548067597
18036,3.091636237592247
18037,1.3173844939000023
18038,1.775100286469433
18039,0.9396752733408776
18040,1.5913814390449084
18041,0.8018765091754959
18042,2.8263419932289695
18043,1.0690424502610836
18044,-0.18174289447046676
18045,1.0044222329180323
18046,0.33551444967723604
18047,0.2817533530836146
18048,0.6016223197489119
18049,0.15527356437372816
18050,0.8584495629530947
18051,0.8493453338258701
18052,1.6757915528626326
18053,0.2733281402965918
18054,1.033771093667738
18055,1.140980025171416
18056,1.1735670961516584
18057,1.7513499471823573
18058,1.833256865174683
18059,1.452027474281504
18060,-0.15439483117128874
18061,0.6208770873225543
18062,0.36502657531566624
18063,1.9691155768537871
18064,2.093465810347763
18065,2.0066176764308725
18066,1.7364720508936886
18067,1.1206368723137687
18068,0.9396270644486828
18069,-0.10971246458951486
18070,1.5095677136779413
18071,1.7557542730387383
18072,-0.6627439335859976
18073,0.9148227188437902
18074,0.4397000141752317
18075,2.384410425265977
18076,0.286255689164009
18077,0.548248307365198
18078,0.2459167173764977
18079,-0.06275342839030433
18080,0.5622376760213393
18081,0.19532065660517003
18082,1.391561116160263
18083,1.7958981355850996
18084,0.2968090488998641
18085,0.09006235074843061
18086,-0.20889620865362313
18087,0.4158239706844814
18088,0.2831326730072759
18089,0.9128540500151813
18090,1.7462277396464763
18091,1.4872780564103962
18092,0.6824468126765942
18093,-0.27330670739547785
18094,2.2315212750572324
18095,2.0456624729371455
18096,0.939003351956778
18097,0.30301366360618043
18098,0.8753692378991703
18099,0.9093624482169124
18100,1.4364042724192947
18101,1.8739756560495375
18102,0.284473595741652
18103,0.9394825416152166
18104,1.5785499481915533
18105,1.0018380614237818
18106,1.0654573747655047
18107,-0.016974059636265325
18108,0.2488849324395917
18109,0.9812433953299734
18110,-0.07495755546589453
18111,0.9641804389467746
18112,0.41595469012182035
18113,1.803593206504592
18114,0.0950127412331827
18115,1.6037281774507741
18116,0.8726991648516718
18117,0.18174906652920422
18118,0.8972714422709165
18119,0.9119981563732605
18120,1.6942254553050264
18121,0.0365319220042204
18122,0.6909805918233528
18123,2.1444713175315813
18124,0.9569133483996988
18125,0.6933170583497943
18126,0.8675772029607625
18127,1.0738976933161122
18128,0.19597632423750985
18129,1.6101144900404223
18130,2.365141741142785
18131,1.1861314670818235
18132,0.3748524207260027
18133,1.7247308728588244
18134,1.4926923996945751
18135,0.3476044168227956
18136,1.6146063029658952
18137,0.8440367362009935
18138,2.133108015879288
18139,1.8479206479637822
18140,0.6360074776187598
18141,0.6197112974785053
18142,0.08867278721522161
18143,0.4623626483807511
18144,1.386290243446106
18145,1.0492157450325017
18146,0.14349630193308127
18147,0.7293683670228918
18148,1.1615389324326362
18149,2.101481240206218
18150,0.9439557490987996
18151,0.7549937803609859
18152,-0.16151598441017692
18153,0.2230498891119056
18154,1.3580970063550752
18155,0.770103691428559
18156,1.3115092997231588
18157,1.2278988620877098
18158,1.249666907264237
18159,-0.2100152240108928
18160,1.7888688455348731
18161,1.5342779539240352
18162,1.4819201657495091
18163,1.4600055965117051
18164,1.4604531560811305
18165,0.7712556629498319
18166,0.6840878084357601
18167,1.7554358163392232
18168,0.294494334282355
18169,-1.2562480765502553
18170,0.9679567415311701
18171,1.0977113238450176
18172,0.9246827856181727
18173,1.743606931883056
18174,1.5921423856122083
18175,-0.04103474987951135
18176,2.0693531302228627
18177,0.8078571618649184
18178,2.241154108347096
18179,0.3931993293782595
18180,1.7575576381616955
18181,0.07565665771659551
18182,1.038930709575662
18183,1.1983529900107075
18184,1.7567182761593703
18185,1.2538539625286367
18186,1.089000390934526
18187,1.9119662846370167
18188,1.6899454911588132
18189,0.4045223863652898
18190,0.08744145936119566
18191,2.1292334094882133
18192,-0.09642090412174803
18193,2.033241299758239
18194,0.5985643937650236
18195,1.853540295695122
18196,1.2437431134867332
18197,0.11626544829755318
18198,0.868514732546766
18199,1.2655214478799854
18200,0.558327522915332
18201,1.2122422073914727
18202,0.6844518692786805
18203,2.034284404191941
18204,1.3750084635522581
18205,0.32247938657368413
18206,0.5642360208523794
18207,1.6023469991682209
18208,-0.10224247367354192
18209,2.116969400690997
18210,0.7847703696211057
18211,1.4503907999204062
18212,1.0924221857531489
18213,0.6412235795497383
18214,0.5747075494291572
18215,2.0010867590623365
18216,1.1575212565752677
18217,0.36837280111623527
18218,0.6089814421443126
18219,0.9978403956022489
18220,0.9936999511811193
18221,1.350614628048433
18222,1.7943503310233557
18223,0.26436887806991505
18224,1.3984826603067506
18225,-0.04992425431709108
18226,1.5767758904501197
18227,1.3408728795761418
18228,0.5348170508963093
18229,1.347189777398685
18230,0.6563422831744673
18231,1.3855321511558416
18232,0.7681845052857859
18233,-0.0402542700296112
18234,0.17961666599698012
18235,1.2491480916918303
18236,0.34318811665402266
18237,-0.042855298102656966
18238,0.0033548491285628687
18239,1.7009050084124318
18240,0.22211094346340476
18241,1.035434974982445
18242,0.8888037435213598
18243,-0.12807749619670386
18244,0.6975470317871104
18245,0.17689643187942214
18246,0.9470220186632936
18247,0.6991902391860823
18248,0.5726584996754865
18249,0.5068032226951447
18250,2.150486004664106
18251,1.43259442751519
18252,1.1025856659438493
18253,-0.014425396929600473
18254,1.9820183102712614
18255,1.8998463559417669
18256,-0.42506940284479733
18257,0.5546708056640739
18258,0.49528575845633876
18259,1.176415753895196
18260,0.28300968045036606
18261,1.5951662257561456
18262,1.8330490228211265
18263,-0.3097327664934768
18264,1.1612913721963116
18265,0.8116996812602179
18266,1.4934119491474502
18267,0.821334988009654
18268,0.5459210704983469
18269,0.7562598646245949
18270,1.2047876973885194
18271,1.6596243343112496
18272,0.940918992856641
18273,1.2160669655281047
18274,0.8132814166919405
18275,1.440820786381303
18276,0.691290901734117
18277,1.9487454900120569
18278,1.6932219670187467
18279,1.257633221989656
18280,1.8450794124748575
18281,0.8892569519285876
18282,0.0824656148580766
18283,0.6264059641439986
18284,0.5468891812257881
18285,2.405805341911094
18286,0.5933837983593327
18287,0.3569515770126289
18288,1.8785924822986342
18289,2.057272010934468
18290,0.1357121439342278
18291,-0.20262926672207263
18292,0.6034962047590309
18293,1.830633385879455
18294,0.2919924824215602
18295,1.8114793899909394
18296,0.5339203200577886
18297,0.7453369789634238
18298,0.5337270522503037
18299,1.400227632829646
18300,1.6495798405981215
18301,0.4826685166179152
18302,1.983757503899662
18303,1.3683650629448256
18304,1.0117271334687525
18305,0.9793087594825489
18306,1.3853316752665805
18307,-0.19234198360135432
18308,0.9593392287957178
18309,0.32139279591381475
18310,-0.11335698114001197
18311,2.0266234085554995
18312,0.9075768808620783
18313,0.7675182689444392
18314,2.070238723253697
18315,1.4349326344514908
18316,0.4993392405063282
18317,-0.12077751596061312
18318,0.0655237461727747
18319,2.2136063682756584
18320,1.2044075985156997
18321,0.35853406351261974
18322,-0.1968953765291509
18323,0.36102978528787016
18324,1.6255902648243823
18325,0.5791976275855863
18326,1.564762793166191
18327,0.8635711752796743
18328,-0.025081443251703014
18329,0.7377933669919458
18330,1.0676905506230883
18331,0.14697350290572336
18332,0.9245829029967607
18333,1.2178917106707103
18334,0.3009193174928959
18335,1.8294004612245607
18336,0.9972458106944946
18337,1.1426961038219252
18338,1.3537389999300364
18339,2.0338756948475463
18340,1.8186048352035118
18341,2.140070209638641
18342,0.04204320495936065
18343,0.5674471597639736
18344,1.0433241403344549
18345,1.3756925270782934
18346,2.1107106529469073
18347,2.375498577410679
18348,-0.11529266583057118
18349,0.4601153077662399
18350,1.2306047466349057
18351,1.5703335928519693
18352,1.2552310837043246
18353,-0.08126033997790325
18354,-0.1668053579339505
18355,0.8338978350243685
18356,1.1860732146881645
18357,1.7303373328893343
18358,0.9792058192068729
18359,2.0527819975801154
18360,0.21245771986039003
18361,0.20067583087160804
18362,0.5762526511802685
18363,1.116683911219736
18364,0.7593555340312407
18365,0.7957064370745156
18366,0.27181254039442004
18367,2.151046453919685
18368,0.619511652824444
18369,0.6014024533808873
18370,-0.6177325767787898
18371,1.9746360307522683
18372,1.7429799243784083
18373,0.9885847115448007
18374,0.21523220756765804
18375,1.5720240043992801
18376,1.642312464917702
18377,1.9510645910684385
18378,1.2313867275833914
18379,0.16188436951078183
18380,1.9386785076503608
18381,1.9757110530218078
18382,0.8254534777014808
18383,1.2452358347053578
18384,-0.014854304000057092
18385,0.38860360471221006
18386,1.2699478047036092
18387,1.9751399410112833
18388,0.9765887452722618
18389,1.6930808223808238
18390,0.2625811766724837
18391,1.5251995817050252
18392,1.1106542553452332
18393,-0.038325572109984066
18394,0.09450629409529604
18395,1.3735901834643758
18396,1.596172024542618
18397,1.7185990021568316
18398,0.6791733527616883
18399,0.4417965111481224
18400,0.04316826855641896
18401,1.1403138340044119
18402,-0.18707018777436732
18403,1.0090808372297793
18404,1.3563583378507
18405,0.1711485831015413
18406,0.7359842389889268
18407,-0.11058843696334014
18408,0.8232959027281266
18409,2.288151449065767
18410,0.9735102104793492
18411,1.7618752735182324
18412,0.9567884219787409
18413,0.9091598476718663
18414,0.3662145898737341
18415,1.687533662498824
18416,0.6785055070505001
18417,0.49766641178312715
18418,2.114083131898289
18419,0.1427209725441556
18420,0.48357777148493925
18421,-0.1787746261202355
18422,0.5011605382984953
18423,1.3496018143068091
18424,1.1249674167584542
18425,1.61088623026589
18426,0.23226824555582365
18427,1.6736477669246559
18428,1.6715052616255697
18429,1.4286574303039765
18430,1.6003109706244658
18431,0.4734386621329066
18432,0.25995812334048907
18433,0.2587834782424925
18434,0.36885163330548565
18435,1.5344099246076792
18436,1.3178995460040277
18437,0.8558799936137569
18438,-0.0595765627653496
18439,-0.01714073489998428
18440,0.2287729347562462
18441,0.3527950877462157
18442,1.2375890013014568
18443,0.467774643573209
18444,1.3413187452056514
18445,1.3525745545206633
18446,-0.38205844437772063
18447,1.0114754529757737
18448,0.56874481415902
18449,-0.11223941815247193
18450,0.45546408097020524
18451,2.081568575646405
18452,1.1179993537881612
18453,0.3526493429043066
18454,0.8153718047727855
18455,1.2126826401855242
18456,0.7632849499570832
18457,1.1666722821916222
18458,1.0473878534019145
18459,0.441732458733694
18460,1.113832008478069
18461,0.032627612840788786
18462,1.3470933101471703
18463,2.0066536686845775
18464,0.8296325655093135
18465,0.5250633032668424
18466,0.56765331387914
18467,1.5867687271934328
18468,0.8925540451491067
18469,1.674144355871099
18470,0.7022109348313575
18471,0.7969735117863623
18472,1.6979461133516147
18473,0.2034284235222166
18474,2.649264805141181
18475,0.7775646220028724
18476,0.32808485480699706
18477,0.14294971629733666
18478,-0.016320481345929047
18479,2.189651564780066
18480,1.229643678499913
18481,0.49906390059958083
18482,1.6956930019829712
18483,1.214457058003185
18484,-0.22297250968551122
18485,1.7896826233340193
18486,-0.1628377636183243
18487,1.6655085714060869
18488,1.9352324411140476
18489,0.21962876353844096
18490,1.0564779036139589
18491,1.3603706156949247
18492,0.8878299549452388
18493,0.4895632962552988
18494,0.6716174285337019
18495,1.5276677694438106
18496,1.1316070703841463
18497,1.0278408437690045
18498,1.4239862578037557
18499,0.1349822563422144
18500,1.2992403493222473
18501,1.081925851879142
18502,1.3585607890403242
18503,0.9208578954299682
18504,0.07504253300715001
18505,0.2840100136833827
18506,0.8095117694841006
18507,1.1900787054504773
18508,0.010201306051763809
18509,1.300653735902686
18510,0.7306833341599709
18511,0.5869939212360819
18512,0.33263118958046767
18513,1.4878360901399257
18514,2.011814379403769
18515,0.06820762076060698
18516,-0.08847436174600952
18517,1.2037898876365
18518,0.16916652542120658
18519,1.160794668190852
18520,0.8739188989537259
18521,1.2561499159807894
18522,0.27554883293147714
18523,0.5325499638932425
18524,0.11180062979554338
18525,1.3092526177443087
18526,0.521248120985828
18527,1.1085328148456681
18528,1.0422173611035501
18529,1.505682688858051
18530,0.46580480009071157
18531,0.6397864346052348
18532,1.4665909672749615
18533,0.11016064292992417
18534,0.6768634213098131
18535,0.6852091211311097
18536,0.46872152553187196
18537,2.1066986812991066
18538,0.15371463184344086
18539,0.1318119925999161
18540,-0.17914758174594864
18541,0.8969587385415891
18542,1.2280832619413597
18543,0.9944906409262692
18544,0.22946893390746664
18545,0.42724583562981266
18546,0.2818525212352639
18547,1.0790664422995098
18548,-0.10847753377232607
18549,1.802535667982688
18550,0.8302433167648351
18551,0.8421962845980476
18552,1.2157189827114065
18553,1.9416078148461364
18554,1.3051535216963406
18555,1.8275349117429407
18556,0.642835523809408
18557,1.9189539676081386
18558,1.7131736649896794
18559,1.698660778766859
18560,-0.03242124180664909
18561,-0.16297097633803412
18562,1.6270404859467975
18563,2.0518048883668847
18564,1.3371634354228916
18565,2.1447106639771585
18566,1.370013304008634
18567,-0.14815438943119008
18568,1.7783805496580118
18569,1.2026005403068507
18570,0.9604374881857548
18571,-0.20668790796072292
18572,0.034268904180011744
18573,1.3054723847152037
18574,1.7601392063351389
18575,1.6413833917046847
18576,0.4557880917036929
18577,1.5959781068481835
18578,1.2712935797694929
18579,-0.1518261744503696
18580,0.18068399336934382
18581,0.7436824747173583
18582,0.5738911679388022
18583,0.011823098590007158
18584,0.6468981527710271
18585,1.5031735218288333
18586,2.011651161758402
18587,1.2292584371270785
18588,0.9710725139233309
18589,1.3589608692696213
18590,2.5923775787016217
18591,2.086193220435521
18592,0.6364598641371979
18593,0.012549957149078143
18594,1.7754617531314396
18595,1.6480508512157774
18596,0.7136600866960326
18597,1.661555152442157
18598,0.6368975494957088
18599,0.6543374297499666
18600,-0.08914455249973378
18601,1.8688354872682997
18602,0.17349538829976882
18603,1.4259916559446584
18604,0.6356008256394701
18605,0.0045362458846977885
18606,0.11559779232329057
18607,0.32719506008445803
18608,0.9778158897012427
18609,-0.045775746623885304
18610,0.8770282472072821
18611,-0.11467804453177652
18612,-0.09127250022278172
18613,0.08987576316613985
18614,0.28208888864499015
18615,1.6868738013869868
18616,0.334861534365192
18617,1.6930706881100983
18618,2.206050009404847
18619,0.22574975823067758
18620,1.1101417965264226
18621,0.8689260254909514
18622,0.5286272956302117
18623,1.3270847228143536
18624,1.6713984920552867
18625,0.4605981174303971
18626,1.588999832654945
18627,1.4880068134407753
18628,0.39933010898732413
18629,-0.16612608431842213
18630,1.3424477664204006
18631,1.448343596888203
18632,1.774387738177289
18633,0.9127363367780158
18634,1.5365471238938453
18635,-0.04933699979077909
18636,0.6764777113502697
18637,0.23834905800085018
18638,1.903014817721675
18639,1.4488855377689558
18640,0.04012523138982303
18641,2.138854198404692
18642,2.251198574818026
18643,-0.0740525522779063
18644,-0.04359081180786721
18645,0.29413555430415816
18646,0.7738365133743292
18647,1.4419604585613965
18648,0.31490829171417545
18649,1.7284280455343835
18650,0.9772708402865605
18651,2.01043956283542
18652,1.4308500650223532
18653,1.4401169362642072
18654,0.7511805784714443
18655,2.173005809550307
18656,0.20015061392249345
18657,0.9256267190838985
18658,0.6049866766537396
18659,2.055674836632566
18660,0.9768042224310597
18661,0.0951512444027876
18662,0.35419156330251145
18663,1.2624151526164065
18664,1.4637541159283702
18665,0.3568844000711168
18666,1.9726911527017883
18667,-0.07399003744278365
18668,1.1515354673904645
18669,0.3524185773862446
18670,1.8966580245965743
18671,1.840909382427909
18672,2.256263125631037
18673,1.0243807046231326
18674,1.1715688169100293
18675,1.0825704615425598
18676,1.5893475208750385
18677,0.4274974711092172
18678,1.1325605032477377
18679,-0.1509763354848217
18680,0.25385032050264045
18681,1.7324526862092389
18682,0.7663521864431121
18683,0.6288999390939861
18684,1.1746695502725946
18685,0.8362591002937154
18686,0.851630672841133
18687,0.308792931544647
18688,0.26176421984715603
18689,-0.08081384129510427
18690,1.3318762479308914
18691,1.0956732449976523
18692,1.4699131165039336
18693,0.46776498080746515
18694,1.2065668342272151
18695,1.9746054303922729
18696,0.9532174914769722
18697,0.4949346197952373
18698,1.3327169695119285
18699,-0.05946834460638367
18700,1.7189788646103623
18701,0.5522019224094854
18702,1.1042320498224047
18703,1.6179720109752114
18704,0.9307292899659237
18705,0.88471620568812
18706,0.16201338122993586
18707,1.6475214886594243
18708,0.20406537972932243
18709,0.975030835018287
18710,1.4529188299208733
18711,1.5414852942438981
18712,1.015689866428869
18713,-0.16275049043191991
18714,0.6892711336527522
18715,0.4442174666614224
18716,0.6627365384318661
18717,2.136244834346297
18718,1.426284740807073
18719,0.6827049430976286
18720,0.8479588162260736
18721,0.7601220164103338
18722,1.4435365598609038
18723,0.4664400491915297
18724,1.8905798033189165
18725,0.7200548102453765
18726,1.6146247423562896
18727,0.8135927947860789
18728,0.2980099781633165
18729,-0.06642348174341445
18730,1.2225823274016268
18731,0.9838325715591212
18732,1.1640738619074098
18733,1.4674467596927616
18734,1.7490126452308965
18735,2.064666099187992
18736,1.8886582325226047
18737,-0.1615666408248662
18738,1.8506608667718862
18739,0.3920270657870106
18740,1.4582699118227673
18741,1.1042457026018364
18742,1.0034016571660231
18743,-0.3631691319762635
18744,-0.05023654370627474
18745,0.8450879130989138
18746,0.22881534194584274
18747,1.5035398584416257
18748,1.1610723628990973
18749,1.3530700368518516
18750,2.154806564609891
18751,0.6808790473983005
18752,1.7611811115121827
18753,0.5952452218332202
18754,0.22247053945163608
18755,0.9224234436968703
18756,0.9148991431025482
18757,1.4725821817757097
18758,1.5332551694886467
18759,0.5373724067377692
18760,0.3432776707330306
18761,0.265729122561201
18762,-0.03581962957567588
18763,0.7950962631249896
18764,0.7938119576395148
18765,0.5361370220218026
18766,0.11195411078622547
18767,-0.0955313860999501
18768,0.7050899434991086
18769,-0.09210791366523097
18770,1.7983079315149215
18771,2.1639638752808246
18772,0.14706932257456426
18773,0.015674269245607882
18774,1.539515236469943
18775,1.013879707621303
18776,1.5334261914893736
18777,1.3580362832707755
18778,-0.1340087918697282
18779,0.7778768763479161
18780,1.1870970597529726
18781,1.1369979392658331
18782,0.7517446433122039
18783,0.91008518078215
18784,2.3015157479283292
18785,0.45118013266872836
18786,2.285903414880966
18787,1.2731870109008376
18788,-0.5915265046078905
18789,1.3914042316930477
18790,0.7062440143237015
18791,1.4396087746261803
18792,0.2390322656440572
18793,-0.12103266139075008
18794,0.3242596121935576
18795,0.3585177537712973
18796,1.6813864113209307
18797,1.992789047778512
18798,1.4858611635448236
18799,0.8314102393228606
18800,1.4889260534005226
18801,0.7523830792630185
18802,1.7363400444585353
18803,1.84465902292094
18804,1.4835099398239697
18805,1.1702476573871672
18806,1.7940053523181239
18807,1.5146715467439111
18808,0.2884460345639676
18809,1.6438252898927903
18810,0.6050017630213123
18811,-0.05632550909231193
18812,1.0821405375663584
18813,0.21992482099691285
18814,0.058461585899655166
18815,0.6283073944653974
18816,-0.18342486296993185
18817,0.27523986219542096
18818,1.2147474372416807
18819,0.4351884994566675
18820,0.11928883321523892
18821,0.9914734255280047
18822,0.34584942948291947
18823,1.572939319376768
18824,1.3360516362730313
18825,0.8831438548047714
18826,1.8914395103940196
18827,0.5039439613934925
18828,1.5850998917465047
18829,0.4274700006295645
18830,-0.0420120137227791
18831,1.2914092879840517
18832,2.1304964511040945
18833,1.6262381200073506
18834,0.6363550605748992
18835,0.4139194697968895
18836,1.2340135899280216
18837,1.9269084864966282
18838,2.2195666869552566
18839,1.5726973668751554
18840,0.3006597585876462
18841,0.7822742638149782
18842,2.1694140327312246
18843,1.0142407744015567
18844,0.656779346860879
18845,1.9890403549888789
18846,1.6168810053071894
18847,1.267227940398452
18848,0.8366593470333945
18849,0.8286816461512604
18850,0.0568090070417967
18851,0.7655952055729647
18852,0.5791687739964062
18853,0.6132962244678947
18854,1.2954194110948456
18855,2.414818799160619
18856,0.8695180041004887
18857,0.5988450324991195
18858,1.7360335682751833
18859,1.9710911716858501
18860,0.19318386404372428
18861,1.3299667679368015
18862,0.5507736072014989
18863,-0.09038382991671999
18864,2.051512579459973
18865,0.32410982351059936
18866,0.28968423492838574
18867,0.9189493872698294
18868,2.148513694485881
18869,0.9136201988088147
18870,0.42305245574158906
18871,1.1337604588510277
18872,0.7994592205752556
18873,1.2044473367888793
18874,1.1111691725844763
18875,0.4338680744883079
18876,1.2959418019615294
18877,0.14771558339612356
18878,1.864847776655
18879,1.2199182540715017
18880,1.7493880637799641
18881,1.221583886907334
18882,0.8574019215278754
18883,-0.12389511375289858
18884,0.8348858082393077
18885,0.2258618237937811
18886,0.03160880088269956
18887,1.4740101139840904
18888,0.46921461102328627
18889,1.2674275897561125
18890,1.2968302784745052
18891,0.7446304671678944
18892,0.6812545337838549
18893,0.5069180996138143
18894,0.994559866821521
18895,0.7172716708351909
18896,1.8963529106798604
18897,0.9310162925453688
18898,0.7902193676629639
18899,0.3643077701569794
18900,1.3930834957138518
18901,0.7025285348063492
18902,0.8716756959429397
18903,1.6118687013388577
18904,0.053258198953679114
18905,2.1418341837485024
18906,0.8846364408217201
18907,0.6876393628811841
18908,0.19648936308900386
18909,1.5320534882465027
18910,1.4948161210647255
18911,1.7796966315286438
18912,1.4633840103769775
18913,0.8144305269927666
18914,0.1801619685889939
18915,0.11646737773102823
18916,1.1099379277616643
18917,0.556720374650534
18918,0.8997103854582229
18919,1.1718940001069666
18920,0.7076645928023125
18921,0.42580052169932703
18922,-0.0134625024268588
18923,0.2728268043871726
18924,1.025424870217094
18925,-0.04536874840371809
18926,0.9986027296068826
18927,1.2431180865662101
18928,1.2759352920024571
18929,-0.02051045672498151
18930,0.35850257199118846
18931,2.1530657310033146
18932,0.6932767518410793
18933,1.7214294665838747
18934,1.8680374032303704
18935,0.309697517470586
18936,0.3371584029789406
18937,1.740869716287238
18938,-0.20984985459826452
18939,1.2017013093718292
18940,1.1672455650345854
18941,1.360128541234977
18942,1.645233980470032
18943,2.128350565855934
18944,2.038015123217036
18945,-0.1579838133303278
18946,1.9913899686853722
18947,1.6912652998374447
18948,0.6093810495332561
18949,2.2484588351530364
18950,0.7640945230768342
18951,0.2795656438892075
18952,1.2044539129551444
18953,0.35928390229418444
18954,1.3822490173726156
18955,2.075467064888744
18956,1.481813000613504
18957,0.820158256992608
18958,0.47623745728150924
18959,1.0734061596922633
18960,0.44573643988322714
18961,0.5928492615520045
18962,1.7382327758364844
18963,1.0952872034202843
18964,2.108984610034922
18965,1.4559237845097748
18966,0.7666878602012965
18967,1.8185920479519477
18968,0.020597575540834044
18969,0.7803275661722866
18970,2.0176172132863464
18971,1.7704970800347777
18972,0.027001824231196174
18973,0.8201728335187253
18974,-0.03740673238905275
18975,1.6298652785463432
18976,-0.015531207277506724
18977,1.5093472133143815
18978,1.1086067056020639
18979,0.7124443000095765
18980,1.4888534943457044
18981,0.3771193387506795
18982,0.2858074391993697
18983,1.1759812161248613
18984,0.6759601029683434
18985,0.7124229870474611
18986,0.7419789103130221
18987,0.7163578882899518
18988,2.6017710370757854
18989,0.6731049639316179
18990,0.17312699341621068
18991,1.5498843489856056
18992,0.4891542750697485
18993,1.4662298138482501
18994,0.8257949221025602
18995,2.6632891607210123
18996,1.237725016268602
18997,1.8846767572814982
18998,0.620051942321864
18999,0.8349557867115859
19000,0.5904762050110917
19001,0.8848943329691042
19002,1.81348002229659
19003,0.28711346960182244
19004,0.39029933646525494
19005,1.033317188727915
19006,2.1625874837573194
19007,0.4254351374710002
19008,1.1151990460633543
19009,1.3349296100950179
19010,1.1191699118790117
19011,0.31998986288613124
19012,0.9486907968354881
19013,0.5246569470358244
19014,1.5142276622252002
19015,1.4357164998682643
19016,0.8103641699722595
19017,0.5537313386454721
19018,-0.060564200848853916
19019,1.5745495269384966
19020,2.1136047799527224
19021,1.22437033899181
19022,0.9045286733415117
19023,0.7544901710832406
19024,0.6253234618471502
19025,-0.2916717375258731
19026,0.6364809036560487
19027,1.3552088406952514
19028,1.4470420106409603
19029,0.6283673887119975
19030,2.1719554737497666
19031,1.0269322678313382
19032,0.44464219447460096
19033,1.3214791350293225
19034,2.104941995537179
19035,0.7122685553977917
19036,1.6159711364123415
19037,1.6165018812308798
19038,1.1299415719266368
19039,1.7335385198483002
19040,1.3230490305054723
19041,1.2092696488801704
19042,1.3031493783705468
19043,1.018121999535569
19044,-0.16100349903614294
19045,1.022566567297566
19046,1.536330712122246
19047,0.9703810715839668
19048,2.2228786894804933
19049,1.518950544405283
19050,0.33391897097540535
19051,1.9976462499857528
19052,0.20359571237958773
19053,-0.1391728895730735
19054,0.41999682617147005
19055,1.2533451434926999
19056,1.1807027503847816
19057,-0.16442925106508258
19058,0.17529507483230025
19059,0.9265200128414586
19060,0.6048592906536102
19061,0.5424358794713522
19062,1.076197688583267
19063,1.9911467856498832
19064,-0.23354194644146797
19065,0.6938125056757615
19066,0.3529651775683418
19067,1.4348630607501842
19068,0.4345961310035704
19069,1.3792832673181643
19070,0.7246381199095205
19071,2.014693493608919
19072,-0.15372765707437314
19073,2.2052504931055323
19074,1.0855622426281206
19075,0.9007693042020604
19076,1.0054879719565468
19077,1.1039274347658565
19078,0.44787719917501706
19079,1.1073797347728784
19080,1.546108787521313
19081,0.7245932223725007
19082,2.0712428589395526
19083,1.1269728897551965
19084,0.8067628795780222
19085,1.4125473698909108
19086,1.0716799827295067
19087,2.306852572011742
19088,-0.6240271133275216
19089,-0.12548420419269882
19090,2.1611555771398288
19091,0.9503071336335734
19092,1.0305578590721631
19093,2.049101919949953
19094,0.8670204138085448
19095,0.2667107990799844
19096,1.865997693244754
19097,1.333711747308908
19098,1.2717561515395783
19099,1.0286725305386386
19100,0.6794205194334869
19101,0.5952103108737348
19102,1.9416562369559942
19103,1.2352293153202432
19104,1.728594547469247
19105,1.7683325825601532
19106,1.5172687172039767
19107,1.8630409465681628
19108,0.8331485343396184
19109,1.0836636097055379
19110,0.3984255966827804
19111,1.6729721553239014
19112,1.3907483348022194
19113,0.8292397607508493
19114,0.3083921274506327
19115,0.3982579990387786
19116,1.3049570471014182
19117,1.4329378257129344
19118,0.311147302172051
19119,0.5402134553128932
19120,-0.10986119952806234
19121,0.9939755261339497
19122,0.05092472382153897
19123,0.30229811554293845
19124,1.0066283360429913
19125,0.3051384521020775
19126,0.7229156875414262
19127,1.7312223697230074
19128,1.5718199218638516
19129,0.7341684669643338
19130,0.005609989188769527
19131,-0.13085073815588336
19132,0.3269130620894029
19133,1.134340868389332
19134,1.5754338171605362
19135,-0.07046500804398871
19136,-0.018254856343224747
19137,1.0500780609755318
19138,1.2805549179087412
19139,1.005587674190865
19140,0.21599494861558088
19141,0.11510963896832789
19142,0.8484504941193602
19143,1.200640482939986
19144,1.6934570721780364
19145,0.552000787587092
19146,0.7742325996248991
19147,0.2649657532017028
19148,1.2829014464442325
19149,0.5521669241633054
19150,1.0613826678840022
19151,1.1838691819940848
19152,0.22344473415559868
19153,1.1340109795875064
19154,0.4852579058977621
19155,-0.1313149274381006
19156,2.041024106080708
19157,0.2219622514058572
19158,1.9639577311959024
19159,1.192850257416069
19160,0.8341725625311737
19161,1.973954304634519
19162,0.9370629447194168
19163,1.373429838760562
19164,0.47674533144987424
19165,0.994539601230276
19166,0.5099863447166163
19167,-0.5805006869104783
19168,1.4359362475319204
19169,0.23243236731612515
19170,0.3700417044667614
19171,0.6746149014639798
19172,0.029303285721208362
19173,1.1959829866600815
19174,0.760494395591909
19175,0.898894836979503
19176,0.04821455686841573
19177,0.045536142627601785
19178,0.22900297862632302
19179,1.6593703618167048
19180,1.2939469824494068
19181,0.939053923771124
19182,0.5192492592602215
19183,1.936133955517939
19184,0.0413152186085205
19185,1.989610311302549
19186,0.23602069539679088
19187,0.8972047616820317
19188,1.3923683477606867
19189,1.2622092662213862
19190,1.1395415985004322
19191,1.5635800092538368
19192,0.5526877638687486
19193,0.9131265721880479
19194,0.4749686270639352
19195,0.5700657591116857
19196,0.5312220843234217
19197,1.4157097270527286
19198,0.7411241140071884
19199,0.7832044070606508
19200,0.5888150659764418
19201,0.3500275267564502
19202,1.128589511273527
19203,0.7750025127482009
19204,0.6137428309526786
19205,0.544580393006798
19206,1.8470695787423128
19207,0.8126691129402028
19208,-0.14609357814895946
19209,0.06108507250772081
19210,2.114013297848334
19211,0.8243197018376522
19212,0.06850431701848983
19213,0.7213429950827029
19214,1.1994052008774558
19215,1.2393422947770296
19216,0.37157954346156313
19217,-0.09884684613170171
19218,1.100536325837251
19219,0.46793294532589713
19220,1.999860389180754
19221,0.005272106681635202
19222,1.6062232874849989
19223,-0.11502625450980086
19224,0.6120418698081728
19225,-0.13471667037067753
19226,0.9447845770274881
19227,-0.047275395188600494
19228,1.5591357243773654
19229,0.4866511930011415
19230,0.8855771414672954
19231,1.984600849125168
19232,-0.16406193341661224
19233,1.2819408304171445
19234,0.7921235048321914
19235,-0.09589735113580293
19236,0.2667344213889229
19237,0.503188661423126
19238,1.631462204279328
19239,1.1383218103995996
19240,1.518909872184067
19241,0.7652431782919541
19242,1.159810544097555
19243,1.8351105857197234
19244,1.429429976893921
19245,0.5122375291966945
19246,2.6349610077433274
19247,0.31566921255554725
19248,2.254413269079336
19249,1.4742960720234544
19250,1.372663444621683
19251,0.5912354992282228
19252,1.6636944388267745
19253,-0.34394623478390546
19254,1.5292806271914392
19255,0.7744440607642279
19256,0.8823631482594078
19257,1.243944284222223
19258,1.0613438837356879
19259,2.1224429779605996
19260,1.6831456666685518
19261,0.22625716235540747
19262,1.6265725555513864
19263,0.5246691346679813
19264,2.136636944866784
19265,1.8199094290237905
19266,0.6386002384500723
19267,1.264456246482525
19268,1.3673874578735756
19269,-0.013395482446393991
19270,0.9467351371267976
19271,1.4580246214986579
19272,2.041145318350028
19273,1.9872461827203585
19274,0.10801585819904229
19275,0.06851662443060846
19276,0.9333378814423495
19277,0.7398098730956623
19278,2.155347811143727
19279,2.0853410431637913
19280,0.6887032310133211
19281,0.7588206390173431
19282,1.8485032462645838
19283,2.160882317104787
19284,-0.1550312913866802
19285,2.0080369848926956
19286,1.6191867482451732
19287,0.7657434929772007
19288,-0.37158500902818464
19289,1.2355033825847221
19290,0.3838272017522891
19291,-0.004381512913789631
19292,1.4879147863416915
19293,1.0904262180374598
19294,1.2763920937772733
19295,0.6662175032511058
19296,0.22631269837849272
19297,-0.18172923646732964
19298,1.0119259569824177
19299,1.97223762227669
19300,2.1254213750552777
19301,0.21444806285689808
19302,1.0721738874574838
19303,1.292133510618911
19304,1.5189969603144058
19305,1.1398438139653946
19306,1.759464747498135
19307,-0.2618825612270463
19308,1.936707773878743
19309,7.5252712990765e-05
19310,1.8807133473570645
19311,0.6391681721270551
19312,1.7446242140378558
19313,0.07441216971279527
19314,0.43900893486935694
19315,1.0912442584187794
19316,0.14131192482374755
19317,0.24140623449015491
19318,0.5694750402767391
19319,0.589411791700404
19320,0.29473420483423873
19321,1.7672075137216254
19322,1.0718101449397128
19323,0.163621901057987
19324,0.4298233524465359
19325,1.993928182502713
19326,2.093230717742769
19327,0.245210857948791
19328,2.3386299897168006
19329,0.5857075119243218
19330,1.9177212082783273
19331,0.556575804858989
19332,0.4150470143942852
19333,1.4635698230096172
19334,1.989077811973997
19335,0.6909947200463836
19336,1.548107714127276
19337,1.0227756598811764
19338,2.086237952610212
19339,0.8633339049015905
19340,-0.15148416746700633
19341,2.190708821139147
19342,-0.15506295049467594
19343,0.3913328853978962
19344,0.9127074033411167
19345,2.011298662107822
19346,0.6461353379642656
19347,1.0512158441902142
19348,1.350723640407852
19349,1.649998510240521
19350,1.895420282166317
19351,2.0928304914362497
19352,0.10608170507305623
19353,0.21119857547063325
19354,1.5566075074891619
19355,0.8312682279226389
19356,-0.15495359258798133
19357,1.103717419788016
19358,0.3937439335894698
19359,1.759008618033238
19360,1.055338494429398
19361,2.0646468431345273
19362,2.0183588232733296
19363,1.736629684723119
19364,1.1847169220532972
19365,1.617506171591836
19366,0.5459562537980798
19367,0.6658548479623979
19368,0.06998713939332582
19369,1.3001537567564392
19370,0.36984799394310464
19371,0.44731869366180155
19372,0.04108124560024368
19373,2.249442783591446
19374,0.5752990169361034
19375,1.1682121064407949
19376,1.881850956253716
19377,1.2379313398662393
19378,1.1719032445731266
19379,0.7758569163918525
19380,0.3063132499495352
19381,1.0283774602429134
19382,-0.2107879694591941
19383,0.09548727520946385
19384,1.6835736904712968
19385,1.8579096738227816
19386,0.8189343622319626
19387,0.6139271714978799
19388,0.6219515946778852
19389,0.6577403747121938
19390,1.381568942875873
19391,1.0728560626247599
19392,1.0549606750140084
19393,0.14188557313258726
19394,0.17496809150086914
19395,1.9076736752151076
19396,-0.2553870149033194
19397,1.1551183683409239
19398,0.5373632720886551
19399,-0.34442248894068356
19400,0.8008810815650138
19401,1.0194265557385263
19402,1.1118377728068047
19403,1.4213226363649751
19404,0.8818575841273855
19405,1.6814086765676484
19406,0.8728708870469603
19407,1.0218444858512274
19408,0.5407689226342057
19409,-0.11276184783315965
19410,1.1186768471374022
19411,1.4786046819648546
19412,-0.19330486014935466
19413,1.8465266429320597
19414,2.0948975274561206
19415,0.2530030056395859
19416,0.546853937091533
19417,1.8360259226941462
19418,0.44497682353624407
19419,2.115478173808301
19420,0.010735083921697298
19421,2.1320512972563117
19422,1.2262062301690937
19423,0.26023449908662866
19424,1.8588904838285667
19425,1.2825036254055888
19426,1.257195396600265
19427,1.974441786079108
19428,0.972679296894585
19429,1.2148390192710798
19430,0.5176774573348751
19431,0.8171957894300105
19432,-0.17663906241524352
19433,1.8795770323103975
19434,2.2209687390273483
19435,1.662122501433338
19436,-0.13388185856879528
19437,1.4526794685858615
19438,0.3544149127046842
19439,0.0052561728160707005
19440,1.0825731551456061
19441,1.3164554110871756
19442,0.1760633061956344
19443,0.3741757091048188
19444,1.1358390528984204
19445,1.3326657623378355
19446,-0.3720771148995695
19447,1.4646892953940076
19448,0.6622161002755408
19449,0.4505141044177463
19450,0.0571980021102133
19451,-0.08167220290484312
19452,1.3521794512679801
19453,2.036490705499622
19454,0.586537174613093
19455,0.35054515942661507
19456,1.9021756237285685
19457,0.954249221802237
19458,1.6292979153265097
19459,1.6630663089090745
19460,-0.449876629393584
19461,0.7560992675684549
19462,1.3495375496072133
19463,-0.18608711492612404
19464,0.5982840569166287
19465,2.064257860645321
19466,0.07840017732095124
19467,1.984200400976238
19468,1.6610801559168862
19469,0.07148860357302808
19470,1.146309384169028
19471,-0.19626880003896244
19472,1.5401501951479553
19473,0.050077975105262365
19474,1.6071793360196716
19475,0.97257839631642
19476,0.1450186515363866
19477,0.6646705975300817
19478,1.3109539969825064
19479,0.5364414473240919
19480,2.3916943037350604
19481,1.1752552804249639
19482,0.0019413157696256157
19483,1.4042707975120805
19484,1.6410097999390363
19485,1.0842275755754753
19486,1.7096145533679572
19487,0.9365846230266938
19488,1.4596053558909212
19489,0.2004052613110788
19490,0.8300657852853045
19491,0.8541902399287661
19492,1.4595515747490608
19493,0.5540428963746888
19494,1.2690864568971234
19495,1.0663506277737205
19496,0.9036114009812068
19497,1.4133623176426948
19498,1.8759095494300921
19499,0.21744839681975675
19500,1.8084248612232443
19501,1.7390282776528665
19502,-0.23391630555842258
19503,1.4055129173212417
19504,1.522975872022527
19505,1.666539802728424
19506,0.5210858016889014
19507,0.3623667534886468
19508,0.7501311670614009
19509,0.005805519859959373
19510,2.471731777928902
19511,0.8260044894971058
19512,1.5185321703795864
19513,0.2566179392251008
19514,0.8776706858561922
19515,0.08778116100091454
19516,0.11562722929443339
19517,1.1795966533656326
19518,1.4097987960128888
19519,1.8021714261049233
19520,1.0676969328650023
19521,0.882576763720869
19522,1.2672051122833703
19523,0.60317405076932
19524,0.5077863067166055
19525,1.714173940668919
19526,0.9691305917943462
19527,0.846113660996202
19528,0.6923660049130165
19529,1.677092713340613
19530,1.1624562165349142
19531,1.6883357159145702
19532,0.8713115064000061
19533,1.258280071700909
19534,0.7464585868107521
19535,1.2698604269655152
19536,0.8529154718730431
19537,1.442913953795783
19538,0.7805727793205043
19539,0.056434804770327716
19540,-0.36033768157514623
19541,0.547476204858172
19542,0.07662486380193988
19543,0.5209186755127457
19544,1.15884068734026
19545,1.128803599999174
19546,0.43204752699192567
19547,0.8714152659564135
19548,0.5155825461339453
19549,1.2288289147296043
19550,0.9696208156302433
19551,-0.17539555910370952
19552,0.9603817772778538
19553,1.6986816677367977
19554,1.1766913777621502
19555,1.0700730566486416
19556,1.6173903866868127
19557,-0.1735250404289229
19558,0.5556544077726681
19559,0.799317311281357
19560,1.68826275727732
19561,1.639592655081524
19562,1.4119664004114163
19563,0.742292072141528
19564,0.12124219457344765
19565,1.606201449869727
19566,1.9952630070848087
19567,0.6903712417886558
19568,1.4095736416384697
19569,0.9339392825272863
19570,1.1397395022256334
19571,1.3009683845362718
19572,1.5470114219836872
19573,1.0058931224893128
19574,2.135234855721828
19575,0.4428567152943061
19576,0.21723298420328147
19577,2.039617593778213
19578,1.9431790984992177
19579,0.6229932138068252
19580,1.1653301856655487
19581,2.1025786719645163
19582,0.9986763441716184
19583,0.4984183470500221
19584,0.5602588984067717
19585,0.5126570141955019
19586,0.7226444658615911
19587,0.4281171569228102
19588,2.053378767593305
19589,0.2242166040001264
19590,0.10666900342125314
19591,0.5933423501790248
19592,0.6226487753312467
19593,0.7405038991676581
19594,1.3520226817465195
19595,1.7334499314964131
19596,1.055777260765824
19597,0.6503260487535222
19598,-0.09074801124369057
19599,0.543566612914118
19600,1.4079020272807359
19601,1.884878940751565
19602,0.8982396850720632
19603,0.32458272833532303
19604,1.2153963256422293
19605,0.030760061342628108
19606,1.41737998492759
19607,2.112155776063014
19608,0.013631406535063473
19609,0.8155408651622948
19610,0.13824861419668028
19611,0.035910211724101755
19612,2.303171118526487
19613,1.385217373080709
19614,1.0847865010480109
19615,1.0714244916531643
19616,1.7430506262020564
19617,1.201206787518358
19618,0.9761201225655508
19619,0.43921638977584593
19620,1.082054993139234
19621,0.4491780810159131
19622,-0.045852735994450965
19623,1.1208893807440692
19624,-0.05962734921812225
19625,2.0648830013475568
19626,1.3096754140188336
19627,0.8771906364922357
19628,1.0380365600160335
19629,0.012483146269106474
19630,-0.38269739938417496
19631,1.5510959005094211
19632,1.41061643687941
19633,0.6612797928369644
19634,0.04795041490817135
19635,1.83949584846339
19636,0.5532680624154992
19637,0.14422426188591678
19638,1.830224254381529
19639,0.755085848426842
19640,1.6311804099076463
19641,0.8285444120926372
19642,1.9073814756811838
19643,0.8864563357033401
19644,1.1796384357699283
19645,1.7138043847883226
19646,1.3462050743522243
19647,0.2457479695063312
19648,1.1016839836063348
19649,0.3385636202194016
19650,1.6181068698191767
19651,1.418886255759083
19652,1.5203510455686353
19653,1.5182790148123746
19654,-0.046348337577293605
19655,1.0343937778220376
19656,2.0767892143084365
19657,0.1493636669982763
19658,-0.17815695291716424
19659,0.5461387954176522
19660,1.3213989654778955
19661,0.4743296561409192
19662,0.16128658247889444
19663,1.711302719556299
19664,0.680645031626984
19665,1.0152844994527133
19666,0.26937214357041106
19667,-0.15544601556093304
19668,0.3997296010426219
19669,1.4285907958568784
19670,0.5397977786019534
19671,0.9294582232201365
19672,0.598696909811191
19673,-0.11099425720084335
19674,1.3290915608577398
19675,0.7409934977393101
19676,1.4054853985968054
19677,0.6862765669713456
19678,1.339796755251744
19679,1.4979792912129475
19680,2.3337035774834534
19681,0.8336547781942114
19682,1.3926713438646612
19683,0.6369679047574687
19684,0.7331970208224684
19685,0.5817053699311058
19686,1.2416075560853
19687,1.3768449109936478
19688,0.712993114171632
19689,0.2824575786610282
19690,0.7166571613009295
19691,-0.05568262379488305
19692,0.1713001922535158
19693,0.3595162910619345
19694,0.11832190115324179
19695,-0.03679813374012039
19696,1.7448333766838127
19697,0.38499077626693756
19698,1.162956959867443
19699,1.5490250572390134
19700,1.956853597746597
19701,0.09290268454225468
19702,1.1547941820208485
19703,1.2064370458747793
19704,1.4381813916200803
19705,0.3639551717745868
19706,0.1863756014627562
19707,0.811539844703999
19708,1.279226465085501
19709,0.9588622026414737
19710,1.8539284738392188
19711,1.679891096277231
19712,0.5842663467420639
19713,0.12834275558597252
19714,1.529380969431473
19715,1.546445546954975
19716,0.1647406280797391
19717,1.3843487692107703
19718,1.4880315704361426
19719,0.044657842877593126
19720,2.0746217808370258
19721,0.09719161490290382
19722,2.1187022371202455
19723,1.8902306475018051
19724,2.1410708950584034
19725,0.7696396538675176
19726,0.8665761436044301
19727,0.05724030726556645
19728,-0.10412461557989458
19729,-0.3941760613409037
19730,0.8350402441781699
19731,0.17888019930769794
19732,0.2607514973128561
19733,0.3853740672939431
19734,0.007850879573341053
19735,0.2207317658001609
19736,1.1841877541156838
19737,0.13613964724839717
19738,1.8514027130779216
19739,-0.6127047039944421
19740,0.7597309686372482
19741,1.9812631794636952
19742,1.3737611344322223
19743,1.2946314333532283
19744,0.5049135089053052
19745,0.29000249200176587
19746,-0.19792303114860052
19747,0.8152890198983613
19748,0.18772233717931225
19749,1.018692683058452
19750,0.21091144995427288
19751,0.6740091906886972
19752,1.512634376073778
19753,1.3646748063811611
19754,1.301564038660716
19755,1.6398270223052098
19756,0.08781256949484559
19757,-0.0029911272512128315
19758,0.5800947842268245
19759,1.5683414599678553
19760,2.2339871268144256
19761,0.4695786529818591
19762,0.12417232444841114
19763,1.5631059141698735
19764,0.9054126990248856
19765,0.289086799488919
19766,0.17571743166317805
19767,0.13079262649893536
19768,-0.009888867957185077
19769,0.9526823136899927
19770,0.10409307027557874
19771,1.5556811580569714
19772,2.0982207353843503
19773,1.4612842240307946
19774,1.4872804077873858
19775,-0.021420043534684546
19776,1.9621252446105681
19777,1.6211105776972652
19778,1.5434281760823798
19779,-0.022173612542071376
19780,1.4051968644465505
19781,1.3199867909122007
19782,1.1520061082437691
19783,0.6985271169632324
19784,1.0583650494125987
19785,2.078818221916305
19786,1.4140036431361436
19787,0.8322607957482093
19788,0.3369808781711647
19789,2.187173921106437
19790,0.589091855094077
19791,-0.07955571775465003
19792,0.7844026348972652
19793,1.471383751740494
19794,1.2769400894436047
19795,2.004688320644249
19796,0.22338094650140142
19797,1.091513104242558
19798,1.5809485335441695
19799,-0.16504497517340969
19800,1.109471590811476
19801,1.168531415818593
19802,1.6553579903414786
19803,1.1828412625092901
19804,0.8184768962086589
19805,1.5897825792347984
19806,1.5792738856180846
19807,1.1188593405000111
19808,0.4427190653021215
19809,0.6461865752895739
19810,1.9423979171316084
19811,0.12430363894393892
19812,1.6577015532663442
19813,1.5837233391643255
19814,0.4386827697017395
19815,2.2405123961009012
19816,0.36673375845727774
19817,0.41291500642785745
19818,0.5740817257450119
19819,0.6286225032000203
19820,0.681214856076104
19821,0.2966729181431514
19822,0.5425023964042333
19823,2.231558427513216
19824,1.9320351886782334
19825,0.32163986261886895
19826,1.4186794692932931
19827,1.9075891461360919
19828,-0.8857093853753722
19829,0.295142504956429
19830,-0.049794276269445464
19831,0.19145516766274234
19832,0.6651736251729246
19833,0.9394247685816434
19834,0.455727321833753
19835,1.6614199515337436
19836,0.009703319169148579
19837,1.2367138383261769
19838,-0.1920233360188254
19839,0.7497422631488182
19840,1.199555031225834
19841,1.7739272689258185
19842,-0.1429502224601895
19843,1.5822248323624957
19844,1.0108687391020121
19845,0.1867412569607365
19846,0.04238678772278408
19847,1.2895614618179165
19848,0.34314974490848893
19849,1.3921459613544431
19850,0.25318780524279794
19851,2.133448827591137
19852,1.5528525349147717
19853,1.5674522807123115
19854,0.8422814147612324
19855,1.0061896363076879
19856,1.2916741291463452
19857,1.067641766462807
19858,1.9517053403544804
19859,0.5879453496569308
19860,1.8220208398039477
19861,0.44856562117336407
19862,2.015152254562499
19863,0.34363024644081513
19864,1.9901368153111674
19865,0.21716003500080383
19866,0.6483551391295916
19867,-0.2638253170752332
19868,0.8911655322828543
19869,0.9997933855478744
19870,0.8027539972844209
19871,1.6173824738845706
19872,0.8630277221007469
19873,1.2304970238802464
19874,1.9721448531115464
19875,1.8039457867463
19876,1.7029263523061626
19877,0.40332109893938506
19878,1.3970402487007156
19879,1.45759103581813
19880,2.218629061178582
19881,0.7845175254241994
19882,-0.4576974352988615
19883,2.0336495598495135
19884,0.6801071585889593
19885,0.8982096346355272
19886,2.0618978124421283
19887,0.4342860980479114
19888,1.2870306969854615
19889,0.964278521306878
19890,1.3664593398173404
19891,0.23697293740066988
19892,1.778159205060031
19893,0.9263308189135613
19894,0.94180929561816
19895,1.156838823772512
19896,1.9105271459111175
19897,1.9117921673311142
19898,0.9970234762007347
19899,1.32571692000498
19900,0.1125416153665972
19901,0.7022830454762932
19902,0.8561057192081059
19903,1.112851230324836
19904,1.11391345875194
19905,-0.2198278626250799
19906,0.5953951988704
19907,2.032678767581801
19908,1.4699913999202905
19909,0.2032151221931297
19910,0.6582821755017396
19911,1.1145205981383706
19912,0.8522628636545542
19913,-0.00995495641066542
19914,0.7049928537620528
19915,0.8322604471361277
19916,0.6065456451072838
19917,0.546046599009316
19918,-0.1363518585087513
19919,1.7566826472211219
19920,1.397506107520368
19921,1.7838374795311815
19922,2.203098601583767
19923,1.0465117038330713
19924,1.3690793569742974
19925,1.5413512480025404
19926,1.8407040480494248
19927,0.04761717116265633
19928,0.6487278788489582
19929,-0.11807052205181154
19930,1.6518201466362978
19931,-0.21879131267965007
19932,2.515902640178157
19933,0.02006463308054876
19934,1.540151810033885
19935,0.36870528836158106
19936,0.09281932045275156
19937,0.25874775164136954
19938,0.023980098038042182
19939,0.0018670200184698234
19940,0.2722904464890194
19941,0.16711336849274105
19942,-0.04294265481115233
19943,0.15555264262405621
19944,1.2027186468152609
19945,0.24012174360112365
19946,0.10908043868487656
19947,1.4750536601107396
19948,1.020787813019064
19949,0.5022629285060867
19950,0.8041073586754599
19951,1.6122058661516312
19952,0.12660987283053685
19953,-0.08449430590607668
19954,0.5486533789870491
19955,1.3451439820333961
19956,0.9132917197605824
19957,2.296259252287024
19958,1.1709590120769098
19959,0.8938450545745525
19960,0.04911846899744076
19961,0.44571450619710606
19962,2.7278021034227136
19963,2.5927516618310626
19964,0.7068848476301749
19965,0.5301899737420677
19966,0.12394929160447558
19967,0.20431969877464845
19968,0.13444081072280945
19969,1.285268691130299
19970,0.8983903992568549
19971,-0.08752683217626814
19972,0.07267761902286357
19973,1.9533481821341188
19974,1.6762332023170299
19975,0.8784749758565973
19976,-0.031345835332895366
19977,0.16708838000713291
19978,-0.043758227624043015
19979,-0.08255848516688025
19980,0.8597814695573656
19981,1.6562277813617234
19982,0.18354874421555947
19983,0.34394757613187943
19984,2.1057426271188064
19985,1.722034323364685
19986,0.9523678055951007
19987,0.522582852702242
19988,1.7111113543379068
19989,0.8240266568373216
19990,-0.09268219067368307
19991,1.416829753352488
19992,1.7502497550070797
19993,1.6500317158301674
19994,-0.7308750227284165
19995,1.6419961038607056
19996,1.1714855628483138
19997,1.031309942423179
19998,0.8952776248611106
19999,1.2174794708803591
20000,0.009833328680520307
20001,0.4853087251773647
20002,-0.11180631231186472
20003,1.6041880980783387
20004,1.0382916589835596
20005,0.09495506747875228
20006,0.07291192741597219
20007,-0.02213746722549713
20008,1.0482285204024033
20009,0.25083664116406473
20010,0.8679106434208009
20011,1.8304849093331164
20012,1.750687699244619
20013,-0.050915715882182855
20014,0.8153362895733842
20015,0.5466966160078344
20016,2.6347981305065606
20017,0.5034812160425814
20018,-0.6462219555270261
20019,0.6663178819342639
20020,0.12932109672792097
20021,1.3800061922731595
20022,2.2385371799271394
20023,1.3362578233962306
20024,0.8496555818924731
20025,1.0403711614504878
20026,0.8122919828663294
20027,1.1129041501319734
20028,0.743625816132766
20029,0.38117372299997343
20030,1.2850656615617078
20031,0.8708186898834546
20032,0.27829311671914236
20033,1.951126754176419
20034,1.2702267336222655
20035,0.7630485116089972
20036,1.276073711692769
20037,2.005181881498104
20038,0.4632907961953432
20039,2.3660547373094802
20040,2.0963477877307017
20041,1.3913390175775877
20042,2.1997341696752173
20043,2.145428222521475
20044,1.4560538251415998
20045,1.0501998115645397
20046,0.5472338013595267
20047,0.1817551703830167
20048,1.075853129749677
20049,-0.3817383209332762
20050,0.7788218728660135
20051,-0.13816419616893136
20052,0.4036937991054891
20053,1.5267214935957978
20054,0.40509503362572824
20055,1.077975931131875
20056,1.6294387188107011
20057,1.1226703655985633
20058,1.1318432493280033
20059,0.3853530582965405
20060,0.43613793421853697
20061,-0.011174751551302646
20062,0.48298987201806337
20063,0.9854133229121567
20064,-0.11416622662853385
20065,0.09925115079796051
20066,0.885501174295948
20067,0.7092845945481869
20068,1.4181738462848876
20069,0.4662794329293334
20070,1.703949067264179
20071,1.0418550668397504
20072,0.01768437321513113
20073,1.242497240456205
20074,0.5323625881953459
20075,1.2421500205630285
20076,1.4297033348237758
20077,2.3706266748609157
20078,1.1230303456008044
20079,1.1929265527026593
20080,0.14496101269439512
20081,-0.21203928563510932
20082,1.9991085927721157
20083,0.8990297681265924
20084,0.21932403532942374
20085,-0.048403070282666966
20086,0.38248653066363275
20087,0.33944497331670176
20088,1.468739151287521
20089,0.9802470980754352
20090,1.2848484473218795
20091,1.490441075718211
20092,2.085536226628986
20093,2.003210854865627
20094,1.4573115995168513
20095,0.8414582737590088
20096,0.8014605719112307
20097,1.2123853899285146
20098,1.0312988435196293
20099,1.206510801350939
20100,2.0591739595398058
20101,1.1937225781637282
20102,-0.09878436724308268
20103,-0.02075360889747291
20104,2.027798571628954
20105,0.5240001297671878
20106,-0.12112809412952849
20107,2.001011742545248
20108,0.7017332808138154
20109,0.9499616734633809
20110,0.798236425006885
20111,0.41727273435476026
20112,0.5930835311334983
20113,0.14868374227467276
20114,0.22548530369756745
20115,1.20315887816533
20116,-0.4630872270849882
20117,1.5432462704935213
20118,0.0332554757507509
20119,1.1853888555273018
20120,1.6007944258082563
20121,0.6441465133131701
20122,0.8022069443994869
20123,1.0367815131927522
20124,0.04121469799875375
20125,0.6719131913098203
20126,1.642502419056983
20127,1.171343101076503
20128,1.8485518088188706
20129,1.262847480675759
20130,1.0008856895223242
20131,1.8745852387874267
20132,2.0644784860141807
20133,-0.017143719042637298
20134,-0.16038530173166046
20135,1.295752765168016
20136,0.3338266537956827
20137,-0.01134562078243987
20138,0.5076110329013293
20139,2.0144905923359624
20140,1.8742834534101316
20141,1.7103544255503418
20142,0.8366357344246083
20143,1.1739234458231889
20144,1.2700591411616928
20145,0.6972066985758762
20146,0.6331328071914771
20147,0.8621626480951232
20148,0.8842845525312085
20149,0.101570938198217
20150,1.7299483022204472
20151,1.528029003892947
20152,1.2912607103131721
20153,0.3742790874715708
20154,0.6737693411896327
20155,0.08058179086298557
20156,0.5679070569716254
20157,1.279277628951484
20158,-0.04452473129012888
20159,0.41867973189513114
20160,1.046548495063895
20161,1.39813064035484
20162,0.61134332231365
20163,-0.6374327759939015
20164,0.8511410348848638
20165,1.5481150073190941
20166,1.0830380289525703
20167,0.7755291153089411
20168,1.910560496347618
20169,1.2700112787041569
20170,1.2317980342636068
20171,-0.0841302512491686
20172,0.7012328715231582
20173,0.5769867670352451
20174,0.3547142419852695
20175,1.4965299211609497
20176,2.027567349356145
20177,1.5997811937049797
20178,1.438338909585069
20179,-0.6506302825796102
20180,0.5341783204029863
20181,0.6094386062714338
20182,1.2117437711420354
20183,0.9218805790280497
20184,1.7698335338132158
20185,1.061674163248971
20186,0.37059417244890214
20187,0.7123559595076052
20188,1.703207084907469
20189,-0.0824039040059885
20190,1.3203561261800931
20191,0.6818379125571234
20192,0.7619268448303388
20193,0.7682317421979032
20194,2.0831255012431797
20195,-0.0024931867483990663
20196,0.2603613924564864
20197,1.8412414798957786
20198,0.47392611703582777
20199,-0.008193658430321535
20200,0.9385550017476175
20201,0.7172006708193639
20202,0.9802226209549535
20203,1.7811195742819268
20204,0.03354734769792607
20205,2.240687448847475
20206,-0.12033871120315662
20207,1.1565186662238922
20208,1.1442362846755976
20209,0.12379500215749419
20210,0.8492560928840721
20211,-0.06205151886156034
20212,1.5609824549592535
20213,0.4864900571999027
20214,2.1823613336009346
20215,0.22906337272923008
20216,0.8335490061008816
20217,0.7309147385203538
20218,0.45331059891154973
20219,-0.024882710538591563
20220,1.5956065952034775
20221,0.7503562588341294
20222,0.02553094073572105
20223,1.322333740225929
20224,2.411540440958014
20225,0.19838223652016285
20226,-0.2113410209253662
20227,0.8118258169674135
20228,0.9911810251465587
20229,1.6743302019591402
20230,1.571604627078001
20231,-0.33903361837416535
20232,0.6873312637401229
20233,1.4150695984178412
20234,1.7207642156594634
20235,1.7670430234849042
20236,0.20280807534383485
20237,1.4679012157088556
20238,-0.0074863996208208855
20239,0.4312312321113612
20240,-0.17621942393828463
20241,0.5215682882734811
20242,-0.059575550523867205
20243,-0.0728899536164072
20244,1.7418110321823481
20245,0.24481171919835834
20246,1.516208645324295
20247,0.7594787546896633
20248,-0.052393348001225984
20249,0.9530675423179162
20250,1.3622345582003739
20251,0.28693286686275343
20252,2.361868990363896
20253,0.8873688268932767
20254,1.5963721397917459
20255,0.8417505772416675
20256,1.864752263326687
20257,0.7175496432106033
20258,0.7194242494603552
20259,1.2834298767234895
20260,0.005506980080150735
20261,0.3107184349125131
20262,0.8012599221388297
20263,0.38442249913710114
20264,0.776306021090203
20265,3.2422384579557217
20266,1.1025086995035283
20267,1.467999470415952
20268,1.8438794548868422
20269,0.7211564990680235
20270,2.2538374504448773
20271,1.2971037232219094
20272,1.6730298463271418
20273,1.7650426013552576
20274,1.245694183078895
20275,0.5471025857092977
20276,1.8931205604208565
20277,1.269391443134315
20278,0.6460941320948789
20279,1.3796582477495891
20280,1.280661590565482
20281,0.13591753306672316
20282,1.1534218433405001
20283,0.5167172270019698
20284,-0.005290200581352399
20285,1.5926245452273973
20286,0.2763771897541763
20287,0.9669716738765584
20288,0.4570596594017864
20289,-0.44239198779911043
20290,0.8116383122038895
20291,0.4009011899361725
20292,2.1293616123307313
20293,0.8898770261864019
20294,0.8084821180554291
20295,1.5157715121228992
20296,-0.45074070098418717
20297,0.06021639397212956
20298,2.0860152755003556
20299,0.24086443665394774
20300,1.422574663260393
20301,1.08774693598248
20302,2.0532914648555276
20303,0.8709322023120989
20304,0.16811552859800447
20305,0.32173776893172445
20306,0.9662110937221566
20307,0.8315704624235425
20308,1.5071423490711822
20309,2.1365858054464035
20310,1.7611654354106323
20311,0.009235588436451628
20312,1.3080788762603872
20313,0.4115821912259488
20314,1.9332116907984664
20315,1.0143424224557558
20316,0.4268708751800692
20317,0.6100372737235408
20318,2.0393888671870894
20319,0.5505016030622515
20320,0.35533909834877275
20321,2.1674769753645817
20322,0.564548464518719
20323,2.1210129197980523
20324,0.5091042231331062
20325,-0.281398585519077
20326,1.065130294616876
20327,0.0784483923448751
20328,-0.03480507316011912
20329,1.900283032544149
20330,-0.1183001778620697
20331,2.531466475747948
20332,1.8073501810927155
20333,0.1996154318587196
20334,0.4316358317392532
20335,1.705639351019242
20336,1.274997092475188
20337,1.1259320387600062
20338,0.8068038034479426
20339,0.5882985482755454
20340,-0.03095169298193238
20341,-0.16378711585901579
20342,1.2151569935688935
20343,0.045372104049056595
20344,0.6950505324414601
20345,1.5483305742352182
20346,0.9553436569783997
20347,-0.05276049166900753
20348,0.45761452797908336
20349,1.4078950540387776
20350,0.2523127693678593
20351,-0.09057907497553651
20352,1.276783746756393
20353,0.30602448957584233
20354,1.9800178412327978
20355,0.6120330513745728
20356,1.3882317459377813
20357,0.9714120214521177
20358,1.4043328764979321
20359,1.2909346727261486
20360,1.8381312169946018
20361,1.1967119409121985
20362,-0.12893496051030187
20363,2.126344145195931
20364,1.5879458854417574
20365,-0.06914149174658657
20366,1.222945467895342
20367,1.5613064788744684
20368,1.551307039361655
20369,1.4200653346988732
20370,-0.03549295682963527
20371,0.6987238945634693
20372,1.6787501263477926
20373,0.8996645425847223
20374,1.3695765809091953
20375,0.345500340727394
20376,1.4561839433440382
20377,0.7747340463153598
20378,0.8299557597491638
20379,1.6858999527877903
20380,0.11952335183786639
20381,0.4200258110411196
20382,-0.09888838653690742
20383,0.70805080793058
20384,0.5373980866382102
20385,0.7274564315643317
20386,-0.1407490901399688
20387,1.5498482966267328
20388,1.45316570806353
20389,2.1133580739451743
20390,1.595875615909732
20391,1.5593653328128565
20392,1.8246189629434757
20393,-0.10314097537007338
20394,2.0661282485563843
20395,2.0117896633928765
20396,1.2015294418607882
20397,0.13089734135147207
20398,2.2179980854704335
20399,1.6714179648220782
20400,1.107683455275716
20401,0.6703034636890887
20402,0.6627504889010105
20403,0.7985802048858816
20404,0.8216088030258216
20405,1.3131705206345206
20406,0.7087422250607367
20407,1.041155598148258
20408,1.2204283039573027
20409,0.5748326780512677
20410,0.2892130214232435
20411,0.3559556905843089
20412,0.07045574321782858
20413,1.5470714526896672
20414,0.6427747899914296
20415,1.4501416074905193
20416,0.395015969404099
20417,0.20673818011444445
20418,0.35162594939453895
20419,0.636953474777656
20420,1.0253160592239223
20421,1.4593462356162832
20422,1.4869237506168467
20423,1.1829287888177655
20424,0.1873122462998684
20425,1.396489488837501
20426,-0.06432682466838711
20427,2.2427328263778428
20428,0.24313544320908992
20429,-0.009190110604310256
20430,1.8577273646845118
20431,-0.41126438303195323
20432,-0.0610036092688417
20433,2.2479568849634504
20434,0.7848022487691355
20435,1.288048442117289
20436,0.5582476252617009
20437,0.7968021475162315
20438,0.8695279861216638
20439,1.209947556769234
20440,2.158779888721358
20441,2.389262081802937
20442,1.4999444210634494
20443,1.3656332195788237
20444,-0.32480506978659046
20445,1.5122246946407212
20446,0.032601462670470205
20447,0.3241210597408891
20448,2.1023204601370447
20449,1.2549869989994578
20450,2.065806220286632
20451,-0.1754786016839715
20452,1.0853773659564827
20453,0.7296447073913386
20454,0.8884035371729975
20455,0.4208446063073163
20456,1.5387730906369537
20457,0.4492510517968917
20458,1.1519959468716434
20459,1.1108298781531338
20460,0.856580749122453
20461,0.811212518181504
20462,-0.31762880933486176
20463,1.0028101959805298
20464,0.5955926178794765
20465,2.447623705974421
20466,1.2122197866652622
20467,0.5088331678916304
20468,0.8056617921641487
20469,0.452571966134577
20470,0.9801298657810473
20471,1.8083357713730943
20472,1.5084574464624458
20473,2.347489449123576
20474,1.1461500514791736
20475,1.9826715483599842
20476,-0.03488637135775715
20477,0.19019437003791168
20478,1.295323239748901
20479,2.08667925046815
20480,0.7631601653491136
20481,-0.074178188294588
20482,1.7352175062936266
20483,0.7035566003642321
20484,1.8590068406658031
20485,1.211220219474012
20486,1.3420437220452812
20487,0.6061487311664809
20488,0.8341962012614927
20489,0.37427875051950416
20490,1.7396686545585618
20491,-0.35572361654145107
20492,0.5517834258490734
20493,0.5316587562729626
20494,0.5560771123934258
20495,1.4711046204209624
20496,-0.05515239292010763
20497,1.0483617137946672
20498,1.7162225460722178
20499,0.10146855186972913
20500,2.3255818983838314
20501,1.5674060891419255
20502,0.21899026987037495
20503,0.9173906969609407
20504,0.8772829311000064
20505,0.7136445156370924
20506,0.6734358848999492
20507,1.5670623256024796
20508,1.5705266418651151
20509,1.1330879097999842
20510,0.6790888559921925
20511,1.4255726745921125
20512,0.8667324269491714
20513,1.764320281113964
20514,-0.07258080195858033
20515,1.3679765937095067
20516,0.41205218918012626
20517,0.2713851348171855
20518,0.2411118527428588
20519,0.8423768914375228
20520,1.4213982848684137
20521,0.07668291182194209
20522,0.722969816679695
20523,1.492348948065555
20524,-0.07680828650612055
20525,1.0664206784393286
20526,-0.9098130013882362
20527,0.6483101523003175
20528,1.280058827893196
20529,2.6241479165137283
20530,1.045210421461588
20531,1.0580306635150627
20532,2.0933215373588134
20533,0.8802030065999387
20534,2.176744634486344
20535,0.08265825402474176
20536,0.5025753316913182
20537,2.173453585458483
20538,1.6232445641477258
20539,0.3133786583176478
20540,0.30056346268012546
20541,0.0816327738445087
20542,0.709188621339959
20543,1.8789930421548235
20544,1.069667823478754
20545,1.4445693323031938
20546,2.199334774438181
20547,1.6724524819495452
20548,0.46135742812674774
20549,0.6880919531668857
20550,0.027355499380378363
20551,0.41212789195218147
20552,0.9365296281521635
20553,1.9043581456000658
20554,1.7950358510474116
20555,0.10637908708638583
20556,1.9705016017485044
20557,0.5920722811229626
20558,1.4019418402996764
20559,0.6637228272222159
20560,0.740520853173842
20561,0.20045081161470898
20562,1.4628405413801577
20563,0.6904620485227433
20564,1.1584866038334352
20565,1.4140790097639253
20566,1.9454327249331325
20567,-0.09034956163007779
20568,2.1203753842118833
20569,0.27992523898984845
20570,1.5890929274752397
20571,1.4334873014524812
20572,-0.42356754803447294
20573,0.002200669162184199
20574,-0.30538990583755005
20575,0.25351266887202717
20576,1.3326989231518016
20577,-0.028816725252704047
20578,0.7741212088229115
20579,-0.1288476236095276
20580,1.6926152404181636
20581,1.0801810567108558
20582,-0.0424930766349497
20583,0.018510093160339202
20584,-0.00043600445379874536
20585,0.773576156795573
20586,1.611689054410403
20587,1.7148084431424373
20588,0.39946988544958345
20589,0.8826777648535696
20590,1.5591667268291536
20591,0.1033665982800968
20592,1.1737807385274688
20593,2.0469219297227013
20594,2.001345873613689
20595,-0.0122960708730974
20596,0.8481815150128055
20597,0.45598168683156715
20598,1.0525823962364869
20599,1.9607142795783201
20600,0.6877374024007095
20601,1.2175257267494288
20602,-0.038687965973459804
20603,0.47925825265720695
20604,1.0415037544884371
20605,1.1020937646603144
20606,0.2634100753709746
20607,1.1031551074721944
20608,0.7232217586408778
20609,0.9789993203488075
20610,0.5757707807372102
20611,1.5827439030022268
20612,0.11961481848241744
20613,0.8065508490912312
20614,0.9856916814158516
20615,0.839841905785737
20616,0.47585071650490224
20617,0.3905198506802926
20618,1.1120383608436217
20619,1.2211225567806587
20620,0.1627237915740519
20621,-0.5069499529386088
20622,1.7541036262108542
20623,0.8789032766089476
20624,2.1313805173431186
20625,0.09704469266553035
20626,0.39782695215376684
20627,0.4561781942715408
20628,0.8538853857966304
20629,0.5416236503276378
20630,0.475910060590426
20631,-0.472022982294714
20632,0.1838581382810286
20633,0.6876357279395944
20634,0.9476792548219346
20635,0.6472958899619838
20636,0.5612988532717549
20637,1.230540905803494
20638,1.6675617136503085
20639,1.6487672265768025
20640,0.8601528051684268
20641,0.33973981229722033
20642,2.6591858561962307
20643,0.38273562195185634
20644,0.3117590927101766
20645,0.2755577646469807
20646,1.7082977048643433
20647,0.7545995846345694
20648,1.5146364774114622
20649,-0.46926547138000907
20650,0.8652443163709915
20651,1.9310512195379244
20652,1.1632496323170687
20653,1.0310581842955793
20654,1.5491045343502503
20655,1.6847278954170588
20656,1.959977361438237
20657,1.9350059446875258
20658,-0.11463701851245933
20659,0.17428231733314187
20660,2.0099745309081114
20661,1.4922114612034683
20662,0.432403042647177
20663,2.015311903774264
20664,1.5859624739203855
20665,2.2223135801434837
20666,0.24791076111899826
20667,1.9238841835838068
20668,1.6243984668945546
20669,1.1168407901466053
20670,1.3656678222922278
20671,0.557763220991535
20672,2.207373924825216
20673,1.1085940291094092
20674,1.7125790374196341
20675,0.3837704813738991
20676,0.8812254902139033
20677,0.08545601423666421
20678,1.0862443072687995
20679,1.7464650029746025
20680,0.6519370182966752
20681,1.9846498803872614
20682,1.6465189982773882
20683,0.40646471938041456
20684,0.5277680788172865
20685,1.1473412376687775
20686,0.6625090985171053
20687,0.662584857770108
20688,1.2488272345877882
20689,1.0813925481004625
20690,0.17447561213293267
20691,1.1078002600879078
20692,0.896521413159649
20693,0.458755073144031
20694,1.4375486484556728
20695,1.5059463613861697
20696,0.21418241037051994
20697,0.6495899020504299
20698,1.7256135057589606
20699,0.740114925904511
20700,1.054564322961304
20701,1.256229530436299
20702,1.1609054137023462
20703,-0.09674442800026786
20704,1.154745448904484
20705,1.214965159779068
20706,1.826517612738382
20707,2.651707865881474
20708,0.35625753360100726
20709,0.9667956570567118
20710,0.6936191970147402
20711,0.2425038518088553
20712,1.0594894238320007
20713,0.30368182619118367
20714,0.1712633524716498
20715,1.2635087660270279
20716,0.19153986709513335
20717,0.550337976518971
20718,1.5091264323522269
20719,-0.3368365094568219
20720,-0.5779213349980604
20721,0.28605313963878887
20722,0.9656224085203398
20723,0.6140849867618552
20724,0.719309630652065
20725,0.15315765564330372
20726,2.1472907889436437
20727,0.47796016689684406
20728,1.4398238758167645
20729,0.5969522853489794
20730,1.1427492998116358
20731,0.7983809316026581
20732,1.1108781488379451
20733,1.2149635945917758
20734,0.06694813453502074
20735,1.2996955027480455
20736,1.2187808258174466
20737,0.4861157393721821
20738,1.8745566806438276
20739,1.505582605232471
20740,0.1925889728041999
20741,1.2356173110342763
20742,1.451139666654096
20743,0.5388869772080493
20744,0.42817796411917913
20745,0.045250116488533464
20746,0.10181777953426548
20747,0.5153889332841373
20748,1.143895159354776
20749,0.42364644075322233
20750,1.4242479929167384
20751,0.3176617126990876
20752,1.008894273860046
20753,1.6129423966437244
20754,1.7307939588515753
20755,0.20852965180727012
20756,-0.05481690411874872
20757,1.7781167936171403
20758,1.3656383514897625
20759,-0.012063141026301731
20760,1.749279885049118
20761,1.0876008519151108
20762,0.32379231478950277
20763,2.0117498899485113
20764,0.9562435674835905
20765,0.9209717368119297
20766,-0.021426735928950676
20767,-0.029572221266182523
20768,1.3418450210516408
20769,0.8727791180003601
20770,-0.06372438605535566
20771,1.9239160163049807
20772,0.8275701546571337
20773,0.8036506818376096
20774,-0.21055115732951557
20775,1.5416053669461138
20776,1.4975509600868186
20777,2.156569980301547
20778,0.48815228429664065
20779,2.5286379158697025
20780,0.7860120671565594
20781,-0.03559674166170077
20782,-0.08011358398048789
20783,0.37736559929590396
20784,0.3523069929343968
20785,-0.18482858308729563
20786,0.5956374474698487
20787,0.8251395312779919
20788,0.2828894756592679
20789,1.1708832011150974
20790,1.0681034688856976
20791,1.5437551793722721
20792,1.800256380838457
20793,0.4333034281911943
20794,0.3419509262452321
20795,0.17767877308820854
20796,0.9980320675047356
20797,-0.007092529734596682
20798,-0.05589680525005891
20799,0.18830918296572627
20800,1.202300997274063
20801,0.8377370071831294
20802,1.5791424547148036
20803,2.0497244860414563
20804,0.41262859305663574
20805,1.9115693632815167
20806,2.285488850995903
20807,0.5827223730802199
20808,0.8829094039517658
20809,1.0048733582069
20810,1.0480172882168293
20811,1.558456501551308
20812,1.7378935503807327
20813,0.969117778168573
20814,1.979185474500906
20815,1.2680157603083786
20816,0.4419472330794404
20817,0.7815828090074683
20818,1.1005477129299703
20819,0.29597593567458164
20820,-0.01878880993781913
20821,0.4644409585974073
20822,2.105949383798387
20823,1.1091918781646033
20824,1.4276559211101876
20825,0.13968657030081846
20826,1.2112087420316713
20827,1.4653905142004222
20828,0.03584720582176758
20829,1.348129972298945
20830,1.13740907578415
20831,-0.45565957989194716
20832,0.23131015551800746
20833,1.2708785910981881
20834,1.4558845772455886
20835,0.9762717411680392
20836,0.6239618255003424
20837,1.0294345696386658
20838,-0.205731487719896
20839,0.5437841438944545
20840,1.6451731425531735
20841,0.9051828760118827
20842,1.9169355865079376
20843,1.4766839492092678
20844,1.1217962822743264
20845,0.8854540285231101
20846,0.07216983527477941
20847,0.6011726896422815
20848,1.734052647363232
20849,-0.03758945723310404
20850,0.2655726186866604
20851,2.189320223010931
20852,0.20023431489902868
20853,0.7565893360808892
20854,2.0530172103292847
20855,0.9604500460070658
20856,0.45254633585124215
20857,0.9447797740868609
20858,2.1223263874150433
20859,2.1926859835320536
20860,0.7793922546963656
20861,0.34260647081333007
20862,0.9686866031001589
20863,0.20128561248648613
20864,1.646487697991539
20865,2.3153744446705185
20866,0.7555928735015041
20867,2.0519987403252116
20868,1.122826714144349
20869,0.42309985394150906
20870,2.099764931989272
20871,1.6341008603552534
20872,0.5563081172804804
20873,0.5514408069094698
20874,2.4960696482260634
20875,1.5116927241351368
20876,0.2622893594820432
20877,1.5127463583358602
20878,1.5048326455679213
20879,1.8966880852885426
20880,1.1314612529557215
20881,1.133565214010603
20882,1.4355717280986786
20883,1.5165001454874123
20884,0.6299246449550893
20885,0.3394794251992659
20886,0.46051990918100544
20887,0.8237689782243066
20888,1.90648390308677
20889,0.4517909443206648
20890,0.7422006473423016
20891,1.431152560505153
20892,0.5284576651344394
20893,2.0107682057630383
20894,1.2825788936321019
20895,-0.2804675095200692
20896,1.8854023249798708
20897,0.3169796626973422
20898,1.8336615129764113
20899,0.5714180884142704
20900,1.1797505530404948
20901,0.6292365058490033
20902,-0.16102782085389186
20903,0.6862968012048045
20904,2.057990208428423
20905,0.7626527628486323
20906,1.15583174290661
20907,0.4999168540210628
20908,1.1125264041646674
20909,1.9259221176754622
20910,1.8442612447357127
20911,0.08367087963157484
20912,0.8170528555948233
20913,1.6336779901459813
20914,-0.1875889026021556
20915,0.2319621231953968
20916,1.5594826297016733
20917,1.4994559913325962
20918,1.989385860406684
20919,1.4741745709650749
20920,2.017309354884938
20921,2.1594199278446835
20922,-0.26484417388401876
20923,1.359797506462795
20924,1.3538106806600885
20925,1.3541983132185644
20926,1.4126895512031272
20927,1.5948373995215204
20928,-0.2541987864600476
20929,0.760348210677817
20930,0.4446375514814856
20931,0.38255842041538285
20932,1.4389725938735156
20933,1.6915746792387985
20934,0.8080443492711162
20935,-0.17554152203554554
20936,1.5299095891308006
20937,-1.0759187564845418
20938,0.8795301289082544
20939,-0.036451514041372646
20940,1.5923604243532143
20941,-0.2595660862115003
20942,0.41851555493530945
20943,0.6813701019764671
20944,0.9322454219107118
20945,0.8880248000788743
20946,1.7760129770727364
20947,2.0506940636508255
20948,1.5876800366711636
20949,1.6150698568826545
20950,1.4778994400313037
20951,1.1698604290320038
20952,1.0144095391672168
20953,0.3919812890794391
20954,1.86266850226727
20955,0.766049016303374
20956,0.21524948429872648
20957,1.5112836254451172
20958,1.0580642507482003
20959,1.022199759009434
20960,1.3028167353997988
20961,0.8436755194143316
20962,1.1276017544641657
20963,0.13062806650121211
20964,0.1407477923427531
20965,1.1581211055713068
20966,1.2423026635227779
20967,1.546185124960734
20968,1.1375617584097655
20969,1.6612617665828278
20970,-0.1532895831608379
20971,1.8686951444668567
20972,0.6626900833857604
20973,0.2563872391368568
20974,1.5907955210275302
20975,0.2137372516247939
20976,2.056264031970477
20977,0.7284748633786954
20978,2.413155596916684
20979,1.8075629721166442
20980,0.6945851529829159
20981,0.13845688319699156
20982,1.576212937703625
20983,1.6725834759882605
20984,1.1199491957325938
20985,2.0812551708518643
20986,1.831581185354617
20987,2.302617631976128
20988,1.242933522411123
20989,1.1566323740802733
20990,0.7283493203464289
20991,-0.09717044733571802
20992,0.1085526629779607
20993,1.3918196824048146
20994,0.2759861117205778
20995,-0.19980453118860658
20996,1.0059071828986028
20997,0.9451638455123106
20998,1.5258398828638917
20999,0.13769815111068479
