session,target_position
1000,0.2623063711823384
1001,0.5048347384215273
1002,0.7664946449638659
1003,1.0321349531893422
1004,1.1394775999775362
1005,0.8043603909828254
1006,2.007604095649684
1007,0.7073880447879157
1008,1.9051315009198568
1009,1.3934314716438223
1010,0.6204301599139759
1011,0.7433052427203164
1012,0.7689599943826009
1013,1.7757324929259386
1014,0.07434627606992622
1015,0.6503260506981317
1016,1.887944193127789
1017,1.1563114239119103
1018,0.3473431752037073
1019,1.443458311909554
1020,0.4992255993883947
1021,0.6962431894240025
1022,1.5233322015984474
1023,1.8987310755068139
1024,0.2713641780216747
1025,1.1223179117359519
1026,0.1281449016692521
1027,1.4214983789945883
1028,2.474552045085985
1029,1.1381802360274367
1030,0.5921114050990514
1031,1.9197011511299522
1032,0.43161720147662075
1033,0.9924422187653057
1034,0.575514811871698
1035,1.9448795889387323
1036,0.35723825764750067
1037,0.6786375678896455
1038,0.6596708078140386
1039,1.3008234283723394
1040,1.111591048379595
1041,1.6539243502474603
1042,1.8049209582416588
1043,0.6663657374920148
1044,0.9639507384911096
1045,0.9033658236491199
1046,0.5455040177388784
1047,0.5011331931581745
1048,1.4788695145911985
1049,1.024251817033497
1050,1.7673897797027096
1051,-0.023363252019679044
1052,-0.09380850382495376
1053,0.9208412193887937
1054,1.999678796359686
1055,1.6371648698681776
1056,1.2347956851896151
1057,1.4939652815144382
1058,0.9033230002984929
1059,-0.22006084487512184
1060,-0.20310510523096703
1061,0.9125244386447351
1062,0.072315042812508
1063,-0.07729353224275584
1064,0.4395128949490148
1065,1.4051203112856323
1066,1.3238430176313116
1067,0.8652521211156656
1068,0.6199183855774123
1069,0.96891438874665
1070,1.3197398477907587
1071,1.4569632351617765
1072,0.33172432605950597
1073,2.1347117779893656
1074,0.9477580642198167
1075,0.8525206306827071
1076,0.7139626094327167
1077,1.863478215102697
1078,1.3415820271698633
1079,1.7106896882782956
1080,1.0085400333948251
1081,0.5471244668373755
1082,0.2846197230685227
1083,-0.05633500940691118
1084,0.8552386910334842
1085,1.5658025416976649
1086,1.5455985517874546
1087,1.6155750481385662
1088,1.6469190544418664
1089,0.5326377084145328
1090,0.19438104827964015
1091,2.282553693593589
1092,0.32843870288824834
1093,1.8429308157655506
1094,0.6295052287607998
1095,0.4128289708409724
1096,-0.289471973815646
1097,1.1173258079115167
1098,-0.1752736730201484
1099,1.6082625345856545
1100,1.5769220373685788
1101,0.8303146463795619
1102,0.8886834439016948
1103,0.5541790874831556
1104,2.0017534203200227
1105,2.1440172285805588
1106,-0.3308160092822934
1107,2.06472822902892
1108,1.725299275797589
1109,1.5378757599829525
1110,-0.006700313695626223
1111,0.3892990425603988
1112,1.9339806424693353
1113,2.460491102782775
1114,1.0157756063618224
1115,1.1097839746616767
1116,1.7529069802017014
1117,1.3397749656861295
1118,1.2186448306626143
1119,-0.2969739032820343
1120,0.5915434282463021
1121,1.125311358703127
1122,1.467919044828977
1123,1.3817540028398683
1124,1.1709375511006046
1125,1.0243092416024366
1126,1.937929876877666
1127,1.0370059151978681
1128,1.205078723074902
1129,0.3130473043235663
1130,1.5654321076809998
1131,0.7052379892607318
1132,-0.09975251527590265
1133,0.9153248648284866
1134,1.9079531988705118
1135,2.0399956087797584
1136,1.4141104290436273
1137,1.4498279464864758
1138,1.9465778701492176
1139,0.6683950268905429
1140,1.4259120514639696
1141,1.1151206122965303
1142,0.24601586344917997
1143,0.7516955126618629
1144,0.9872188744288736
1145,0.36123352879718196
1146,1.4431920533004268
1147,1.6082234434918903
1148,1.8632190525865524
1149,2.3875534635950526
1150,1.0951529766141461
1151,2.3066225889024254
1152,0.5828975462911651
1153,0.9256995011535121
1154,1.3776488381677772
1155,0.9682275430970821
1156,-0.21360812942428084
1157,1.1995715014664485
1158,0.635731444605514
1159,1.1179025986830262
1160,0.3253028754987325
1161,1.3086909996202616
1162,1.2998145111172745
1163,0.40575814283172146
1164,1.484481241727893
1165,1.8360204092836137
1166,0.88498395819143
1167,1.081445756825452
1168,1.3228429925626684
1169,2.2654299505904665
1170,0.41498137392487655
1171,0.952348663231301
1172,0.10743768647494886
1173,1.4492441911047451
1174,1.9577166151762477
1175,0.9666328448615229
1176,2.129447473186273
1177,0.09071655451965166
1178,0.11763421200677684
1179,1.090840333694377
1180,-0.28471815516609406
1181,0.5853318844779846
1182,0.5715869226995991
1183,0.4380404221867425
1184,1.6841816541169718
1185,0.02750726821930123
1186,0.14155795827477308
1187,1.7439729985957049
1188,1.5908140542695515
1189,1.3600777515322657
1190,1.671723422930993
1191,0.6823297646582638
1192,1.4504411196894043
1193,1.0391344226831825
1194,2.2827926727375063
1195,1.5148969448343654
1196,0.41131370173902115
1197,0.15538101847564179
1198,1.360438943791643
1199,0.2876759581164997
1200,1.9547635217623374
1201,0.2394247332517389
1202,0.7825365057133926
1203,1.5975442617842481
1204,1.0634716310405687
1205,0.7573306185742609
1206,1.6787408301337963
1207,0.15359324857521905
1208,1.6534749382541245
1209,2.607040493099555
1210,-0.2442251650030872
1211,0.30134570778620773
1212,-0.28161520008500374
1213,1.5391665654871414
1214,0.5342018695499035
1215,0.9274514762281325
1216,-0.04936418001769527
1217,0.15919021929523905
1218,2.3352938324682455
1219,2.4207300674363674
1220,0.048802719258827135
1221,-0.007961378796651153
1222,-0.10512871491344439
1223,2.001378971838627
1224,2.1345484730399162
1225,0.7695834080139785
1226,0.8468508006918161
1227,1.974718254062906
1228,0.0671046859668957
1229,0.1129074448863692
1230,0.9041893666334435
1231,-0.04749595223532539
1232,1.8028576256051372
1233,1.2042459498302915
1234,2.275826391522737
1235,0.4229970590838803
1236,1.8004986340735956
1237,0.31311095502703923
1238,0.7110609017122438
1239,1.4704871078495236
1240,0.9102813353388801
1241,1.8304641238129458
1242,-0.07099597617034065
1243,1.7196914660111113
1244,0.9161189099264752
1245,0.29632783608326985
1246,0.4019177259582173
1247,0.639087511877134
1248,0.9780026022104072
1249,0.7522043376242772
1250,2.043525285997029
1251,0.5876862400307851
1252,0.4264924727915756
1253,1.9647938929002517
1254,1.955424806161302
1255,1.0364959187119265
1256,1.6810350283539708
1257,1.1456322331505282
1258,2.004385170173411
1259,1.928858735635731
1260,0.38415132529327356
1261,0.5961544224838236
1262,0.004305240116957848
1263,1.46338865245656
1264,0.8607567658554222
1265,0.8187915043520397
1266,0.22630351634296614
1267,1.6047509201388497
1268,0.5286531091600561
1269,1.1107670373018481
1270,0.43379210794349216
1271,0.5847318937656667
1272,0.10387175246314923
1273,1.4120136570252872
1274,0.7869353323126843
1275,0.29950296891794254
1276,1.0434446204504373
1277,2.1091628772412796
1278,1.3669339378147143
1279,0.07772241108723905
1280,-0.2073689181282381
1281,0.14089444114906544
1282,1.0497718695329274
1283,-0.11357869703268796
1284,1.1321034354187738
1285,1.385803573355524
1286,1.5440295319697377
1287,0.09899630319397382
1288,0.8320337307318622
1289,0.7523388984437843
1290,1.7338237158175978
1291,1.6489431002334045
1292,-0.44750349437774944
1293,0.5210002148451323
1294,1.550637708867404
1295,0.313635692050252
1296,1.7179636369320175
1297,1.5118180969310835
1298,0.5502691113145096
1299,-0.042687695004910764
1300,1.206698243249964
1301,0.2570634886086844
1302,2.4431384715160287
1303,0.46882685441259947
1304,1.2810016075512316
1305,1.5025218140887453
1306,1.534740730238587
1307,2.006620232079844
1308,0.53089591686723
1309,1.9034612195541114
1310,1.786176559700662
1311,1.8647550191190048
1312,1.3736353811468922
1313,-0.1561632081562614
1314,1.9776741790552217
1315,1.444491714358561
1316,1.226382467389871
1317,1.0049354502993335
1318,1.7573840014416784
1319,0.9836151203054695
1320,2.080451275077985
1321,0.2956030429475349
1322,0.09531873027060961
1323,0.43660547744322764
1324,1.1621460231279188
1325,1.4053044703602373
1326,0.05961609037942092
1327,1.4412263290192269
1328,0.36412664146042223
1329,2.280834598162335
1330,1.6137246948388368
1331,1.8371657788943045
1332,0.17588604566270083
1333,2.0733793903211386
1334,1.2258949305534919
1335,0.0911296104258435
1336,1.1097799408632176
1337,1.6910297077079806
1338,0.5010925439016511
1339,1.7986036157725407
1340,0.23392459830228884
1341,0.28584098005530156
1342,1.2540485146998952
1343,1.9408934969492337
1344,1.8759896261758409
1345,0.1620574168358685
1346,0.10211240748649503
1347,1.1379624871970881
1348,0.7157351791270252
1349,1.8801938266681741
1350,1.600151200311171
1351,0.9277523771215166
1352,0.8202969469101176
1353,1.9925118339462804
1354,0.3930036821744081
1355,0.9739033592975859
1356,0.7572367827509101
1357,0.6330526275256863
1358,1.2434881853652786
1359,-0.11355167263591731
1360,1.0039210252940742
1361,0.002611922100479405
1362,1.849346083123538
1363,0.987724831573578
1364,0.6624952445894599
1365,0.0038544854531287337
1366,1.6663927088522148
1367,0.1699390141118337
1368,1.0309627867655171
1369,0.6130311542771321
1370,1.1313907507965433
1371,0.593984897389355
1372,0.589545823412239
1373,-0.028502207652340364
1374,0.3246663816906691
1375,0.9053325738718729
1376,0.5115165556917045
1377,2.4785608408014097
1378,1.727193138629388
1379,3.1163739337856384
1380,0.26710133065050123
1381,0.17976027815066314
1382,2.1300174504412057
1383,-0.4724942932331771
1384,1.141317891114016
1385,1.1274114202814303
1386,0.530216114575366
1387,-0.13585834559133017
1388,-0.08541640783022883
1389,1.9207589709873163
1390,0.8459052111356052
1391,1.2803337564495039
1392,0.7292126960826528
1393,0.6766373874443303
1394,1.5551761343746557
1395,1.114917477037609
1396,1.1629942728774587
1397,1.1532314920818465
1398,0.09133728296649579
1399,0.41900444691562977
1400,-0.10773096595896647
1401,1.4339528083268092
1402,0.9494239110961677
1403,-0.07618035062791619
1404,0.32822797874883863
1405,0.8905450147870342
1406,-0.00021747940115736386
1407,1.9747774502401374
1408,0.22700960241463153
1409,1.493259089817918
1410,0.9234530698070436
1411,2.3384190696899347
1412,0.45923915581284397
1413,1.0963741077471512
1414,1.5008608163040533
1415,-0.03421317046142458
1416,0.8963347365635423
1417,0.5690317696595416
1418,1.0488658041948786
1419,-0.026487108335433884
1420,0.6762210375358898
1421,1.4137609859745124
1422,0.7300689382853729
1423,0.3390956998448821
1424,2.9319426104953514
1425,1.082186464231744
1426,1.3979951329212286
1427,0.5889360241362955
1428,2.052495015739223
1429,1.271323697518327
1430,-0.09220348384357047
1431,0.599656774259512
1432,1.5167093863892451
1433,0.5951626836700561
1434,1.2316818486719312
1435,1.1538992367413368
1436,1.2708025076301677
1437,1.4462762501616302
1438,1.1645159221531873
1439,0.08758179880511226
1440,1.7652686167611242
1441,2.1149242045238057
1442,0.9327151977995686
1443,0.11662215325481849
1444,0.4403830517464448
1445,1.1965768925206777
1446,0.8989515672840276
1447,2.1682914818711736
1448,1.3478468709195617
1449,2.5139481424909307
1450,1.095956926205348
1451,1.0199322595855311
1452,0.6917036263632204
1453,1.1242890519745399
1454,1.1100474404836853
1455,0.621542361936285
1456,1.3064393592696417
1457,0.6930557551053855
1458,1.4219684457332105
1459,0.5130734693381838
1460,2.1384557768937995
1461,0.9484974637754493
1462,0.7450350667213043
1463,1.8756230903851119
1464,0.3290854504597928
1465,1.3545338884893985
1466,0.4722668193286936
1467,0.9154460003694145
1468,0.40580417197705604
1469,0.11224287886543713
1470,1.0201341888997855
1471,0.6253249751406066
1472,0.14809123914740654
1473,1.2685415748548574
1474,1.3525609418274966
1475,0.7629488972241893
1476,0.04593398411973809
1477,0.3368416780610439
1478,0.5550964302068597
1479,0.592627226632896
1480,1.9322169924547787
1481,0.3124327398920587
1482,0.3903451397340704
1483,1.5529245800802263
1484,0.5870561612221725
1485,1.495575267982346
1486,-0.0895062068895113
1487,0.44721580691315405
1488,0.7918154270464344
1489,-0.23712650315302436
1490,0.5918967995718438
1491,0.7634794747672811
1492,1.1718881400076113
1493,1.6888363324630769
1494,1.0183237859545033
1495,0.39134234712336524
1496,1.6231235641400745
1497,1.8332753971231237
1498,1.685272652966853
1499,1.7436204368760877
1500,0.19095883307051076
1501,1.2833480883945168
1502,0.07705074872879368
1503,2.2895082608348125
1504,0.8435125341301375
1505,1.2779879758845831
1506,2.15116732156894
1507,1.493052532980194
1508,-0.1536468652747651
1509,2.0773169509342218
1510,1.2269040441120922
1511,0.7540767090403814
1512,0.9150620714959347
1513,0.8565806456650116
1514,0.13602292692128434
1515,1.0382877749172754
1516,1.7926782352124282
1517,0.7811523393876171
1518,0.1560989746370568
1519,0.4167429969819303
1520,0.05884293019264357
1521,1.312646455116973
1522,0.6072577925471967
1523,1.3142244764505924
1524,0.35482483376861707
1525,-0.2728242306229634
1526,0.31351689637461866
1527,0.5705601353635271
1528,1.115305966054106
1529,0.9129665503350988
1530,1.6337974053570843
1531,-0.18125442111942813
1532,2.1907995450023314
1533,1.6464513492762047
1534,1.0857866638137066
1535,0.6025819286702041
1536,2.0439304663215885
1537,0.7234654947183712
1538,0.5483245912354432
1539,0.6970258021131345
1540,1.39153757172811
1541,2.0809099634198405
1542,1.7740228971408876
1543,0.7801920261316019
1544,-1.0313343595022666
1545,1.1396774783951291
1546,1.135484311932447
1547,1.0225438025419744
1548,0.4214214009517954
1549,0.30970329760177784
1550,0.4272369771530285
1551,0.7018898909958289
1552,1.211634219159415
1553,0.8710241113256745
1554,1.7456365415316424
1555,0.2088196133780823
1556,0.7414634525747237
1557,1.1537953334361395
1558,0.4834526404928885
1559,1.229211508546074
1560,1.7216939075135604
1561,0.3950682780927232
1562,2.1217566219084847
1563,2.1747672025569518
1564,1.5604380250927516
1565,2.117840058169381
1566,-0.10075381328303767
1567,0.710412143171887
1568,0.19356501735361414
1569,0.6229542392951966
1570,1.9449957778476152
1571,0.0047174256813444365
1572,1.1057667291488136
1573,0.7236776581162698
1574,0.6134762211840958
1575,0.4239978955963586
1576,1.4459688486368503
1577,2.251990894032095
1578,-0.003822755295119981
1579,1.4576729640718382
1580,0.17424567952936815
1581,0.20879561060504742
1582,0.7606400376630885
1583,1.3657758555768134
1584,1.1613783800657065
1585,0.87484394798053
1586,1.4058870551351474
1587,0.49816908647959024
1588,0.6658371177415976
1589,1.2156820081754982
1590,0.1670973528004386
1591,-0.018753779534698006
1592,0.4695651619101245
1593,2.046734346279039
1594,0.8870103767543838
1595,0.6171142877853724
1596,1.478937105238693
1597,0.9326268129558914
1598,0.2711175071512452
1599,0.9586129841966942
1600,1.2890497260987772
1601,0.21860492425789332
1602,1.0806735501535143
1603,0.26692235704785405
1604,-0.12828533738729136
1605,0.03596052924737108
1606,1.1315240408150065
1607,1.9720840968706534
1608,1.0506945921195308
1609,0.43423251768255644
1610,1.5136564983286294
1611,1.853825210262621
1612,2.2329975221371723
1613,1.559406215285962
1614,1.6866500678546397
1615,2.078215053912916
1616,2.0307226376467957
1617,0.6969539370923465
1618,0.672375011584595
1619,1.2459979858096348
1620,-0.30684179721638877
1621,1.4682167008332003
1622,0.2179540499560507
1623,1.7923130485576504
1624,1.245686342208191
1625,1.3801297289277252
1626,1.5096223371935906
1627,0.5711274610463923
1628,0.8182044474588408
1629,-0.2659344413654437
1630,1.0428082685041626
1631,0.3467300721621616
1632,1.1610542409043143
1633,1.8643418729145191
1634,0.13948903259935644
1635,1.7141028497391577
1636,1.4336561068995148
1637,-0.013845935952340044
1638,1.4684107779347084
1639,0.6644455459206347
1640,0.052484254247760376
1641,0.8036532626406293
1642,1.045364642940935
1643,0.548515055273807
1644,1.1198658181796137
1645,0.8973397213020553
1646,1.837998453293445
1647,0.9748195776954353
1648,0.3497545087059795
1649,0.38844498119289506
1650,0.19087221401350965
1651,0.9117484101435551
1652,0.2531307160949412
1653,0.813714479807418
1654,2.0930333726755217
1655,1.14417919825451
1656,1.621788599063336
1657,0.005544551893806218
1658,1.6698285262604013
1659,-0.052168643467208634
1660,1.36582931490029
1661,2.315340974528615
1662,1.5582520928296024
1663,2.516756042489048
1664,0.44433327748596196
1665,-0.09932901253001461
1666,0.7297260441487574
1667,2.22095583467279
1668,-0.3235392300633184
1669,1.6885363780146556
1670,1.4827419198830134
1671,1.6529308184215143
1672,-0.08779648479163846
1673,2.5896914413380445
1674,2.1705734552842966
1675,0.5203320456365462
1676,0.33243921709158974
1677,0.6457071019912561
1678,1.0880450878435677
1679,0.42010567717748815
1680,1.5103033742426766
1681,1.5812408893745966
1682,0.2204949996532336
1683,0.1762239217224249
1684,0.07135167794566057
1685,1.0544105818095266
1686,-0.018879828584325797
1687,0.398423513385338
1688,1.3334884052818445
1689,2.047853612511621
1690,-0.301119907362813
1691,0.9761808227107913
1692,0.454757317435827
1693,1.543920945117779
1694,0.09489737158777238
1695,0.9482740565624912
1696,1.4451782431796953
1697,0.9222593846759353
1698,0.23952213177281484
1699,-0.09382144691333917
1700,0.382842032117424
1701,0.6192199140147325
1702,1.3204597376909728
1703,1.723698777553732
1704,0.09946568995214661
1705,1.657160422376988
1706,2.033015327019727
1707,0.2003108483988082
1708,0.22243448107088243
1709,1.3623216753793965
1710,0.37663604558945674
1711,0.7472678224961281
1712,0.5194078322556992
1713,1.1416781181242528
1714,1.4181221998924316
1715,2.0443251168521503
1716,0.8517512273397926
1717,1.9458790805657555
1718,3.3465576656743843
1719,1.5480644435769455
1720,0.33285462805301197
1721,1.1391730255095447
1722,1.9849495658391458
1723,1.1965775210403573
1724,0.5112431890488971
1725,1.1773667447179714
1726,1.034292640409423
1727,1.2097683408216267
1728,1.2661535644265283
1729,1.3681135584069464
1730,2.41259312093595
1731,1.2378024199304365
1732,2.9451843192043508
1733,1.9897244053874479
1734,0.6054734243351543
1735,-0.08799604605620709
1736,2.0528575389968213
1737,0.5294489084144444
1738,1.5671568372234044
1739,1.2804561158589909
1740,0.3814345060753571
1741,2.1043690562823105
1742,1.1758350102353308
1743,0.021371597667582426
1744,0.07236159605844551
1745,1.258970347018965
1746,-0.14149809867521404
1747,0.371532450037841
1748,0.8846744331342349
1749,1.1200718281463573
1750,1.2667916582303576
1751,2.0050863796739433
1752,0.8084369317855897
1753,0.00761539741232653
1754,-0.300808099437612
1755,1.0187021103531007
1756,0.6994363796676777
1757,0.778046583816275
1758,0.9361608965528917
1759,0.5156250131618264
1760,1.4051978443451891
1761,1.114666541845777
1762,1.3633294672950744
1763,-0.3614729641591594
1764,0.9589745016730453
1765,1.064643576739207
1766,0.1310355145540093
1767,0.021845497653216084
1768,0.33358350814704174
1769,0.3037750063913032
1770,0.11539915433567396
1771,0.3811658898721282
1772,2.169892978284051
1773,0.802090448893547
1774,1.204929037437891
1775,2.609184318636579
1776,1.4718737318842479
1777,1.6160008310897587
1778,0.1521105310581557
1779,2.446331391291102
1780,0.610829215667667
1781,1.2169713556044806
1782,1.4009559523135668
1783,0.31042126773468026
1784,1.6127997072611633
1785,1.431152901215603
1786,2.252365761471121
1787,0.7178728665702068
1788,1.175912898619989
1789,0.21179520232773708
1790,1.4447821910689282
1791,1.7051616799705314
1792,1.0384346816009375
1793,-0.04408221344494562
1794,0.5997206513448177
1795,2.2784940782838023
1796,0.64512442822956
1797,0.9217191552019373
1798,0.9731516743378086
1799,0.2312982114534477
1800,1.6222217451986072
1801,0.5430058766654996
1802,0.8644472237029779
1803,1.290978736996731
1804,0.9410909269228757
1805,1.0675021995358123
1806,0.5323171466175506
1807,2.0102721734474747
1808,0.3284975840075977
1809,0.1544532626842115
1810,0.8585713413324947
1811,0.09919713100752373
1812,0.587312760074493
1813,1.2981302782368103
1814,1.8395028312967385
1815,0.9456142391180788
1816,-0.2561578873187475
1817,1.3853722258924743
1818,1.605311121092286
1819,2.3999261758774253
1820,2.0649018887615695
1821,1.693815984378171
1822,0.7130059801812507
1823,1.3408068355579377
1824,-0.1313953771640388
1825,1.4082969199018
1826,0.5936437682205795
1827,1.267990319525859
1828,0.39922944315273867
1829,0.41290646843090617
1830,0.4192103407124532
1831,0.5485526630311109
1832,0.5429555485631735
1833,0.3435318390726575
1834,1.6080502586364753
1835,1.4830557682661194
1836,1.1731593822377513
1837,1.193814021971485
1838,0.3844955303966053
1839,0.9846697122296835
1840,0.5400484968490187
1841,1.7864448607814203
1842,2.020413034907367
1843,0.7544468448278485
1844,1.85002842088985
1845,1.2400528683131165
1846,1.0829739285437368
1847,1.2600052609956123
1848,1.957493138976066
1849,0.809277484873005
1850,1.8133710697803727
1851,0.7747873631998422
1852,-0.08000974148768059
1853,-0.005635052151251901
1854,0.0017791362686777612
1855,1.7136828475359493
1856,1.5524779374563864
1857,-0.08764248433978784
1858,-0.23484667708497237
1859,0.8673424939446349
1860,0.846756258817106
1861,1.3913979826922347
1862,0.3641639156968322
1863,0.9644950998189687
1864,0.4417454449614643
1865,0.9818159256013321
1866,0.7196767027819319
1867,0.1288283584814407
1868,0.3226395465510571
1869,0.8186510831786407
1870,-0.007705090014117982
1871,1.1016039979370875
1872,1.6361513725813501
1873,0.6395600408122422
1874,1.3931845725599317
1875,0.746749698593077
1876,0.390273265605372
1877,1.136025962242065
1878,1.7098762516627461
1879,0.3729914901471562
1880,0.39565695864604816
1881,0.10183392944797609
1882,-0.06583575696293209
1883,-0.18872027602820785
1884,-0.18244006308730365
1885,0.5035743654252441
1886,0.14669794686666263
1887,0.40775912688451266
1888,1.0340604942069351
1889,1.5067901884103505
1890,0.2324812696588601
1891,0.5208663135023583
1892,0.7049682478702359
1893,1.7568080042931637
1894,0.011131908056696699
1895,0.8761328202543303
1896,0.6422633056101577
1897,1.1968218833840738
1898,0.794597587949235
1899,0.3963798549961674
1900,0.6513545462146494
1901,1.0322727409231658
1902,1.2103162220175254
1903,0.13261909354818913
1904,1.5056589443772916
1905,0.5869691369687574
1906,0.2667222799313897
1907,-0.00036981224338830665
1908,0.359827274042736
1909,1.312336351969772
1910,0.45306178656098045
1911,1.3414483168604536
1912,1.4767074895092471
1913,0.3853613928967211
1914,1.6043618870590632
1915,0.5819058026838402
1916,-0.20065333971635782
1917,-0.06367232725104424
1918,0.51429188904984
1919,1.4273600014557166
1920,0.7068902735305427
1921,1.4157595091570885
1922,1.960193399174785
1923,0.9866083093522172
1924,1.2017131748403505
1925,0.1762574431748532
1926,0.07335152943508798
1927,0.1430155010198921
1928,0.0031192570139605136
1929,0.005241631733136298
1930,1.9768639570716064
1931,0.2713746374255871
1932,0.7099143893031781
1933,1.6958192319325882
1934,2.009693825615184
1935,0.5940985049758765
1936,1.3937949903862799
1937,0.5724022808836784
1938,0.6478241002086216
1939,1.015488236667652
1940,0.12021178252568607
1941,0.42792169535964064
1942,1.7482861881841338
1943,1.0221463040318917
1944,0.37936435070871266
1945,1.226582136037727
1946,1.519754755110651
1947,2.4797462353517354
1948,1.3366211052398735
1949,0.9585996447488814
1950,0.3625709580751987
1951,0.7863931928133885
1952,-0.1996328559873361
1953,1.1803481799664066
1954,1.49055912007872
1955,1.7299536663709045
1956,0.8598926835820752
1957,0.2603221087736235
1958,1.9983051510850323
1959,0.28836218755223275
1960,0.42397029621878746
1961,1.6387446608649345
1962,1.1555741967116557
1963,0.07341345193928019
1964,-0.2083378184564894
1965,1.9849860983595127
1966,0.23463597997212748
1967,1.2093909953096669
1968,1.9044537914916615
1969,0.0716883197939678
1970,1.1486968383355582
1971,1.0385953323980628
1972,0.18789111816788534
1973,1.6022035581860652
1974,0.6572109238977433
1975,1.4325170047243994
1976,0.8034765130460729
1977,0.04920813205805398
1978,0.41565691956978423
1979,0.6999183904473414
1980,1.2722774554293912
1981,1.7362750369038777
1982,-0.4065492602566881
1983,0.40213388692185875
1984,-0.021258129454321845
1985,1.5921895105978912
1986,2.116868918525833
1987,0.4299636196673904
1988,0.01814183077973737
1989,-0.0801120389755068
1990,-0.004398698552247435
1991,1.015771435529929
1992,1.3461161169059193
1993,1.5122166599290254
1994,1.9163919063343642
1995,0.9864076309593492
1996,1.9808372606415567
1997,0.798586939427306
1998,0.2719473303783536
1999,1.2908649164408963
2000,1.371972912072541
2001,2.327585794383322
2002,0.6878278212842079
2003,2.172254584550162
2004,0.8994493944947313
2005,1.8916938388021216
2006,-0.19102087711431293
2007,1.1582510720690598
2008,1.9329533642359151
2009,0.2720371176803656
2010,-0.8007754015695218
2011,0.7756599330362723
2012,1.5648417723761594
2013,1.6213851383538287
2014,0.6969715555072808
2015,1.2706097787569954
2016,2.0339578291611726
2017,0.2568149484906585
2018,0.043989030379497876
2019,1.908203809189447
2020,2.3884179362678197
2021,2.1155465572293566
2022,1.6039967547800025
2023,1.0884275610165115
2024,1.0444030711262347
2025,1.5497657773734899
2026,0.8069432023277792
2027,1.0600458652062723
2028,1.525738378429594
2029,1.3377795434964272
2030,1.3557483672622745
2031,1.02269768596812
2032,-0.16807562366432569
2033,0.5371326329889615
2034,-0.22737285649931746
2035,1.6827846047794168
2036,1.7000237158662923
2037,-0.2796882700587172
2038,1.4628045025291634
2039,0.9113230513306368
2040,1.2583886371299133
2041,2.030853168444587
2042,0.9389364099918542
2043,-0.11078573460198671
2044,0.3963046850575076
2045,1.339066866850443
2046,1.8481302908460426
2047,1.6488810328686376
2048,-0.4706106259670313
2049,0.20701289195440625
2050,0.3843499789241637
2051,0.35886520397598526
2052,-0.008620962806233562
2053,0.8103507495572604
2054,0.9412062217988924
2055,1.4397030563415907
2056,0.7358722345862356
2057,1.8758777000781786
2058,1.3804060712385686
2059,0.9017373007329075
2060,2.020039502081303
2061,0.3961114561312308
2062,0.46946147961719265
2063,0.6309433799918147
2064,1.6066367914965158
2065,0.919947903043157
2066,1.2582347723084895
2067,0.9729748477481466
2068,0.2379915185444887
2069,0.7478207844144055
2070,1.5116381656677145
2071,-0.16092471871218364
2072,0.8104955858067002
2073,1.5707167464998146
2074,1.1204439134949016
2075,1.4847933356780663
2076,0.39137214012034865
2077,1.8807770932349956
2078,0.5582347764964454
2079,1.8229339000128446
2080,1.4665183462811973
2081,1.5644487405147456
2082,0.3778985625881087
2083,1.9645005276434546
2084,-0.19441104301873763
2085,-0.2815713865686338
2086,1.209318155517635
2087,0.5242231612641663
2088,0.06014374807257421
2089,0.4855355252246971
2090,2.302965059004416
2091,1.9010411509468548
2092,0.9348427662748674
2093,1.290364248147695
2094,-0.06950595864935863
2095,1.3295761410982003
2096,1.0874523183005225
2097,0.4172119189470627
2098,1.4254701835523984
2099,0.10617368548225842
2100,0.8356284614698848
2101,2.2012744365114534
2102,1.4781638451763062
2103,0.2015275234648384
2104,0.9894293429958094
2105,2.0482820611160824
2106,0.8101765569002621
2107,1.3138824034341652
2108,0.7724355970074996
2109,0.38118209516190926
2110,1.526076583795731
2111,-0.006979878705764608
2112,0.6192328875812334
2113,0.4178226236127618
2114,0.2560698793373053
2115,1.407123433094939
2116,1.8196820669972553
2117,0.9775633002851898
2118,0.9127065149496476
2119,0.46281487573052643
2120,0.3080906173655917
2121,1.0285640231744
2122,1.0777661467266446
2123,1.302097523205004
2124,0.023335621513579385
2125,2.040636240914413
2126,3.6692585864664364
2127,0.4511327396055069
2128,2.04404571206878
2129,1.7404986803725426
2130,1.1835176927040492
2131,0.9970686540365286
2132,0.554814459211338
2133,1.456526003933806
2134,1.5753038918417708
2135,-0.33908565490529274
2136,0.3360280266619543
2137,2.7016208222963094
2138,0.7407245120680398
2139,0.5721020353951755
2140,1.5838189512330272
2141,1.8309078096522085
2142,0.24620680475109616
2143,1.6253358011548382
2144,0.8613211185749106
2145,1.199372072853975
2146,1.8199067759691094
2147,0.450152770522679
2148,1.9733739713991265
2149,0.7145943653592419
2150,1.7597853212290477
2151,1.586060985273165
2152,1.0574713961945903
2153,1.851175628439951
2154,0.32080852282211025
2155,1.028342038034051
2156,1.141871838793638
2157,0.8369951450141722
2158,1.1462456735144662
2159,1.4738329805580284
2160,1.1658311145955953
2161,1.034379024625061
2162,1.589779030117394
2163,0.1874555933906053
2164,0.0043318914093343555
2165,1.690736593949924
2166,1.3938145353014557
2167,0.7992793079263565
2168,2.566430876049756
2169,1.9572346207793296
2170,0.6216165299010163
2171,0.1573246519766591
2172,0.14620135385482017
2173,1.7226427486014815
2174,-0.2067206455406667
2175,0.4374502962090121
2176,0.2041956161707454
2177,0.3157736557171197
2178,1.7552859414646005
2179,1.4579128344389245
2180,1.276140096094998
2181,-0.34860266930716555
2182,1.077269840407115
2183,1.5013913355362865
2184,0.2837266487937705
2185,1.1534920457275744
2186,1.7434319098368758
2187,0.5535323057645416
2188,1.2149059103159598
2189,1.3566680843403294
2190,1.7430617377854538
2191,0.6375294124110322
2192,0.32544211975840087
2193,0.8484843982399912
2194,1.7328461759617415
2195,0.10987418608125271
2196,0.9699070933391694
2197,-0.12671638898291904
2198,1.51176408607188
2199,0.6473266407223315
2200,1.3252759770184057
2201,0.7706538195323557
2202,1.0494706937726306
2203,1.5433191493064844
2204,2.1391169183901715
2205,-0.04694877477690439
2206,1.4526590584238817
2207,-0.19498392955500377
2208,1.3460477259380277
2209,-0.09500638178246798
2210,1.5146040896969666
2211,1.849251870931889
2212,0.5075833959150057
2213,0.8498438215448155
2214,1.6597749414382719
2215,0.46106057752547747
2216,1.6384095315069411
2217,0.9594253450305477
2218,0.30142337040975226
2219,0.8364393410544604
2220,1.2977096719886294
2221,0.30058666090411
2222,0.45653332159091375
2223,0.2651540420003401
2224,1.1974613821783806
2225,1.371977789906484
2226,0.4124807935025468
2227,1.4705626678792723
2228,0.7646580513533792
2229,-0.1608657734617371
2230,1.5533848679927593
2231,0.9121927560092924
2232,0.0447939406442015
2233,0.9519485390042832
2234,0.48404640585999475
2235,1.570986240741745
2236,-0.09409144553328053
2237,0.628624085204804
2238,0.39797388309249726
2239,1.4041608446614802
2240,0.48479404086293665
2241,2.1451622698395862
2242,0.9566482038649032
2243,0.03441995930459446
2244,1.124878398300176
2245,2.3479375531030113
2246,-0.4333025579193437
2247,1.2977174784048808
2248,1.3827289947985546
2249,2.0498434513298247
2250,1.3133733563250174
2251,1.2585093799622502
2252,0.41729478335575
2253,0.32834897045462474
2254,0.7660539923421211
2255,0.18800027050485085
2256,1.802161717491816
2257,0.7905503648451828
2258,1.4258523634964002
2259,1.5803773275175788
2260,0.5236556936205106
2261,0.2017668378576913
2262,1.870324943143171
2263,0.894020590556166
2264,1.6460394397576386
2265,1.4141523204831956
2266,1.8880767651073043
2267,1.3516460863284365
2268,1.0163750524249962
2269,0.28397859709155837
2270,1.7077473528217275
2271,-0.028339236291320402
2272,1.4388276465411751
2273,1.7843100475177758
2274,2.3318253849931083
2275,1.2438356237077752
2276,0.9617140556658788
2277,2.304143011480881
2278,0.876272399762221
2279,0.8914892692871179
2280,0.7764983387244885
2281,1.8555333846023254
2282,1.091416433615368
2283,1.7387581694396774
2284,-0.37587752086532117
2285,1.2278386646077852
2286,-0.041174185513338714
2287,0.33338229234455036
2288,1.3988181602418903
2289,0.7292525463562194
2290,1.7569869008858774
2291,1.1345101851711406
2292,0.9628071512407017
2293,-0.40135503615523616
2294,1.5040642789351308
2295,1.0048783088956
2296,1.1753715451750255
2297,1.6183226037792693
2298,1.735320656215052
2299,-0.0447110427321156
2300,0.12421019874252506
2301,1.5040194629566852
2302,0.5943214938459588
2303,2.053558549435753
2304,0.5529543729953899
2305,0.12721026330400553
2306,0.3877125397854766
2307,2.1576120831733228
2308,1.4607222894446124
2309,1.2968535190471027
2310,0.7892238668157168
2311,0.49052081103823286
2312,1.1650874794476702
2313,1.847589711249486
2314,1.627957327632645
2315,-0.2036860506053682
2316,0.61876792230637
2317,0.7981679453295654
2318,0.14396304558065598
2319,1.4808264009710759
2320,0.4379087560775105
2321,0.1323241143197097
2322,0.5116181960421744
2323,0.49652021161564575
2324,2.5249648872617736
2325,1.4421300257763556
2326,0.759109317813303
2327,1.1898567564321982
2328,1.351462957950265
2329,0.8485296363797318
2330,0.5513220252539196
2331,0.24388635226860042
2332,0.2341145586549787
2333,0.41236618161790806
2334,0.44387118687255345
2335,0.6998145453745659
2336,0.4939591918154089
2337,0.515844923816519
2338,2.1161135673954594
2339,0.5993896027550726
2340,0.614151374322834
2341,1.0296018202996657
2342,1.074629317402189
2343,2.0424063621937396
2344,0.8211477283829893
2345,1.3674692528373342
2346,0.3695145850879594
2347,0.49775503491890116
2348,1.0821953659234258
2349,0.050505235919205804
2350,1.0236681784579682
2351,0.26147443245780905
2352,0.11604833077367116
2353,1.0462417555661068
2354,-0.12181755798820512
2355,0.38210066278369004
2356,1.8791244688415203
2357,0.8125590776262863
2358,1.544785436183311
2359,0.39777788281221355
2360,0.2127678832390119
2361,1.199017668730331
2362,0.45066266147929446
2363,0.9678545855971412
2364,-0.6204338498049375
2365,0.8600170629327983
2366,1.9658527751608579
2367,1.0284242594560422
2368,0.8355732355946683
2369,0.39411167708937733
2370,1.9042871772074064
2371,0.6531670386292767
2372,0.5441487244602957
2373,2.0315175659436764
2374,0.6271625902105202
2375,0.23091334472734631
2376,1.5873046677119134
2377,1.0863255662105098
2378,1.1580106968356911
2379,1.9519515480799365
2380,-0.13418426962128396
2381,1.1261724751112308
2382,1.9638807297616059
2383,0.7227233828741007
2384,-0.02487599352494059
2385,0.9933022569965257
2386,0.6616025633265752
2387,0.513436674604211
2388,0.38499520690475
2389,0.7411976341036657
2390,0.621035375846043
2391,0.6458773793969701
2392,0.40453343656935886
2393,1.1484070438818599
2394,0.0397084942165995
2395,1.3144514684630502
2396,1.580021913246222
2397,0.8163885071507473
2398,0.8833988665834827
2399,0.44280389659551267
2400,1.9480542283105922
2401,0.8638599038118732
2402,0.788921971403135
2403,0.42677210002750443
2404,1.5952619153766887
2405,-0.02919730564429593
2406,0.3281680272842737
2407,-0.13576767342368742
2408,-0.02978393421665257
2409,-0.1776702771136103
2410,0.7202228919388899
2411,0.018132871513799935
2412,1.1185204230991799
2413,0.7498044870386253
2414,1.0968697237361822
2415,0.41853636137484496
2416,0.8044513303780914
2417,0.010036162556961062
2418,0.09135531149052416
2419,1.3484474603294276
2420,2.0252213746631083
2421,1.2379335674614609
2422,1.9743293032781029
2423,0.1345944414403449
2424,1.0740849998726874
2425,2.3097386599731826
2426,0.3945458724230875
2427,1.300700270725478
2428,1.9402732635383368
2429,1.209575819248107
2430,1.467660939198087
2431,1.0480435798682464
2432,1.1316110462646873
2433,0.93200352763815
2434,0.6795967001658261
2435,1.5684962598209735
2436,0.9422565049571169
2437,1.0829765174990478
2438,1.1826797798310558
2439,-0.00553555542532172
2440,1.1692423582244198
2441,0.07287157561516532
2442,0.2829781354976452
2443,0.09103956207754008
2444,1.2995275841150693
2445,1.7875243009215385
2446,2.21560979557822
2447,0.06887003600250877
2448,2.026591768158378
2449,1.0264215385005353
2450,1.7132387167516048
2451,-0.15667115576009527
2452,1.5199342075014655
2453,-0.015049254347311913
2454,2.793060178024153
2455,1.1546872762440996
2456,1.1080346883237193
2457,1.4143202944723845
2458,2.983197568660816
2459,1.4808061727474024
2460,0.5861775766188038
2461,1.2720917393924764
2462,1.6493271080297196
2463,0.42574749375799037
2464,0.8531169661054419
2465,2.257322998849011
2466,0.20031819293550174
2467,0.6129244437207352
2468,1.4611998592339344
2469,0.025070842670427897
2470,0.3106835254979896
2471,0.2576966980837446
2472,1.0305638933454426
2473,0.9837871383856879
2474,-0.05320043697189307
2475,1.7569985078114922
2476,1.0802857442437601
2477,0.2954823197338188
2478,1.1559096153558044
2479,0.7785634447072416
2480,1.9085028171608092
2481,0.9652857597618718
2482,2.146587326379547
2483,0.49621270818960383
2484,0.05044319565209969
2485,-0.3848949885683621
2486,1.539448458025557
2487,1.183304188469988
2488,-0.17679658314398822
2489,1.4333308268102765
2490,1.6010993089056644
2491,1.0877810400960242
2492,1.403479617343578
2493,0.1187998961633625
2494,1.554645875196656
2495,0.3075410423796151
2496,1.0290746451871098
2497,0.5366419266492498
2498,1.0501534821772602
2499,1.215405235541525
2500,1.7373053922967308
2501,1.5436419591541588
2502,1.265071443898847
2503,0.7231631122889144
2504,-0.047882899199512524
2505,1.1984496858130276
2506,2.0578387972416685
2507,0.09168476684908505
2508,2.576510836727159
2509,0.07898070185281839
2510,0.7725821170069843
2511,1.470429712736874
2512,0.19932654425966184
2513,2.1003080644025403
2514,1.2469014812818666
2515,1.9407102297342
2516,1.2751735762766203
2517,1.676661644004412
2518,0.12030178797095593
2519,1.2795304262104183
2520,2.0131575010442035
2521,1.7717433031051981
2522,0.2049873288019144
2523,0.513581382092299
2524,0.7182803814767583
2525,0.3555057137077334
2526,1.7422935945499314
2527,0.24006082977342036
2528,0.2392474894528228
2529,1.6067487873003519
2530,1.9797652043122247
2531,0.9343097758383165
2532,0.11616920585002113
2533,0.6213818955746502
2534,0.595408891647988
2535,2.129313186322731
2536,1.222444531161121
2537,1.7538207401272075
2538,0.5486903644553098
2539,1.2450288669401186
2540,1.3798521924636633
2541,1.0023140589922523
2542,1.2833006879126956
2543,0.4486184697966668
2544,1.0347204571659687
2545,0.26626876470369776
2546,0.10373062264811533
2547,1.224922592389714
2548,1.8971016964471898
2549,0.6743179189833229
2550,1.4238321930959146
2551,1.034419897264641
2552,2.0754350156447727
2553,0.7265259219137548
2554,1.9466030823569562
2555,1.2197999943369173
2556,1.3643056224979544
2557,0.6115696946065703
2558,0.6099264121586361
2559,1.1192550837521433
2560,0.2998671275558992
2561,-0.4026020281176052
2562,0.60201651702426
2563,1.9214089852873306
2564,0.33069762507046446
2565,1.0779779856346432
2566,0.677199872473427
2567,1.472547419451532
2568,1.046198109012906
2569,0.48680779189170675
2570,2.619766714453741
2571,1.205621113256421
2572,1.6600600893585222
2573,0.4145063899282392
2574,1.375988396025652
2575,-0.3411091088269697
2576,1.8981627711459566
2577,1.0741263302199902
2578,2.484446081633027
2579,0.8952308721013869
2580,0.5485212657727566
2581,1.3744004641143839
2582,-0.20239611852165185
2583,0.2011511577922669
2584,1.2642165390383784
2585,0.6135790502158698
2586,0.879185744475814
2587,0.3166240408901447
2588,0.8999827810026989
2589,0.3125735680453706
2590,0.5619624683905288
2591,0.39809539714530195
2592,0.8171364878578624
2593,-0.03663621022819606
2594,-0.15275384205330694
2595,-0.006906475826302189
2596,-0.20085794924438616
2597,0.6285773378039181
2598,0.8589671938606025
2599,1.3441679718011246
2600,1.2204379210337404
2601,1.3174294417882793
2602,0.4730082796198993
2603,1.0845994460685646
2604,0.8672685329578269
2605,1.1550822495218054
2606,0.7825749151035736
2607,-0.2755627490794498
2608,1.0303438392703643
2609,1.5850707943749973
2610,0.5096342062227623
2611,1.0643206338186924
2612,1.3867703775105122
2613,0.42446944514538043
2614,0.5109709379958716
2615,0.059947028146159785
2616,0.5001232798958962
2617,0.538855296437176
2618,0.8087815791276178
2619,1.6615836711838514
2620,2.1856158336759166
2621,0.24569645989281064
2622,0.743067315732421
2623,2.115431185454414
2624,1.1192113369934091
2625,2.2899258099184667
2626,0.09927368950001601
2627,0.4942810100150701
2628,1.475121395391627
2629,0.6967089992879741
2630,1.5018134298102925
2631,-0.05885433098813429
2632,0.5386865464818417
2633,0.49162219833327
2634,-0.03753253647913221
2635,0.601660791129234
2636,1.0093415355022517
2637,0.7846343506599502
2638,1.232808914027228
2639,1.9091957956576358
2640,1.1936095306421493
2641,1.3020142418626865
2642,3.3212551946924607
2643,0.5769694615863004
2644,2.010949923581213
2645,1.4619319430006763
2646,1.6071394799666634
2647,1.159483902438358
2648,1.5766016833945138
2649,1.1323504913080777
2650,1.307627038414363
2651,1.3103180336741176
2652,1.7043966916593671
2653,1.2805548963868065
2654,0.7648272258330016
2655,2.4369768143948933
2656,1.6128915779506194
2657,1.816112427082761
2658,0.6788311357375734
2659,1.820035541103856
2660,2.1749818418415394
2661,1.0815353425701333
2662,1.3838653169268136
2663,0.7856875875848732
2664,0.9427990776141411
2665,0.44019147490349175
2666,0.9210717205826326
2667,2.18896341224518
2668,0.9970134546859568
2669,0.7164639147949823
2670,1.7291370343588421
2671,0.813216623856823
2672,1.5096509570078183
2673,0.8146050719016964
2674,0.8240563622146815
2675,-0.1694741000939152
2676,0.9578674487022685
2677,0.9174436735976721
2678,1.4588939497077542
2679,0.604149762413791
2680,1.4770661965709717
2681,0.21461176048032354
2682,0.7358812463984579
2683,1.171280972979348
2684,1.3348498531512922
2685,0.5252282794949084
2686,-0.09926378285573287
2687,0.5807817641580388
2688,0.3353968663705706
2689,1.4722123699434067
2690,1.578557935322396
2691,0.23294142189490677
2692,0.6870467619672374
2693,0.7337018211613482
2694,0.44749291102710675
2695,1.0720389951662197
2696,0.8473525409596647
2697,0.7834517392613465
2698,1.9978270812494654
2699,0.15590841939131556
2700,-0.3412320509981874
2701,0.6435008204418708
2702,0.7957258381149992
2703,1.6681484606945367
2704,0.32139629775103146
2705,-0.2058082349262942
2706,0.02523639865649034
2707,-0.01683122744601742
2708,1.2365047417065238
2709,1.214876783087817
2710,0.12642363036792492
2711,-0.2084766772152818
2712,1.1812248297067924
2713,3.1405234044536368
2714,2.265124962613782
2715,0.2627623070870816
2716,0.6013634997232751
2717,0.2147725531527724
2718,1.4453031108789534
2719,-0.11536305166575012
2720,1.717916358173619
2721,0.03308775425375076
2722,0.02029905581185376
2723,1.293570189573956
2724,0.8357904414135793
2725,0.1906703658685729
2726,0.6939375886340285
2727,0.8827950549597008
2728,0.45731875442748876
2729,0.8970937589206271
2730,2.014523286201652
2731,-0.19368166255571567
2732,3.4842237045309807
2733,0.8020196276929661
2734,0.06068261868128077
2735,0.9927358913022386
2736,0.04116540549811942
2737,0.49268419906009087
2738,0.3322627058231346
2739,1.9558433168083633
2740,1.7498840214904687
2741,0.7759798716572898
2742,-0.3354369749822454
2743,1.1097274289225045
2744,0.996484023180501
2745,0.9409085103718461
2746,0.727842949505017
2747,1.2087941369290336
2748,0.46614293788679945
2749,0.78277403220091
2750,2.165033154859254
2751,1.151251112819357
2752,0.5705773215416885
2753,2.013147839508461
2754,1.8673026368459105
2755,0.6707566429313112
2756,0.3153456885604668
2757,1.186221692466559
2758,0.3140509907292565
2759,0.7778139581093028
2760,0.6468294269732727
2761,2.1050885270159334
2762,1.1258581554906748
2763,0.030860316746143195
2764,1.4428902845736615
2765,1.698911947230058
2766,1.4604367893924315
2767,0.4981582005324409
2768,0.9112834476183787
2769,0.5849319067195933
2770,1.5893831550819064
2771,1.4689270181727474
2772,0.8189946775538713
2773,-0.1687256029953191
2774,0.8093394868461197
2775,-0.0437559382766346
2776,1.4902416786020312
2777,1.0882694330163838
2778,1.2359884983621898
2779,0.35946637063671727
2780,1.5811940184247935
2781,2.549793841819093
2782,-0.16677901292656186
2783,0.5403614815946449
2784,0.6646367457339211
2785,1.6963557374368712
2786,1.0179635007323584
2787,1.7387411046711378
2788,0.7167401430464959
2789,1.7545964271456849
2790,0.980696520018098
2791,1.3940969254733693
2792,0.7313496467223368
2793,1.8071019079474329
2794,0.9276489003575938
2795,1.6616457788617152
2796,1.2894822354080384
2797,-0.08922847574221665
2798,1.7065388147385954
2799,1.7084890451819912
2800,0.5582690159889365
2801,1.6471090619953552
2802,1.1350450479935625
2803,1.094030295672691
2804,0.044884287010355434
2805,1.0627145745038036
2806,0.4074532300221921
2807,0.537680312332319
2808,0.3656174691318153
2809,1.9308969459209069
2810,0.2059042295737141
2811,1.69204021710703
2812,1.6399637518381243
2813,0.8643925344670749
2814,0.6865780777534807
2815,1.8679615770853792
2816,0.09426053659325265
2817,-0.10275302072687403
2818,1.7637730929585769
2819,1.5998231532357696
2820,0.2864727423949056
2821,0.2953041112653414
2822,0.38083925220626724
2823,1.1637860695553672
2824,0.700666484106728
2825,0.37894458351443766
2826,1.074625904033627
2827,0.2454834276592584
2828,0.8521093691257442
2829,0.8163387421750838
2830,0.7704038375652579
2831,1.9289611524922714
2832,0.2836550829275334
2833,1.9417760929205863
2834,1.0760304674487187
2835,1.7706241745970552
2836,1.744084285382207
2837,-0.48281504757948307
2838,0.8598599003323399
2839,-0.053318915955650636
2840,1.0347886661672734
2841,2.2696379939005853
2842,0.08006518814671044
2843,0.9287966409483409
2844,1.9938524938363853
2845,0.303717966691729
2846,-0.4174712916593036
2847,1.0623548486434413
2848,1.0589823770397848
2849,0.5015618918124659
2850,1.5119618846760214
2851,0.2998564279535737
2852,0.4755704526748791
2853,0.34978807921874366
2854,0.09135240762053609
2855,-0.08633347020741286
2856,2.141730160984444
2857,1.346111293895128
2858,0.3178534441217071
2859,0.5691201637462417
2860,0.9864422596580236
2861,1.9956767718272381
2862,1.3608630335977918
2863,-0.2190527058049473
2864,0.9513349956721879
2865,0.1016184038634462
2866,2.30546090926235
2867,-0.7835321248791379
2868,1.4633050816339725
2869,-0.02303696697043668
2870,0.9414088464545705
2871,-0.10643285591009372
2872,2.007416659725937
2873,0.5893974018204808
2874,0.26775628098095494
2875,2.0335202839205566
2876,0.794991531934455
2877,0.6643789659099331
2878,1.92460896981111
2879,0.9827136587485538
2880,1.8277246632520352
2881,1.1750655670504133
2882,1.4322229266566975
2883,1.3656866636111076
2884,-0.003258243003790684
2885,0.7978194323878034
2886,0.4503120271037355
2887,0.44940267011965357
2888,0.29418689089594646
2889,0.6123439028062347
2890,0.12008577782129215
2891,1.1587184361534315
2892,0.9606002459216738
2893,1.1163791204770965
2894,0.6922591310364197
2895,1.2347227831947973
2896,0.2355579101787303
2897,1.33204122393806
2898,1.2903929425057328
2899,1.3249961431478037
2900,1.230170071519095
2901,0.4062668983492858
2902,-0.41405416765397923
2903,-0.2585561637531693
2904,0.27986535946062624
2905,0.9617768348440168
2906,-0.15199369595735357
2907,1.9478521407515703
2908,0.9664391167757731
2909,1.0061281603820513
2910,1.0063522530144553
2911,1.251987768144351
2912,1.0392699686081706
2913,1.9066115926042717
2914,0.9732213892840476
2915,0.3925484627458642
2916,1.854192603835019
2917,0.7426373938537385
2918,1.3002833281319686
2919,1.915983234261758
2920,1.8676189955716624
2921,1.6927906433855422
2922,-0.17573273262901337
2923,1.4229128384831657
2924,0.40717783318997436
2925,2.182252160322884
2926,0.5672102610620122
2927,1.0842184869470934
2928,0.7952480606907861
2929,1.477165813457904
2930,1.1188046560888543
2931,0.6739068844439082
2932,1.6657750983001083
2933,0.7663748304361777
2934,1.7307662450672523
2935,0.3397738828453361
2936,0.9049870162290402
2937,-0.007666713503442113
2938,1.4237249467415463
2939,0.1330953864635271
2940,2.2246643918459967
2941,0.9498085301035454
2942,-0.38443699286006966
2943,0.3162195444722241
2944,1.0860058756115472
2945,1.320996288785461
2946,1.0026231032693866
2947,2.343812498578566
2948,0.6246319739343222
2949,-0.017174775967432887
2950,1.5495026993448313
2951,0.8547721512391938
2952,-0.19266117271098268
2953,0.33866631250165025
2954,0.9864796328391296
2955,0.3648338350453319
2956,-0.04647534450919241
2957,1.1958680490572617
2958,0.5974701665941956
2959,-0.27203024731356795
2960,1.0969605151800859
2961,0.8461931563389585
2962,0.06502393562893119
2963,1.618220169424062
2964,0.699008869431385
2965,0.20550405720335257
2966,0.9400114173415626
2967,1.0820071844705734
2968,1.18960785309245
2969,0.6683547430894321
2970,0.7032800002448023
2971,1.4058992907853172
2972,0.07143918021377807
2973,1.0696804581867676
2974,0.08879040569117701
2975,0.3227532421569412
2976,1.8662498183891623
2977,1.208349097243098
2978,1.2341380464225766
2979,1.3285266511446316
2980,0.9458362989876663
2981,0.61452538434926
2982,-0.19055995639051113
2983,1.0746276721443453
2984,0.45689655148194513
2985,1.5111931567684462
2986,1.6163401888498101
2987,1.047884336621435
2988,0.17272954644130184
2989,1.8516680016745881
2990,-0.08170456048590077
2991,0.2824753179085705
2992,1.9992071679510506
2993,1.0374808255243044
2994,0.029650411337203586
2995,1.4402873621245755
2996,0.275641796031325
2997,1.9853057580197553
2998,2.067053695342213
2999,0.2769997349427349
3000,1.6535634585736985
3001,1.817682786961064
3002,1.4989426297064625
3003,1.4784326876484737
3004,1.5979743139363605
3005,1.1193903140704535
3006,2.119733272707819
3007,1.835292679937699
3008,0.9813761041441533
3009,2.164915033320203
3010,1.1269023097371638
3011,1.2702636465879373
3012,1.4608330368253402
3013,1.7969250015753704
3014,1.5005211372765908
3015,1.7220752316599635
3016,1.7854322200199961
3017,-0.3585624115146933
3018,1.6961518631818562
3019,2.045077154468433
3020,1.7382770480907752
3021,-0.2214221247654793
3022,-0.053137646023654395
3023,1.1015850302562042
3024,0.6108036201031826
3025,1.4681563146035534
3026,2.1782152432869006
3027,1.1612094873879797
3028,1.8240885856712066
3029,1.0867490153155743
3030,0.682232084308946
3031,1.966564780407301
3032,0.4210930091164904
3033,0.37774403744902924
3034,1.861083004499181
3035,0.3088282573483948
3036,2.0510983598077304
3037,1.5821686635654593
3038,0.9915382624829
3039,0.6196073948524099
3040,1.8933417760905658
3041,1.0841316461537533
3042,0.31003124580961094
3043,1.016113259909389
3044,1.5499628917263737
3045,0.3363591829272044
3046,1.9013848935510342
3047,1.784613552881673
3048,1.9722559387250236
3049,0.8855383761247182
3050,2.084656673149808
3051,1.2593940890128903
3052,1.108276762476761
3053,-0.014582474257345976
3054,1.2568708589438233
3055,0.626465849322726
3056,1.8409113270504411
3057,-0.1300096366974092
3058,1.4258083086635132
3059,1.3447094175297958
3060,2.078443269812055
3061,1.2533794759808055
3062,0.8141357852861921
3063,1.0809305808225398
3064,1.5599123243745212
3065,1.6953921012789401
3066,1.3362791867851462
3067,1.3117096006629825
3068,0.6210538045165986
3069,1.1187050928264213
3070,0.8034650041286004
3071,1.9454332727471824
3072,-0.07029346747436657
3073,2.156911024788671
3074,1.8828933145424736
3075,1.2148993996473494
3076,0.5601512667141519
3077,0.598302500395474
3078,1.4419181142729078
3079,1.9715536967548213
3080,1.1335143604404048
3081,0.8992770812992059
3082,0.7641539468715782
3083,0.7148984063413821
3084,0.3405893967855233
3085,1.2008867978861295
3086,2.0855992380834896
3087,0.9461853542876456
3088,1.4288870657364297
3089,1.565444868642625
3090,-0.03168790998275306
3091,1.7005298008276135
3092,1.7151221109067687
3093,0.21281665802382832
3094,0.6820592303268638
3095,0.5535384595321641
3096,0.37041293366757677
3097,1.709638083020337
3098,0.2876570261711596
3099,2.011038510965349
3100,1.7789556046818646
3101,0.1620994633064217
3102,1.135008937594584
3103,1.617807403601812
3104,0.5221650620560133
3105,0.20416120501539753
3106,0.6543281938992631
3107,1.3950122351647798
3108,0.6276523266515985
3109,0.6032206405135645
3110,0.19405406512919327
3111,1.7424049054547088
3112,0.9669364922646091
3113,0.37057255201992767
3114,0.17968656500340902
3115,0.6857999943058772
3116,0.006119590470965608
3117,1.0294777973739553
3118,0.12980914554575898
3119,1.4037530469493005
3120,1.6054732713549833
3121,0.5529606654677723
3122,1.0471294366908923
3123,-0.04200119495461033
3124,0.548916192183952
3125,0.9270133446437615
3126,0.9611123958368899
3127,0.6251403639135562
3128,1.18498625438304
3129,0.6798533188164086
3130,1.1722952668704085
3131,1.3850895763315811
3132,0.11475013298336922
3133,1.2960085810359896
3134,1.1986198688477514
3135,1.7416890109987861
3136,1.5845702799340649
3137,0.9881966550311506
3138,0.4528089697536145
3139,1.9077448617465016
3140,0.8711088516484894
3141,0.7040710817385847
3142,0.977618305831478
3143,0.3348195126832344
3144,1.9220129721373744
3145,0.21513105588670473
3146,0.7037417758710447
3147,0.324292270037803
3148,0.8221450294029009
3149,1.3103169884414367
3150,0.8318709858352731
3151,1.6429683218633817
3152,0.7958977398500566
3153,0.5382707122172705
3154,1.3770331392825934
3155,1.9285043484340731
3156,2.706695816948386
3157,0.5881298278972509
3158,1.9356602197402548
3159,1.0599582763088007
3160,0.8939175691797653
3161,0.6686607801473654
3162,0.9638376931478831
3163,0.3019651425644846
3164,1.6879964871065483
3165,0.35250621617055444
3166,1.0366716303965873
3167,1.9541929233341282
3168,1.304370624533462
3169,0.4624500736883798
3170,1.7220361562703883
3171,1.016548443946979
3172,-0.1256480191011099
3173,1.0678133498419464
3174,0.35379133646246774
3175,0.6692972749352155
3176,1.77099554787752
3177,0.5635099573122588
3178,1.023837010252532
3179,0.3150204200762994
3180,0.28453494047461575
3181,0.30108863700576516
3182,2.022066417734543
3183,1.7293939495855044
3184,0.14153645610354157
3185,0.08082022832348437
3186,1.0713852429075117
3187,1.5680194818408595
3188,1.87867845682647
3189,1.595672866372996
3190,1.0489250631952816
3191,-0.276939588682087
3192,1.5099583704888577
3193,0.926086745832699
3194,1.076781162141604
3195,1.0555906631151943
3196,0.6353267261603546
3197,0.3563059000371852
3198,1.154911298205278
3199,0.02431734490225665
3200,0.6216882119343674
3201,0.1970030625353822
3202,0.6656581477624279
3203,0.6161820685265464
3204,0.7953392012746014
3205,1.070355667411159
3206,1.1628499278112576
3207,1.311254832755706
3208,1.511405953122738
3209,1.0325029629315854
3210,0.907027776279866
3211,0.6987109058225478
3212,0.15231903549667364
3213,1.8511162683081033
3214,1.1443414111209615
3215,1.4775275948846633
3216,1.1552667730731159
3217,1.2808344485754541
3218,0.7745236113129313
3219,2.1624095058567936
3220,1.8725097587718658
3221,2.0392575615400697
3222,0.09634989989623254
3223,1.1270623615971294
3224,-0.05856183010685018
3225,1.9839420626026034
3226,0.062283337011675044
3227,1.216894939992202
3228,1.236873532536546
3229,1.764166305837776
3230,1.2321098215801694
3231,1.5040042042222797
3232,1.3480756164126348
3233,1.8299643947572306
3234,0.27501150307972366
3235,0.4278675536109958
3236,1.354760201911049
3237,2.122066625377898
3238,0.6296813008388793
3239,0.31987247747661973
3240,0.7529637568416445
3241,1.8610439284089
3242,0.6683920715389948
3243,1.3854339222682888
3244,0.09976938425656917
3245,2.371596802019265
3246,1.756923367150924
3247,0.34239784032964204
3248,-0.06984738740728721
3249,0.7324335306254715
3250,1.0557703367558466
3251,1.635470845185374
3252,1.5414549297919327
3253,1.6623535043551154
3254,1.8751770446548823
3255,-0.10701341654818383
3256,1.1047748476317167
3257,0.3803273921652328
3258,1.6600070775608087
3259,1.4381548183884374
3260,0.19721630386497332
3261,2.335753663751756
3262,0.8341477036152329
3263,0.2301812361498258
3264,-2.148497689009876e-05
3265,1.0892087254202105
3266,-0.026059376020337602
3267,1.8601424626998706
3268,0.8836887074791694
3269,0.32463054505965444
3270,1.3822975295129565
3271,0.3683237894358611
3272,0.12301638828927021
3273,1.3324375250103122
3274,1.290293571298978
3275,1.0237847443590673
3276,0.9673913864941381
3277,0.0344785398735222
3278,0.443247183673584
3279,0.9856144126926201
3280,0.5638849611189852
3281,0.655997034633474
3282,0.651676175189073
3283,-0.15663427850654085
3284,1.0790095975900822
3285,1.1853819752095158
3286,1.355541986032111
3287,-0.08060184162834738
3288,1.0615243317741694
3289,2.1497449081586475
3290,-0.10626804675463505
3291,0.41254166112570845
3292,-0.04618106175478151
3293,1.3504909189383931
3294,1.593897694231948
3295,1.7579165088416548
3296,0.24737524875682954
3297,0.311064723335524
3298,1.831591395784483
3299,1.471011680154017
3300,1.5887640481100034
3301,1.688110115241739
3302,-0.15617319366772386
3303,1.2607881224760267
3304,0.301400585659445
3305,0.5686137544971361
3306,0.5075818577374605
3307,-0.03737637148560928
3308,0.32312953208852735
3309,2.2575172026681725
3310,1.2364973803139894
3311,0.30451538188394967
3312,1.8158630155693958
3313,0.9261146936427801
3314,0.021034143081636147
3315,1.9152613245940013
3316,1.5207026112609674
3317,1.5759563685069833
3318,0.5220629047097636
3319,1.4617787648357983
3320,1.2439329535077457
3321,1.076586618143701
3322,0.09175238691153118
3323,0.5992096137852503
3324,1.124201768056557
3325,1.3495769426526916
3326,0.3706544533343656
3327,0.7660726019019218
3328,0.05195596273155567
3329,0.6337656522229391
3330,0.9043029437068937
3331,1.2980712505221028
3332,2.0081673068582613
3333,2.0383388754031433
3334,0.15196351214072185
3335,1.209211461311667
3336,1.3833185800025223
3337,1.7766171889601228
3338,1.60490063003148
3339,0.21476873625127083
3340,0.8068009715569603
3341,1.6859506617926046
3342,1.4263326087178434
3343,0.5166994063354383
3344,-0.10614206781837313
3345,1.8803290552781953
3346,0.07310103698517181
3347,0.915327277582139
3348,1.0106565198496154
3349,0.40222070687538786
3350,-0.13337974790136425
3351,0.6290352552369113
3352,1.9846697721353785
3353,1.1433903953534088
3354,-0.0944419544641378
3355,1.6202567544837332
3356,0.9959735070557078
3357,0.6348780577583325
3358,0.24909869111092542
3359,-0.09830465664390137
3360,-0.09137946917650264
3361,0.15301185324870792
3362,1.4388762919209972
3363,1.127619194976258
3364,-0.12303599397735684
3365,0.24340037143612797
3366,1.6277607860611536
3367,1.3749285604220551
3368,2.0981912275251626
3369,1.2388991880705715
3370,0.37807689710862413
3371,-0.05821651792171596
3372,0.17619737734626204
3373,-0.021425831250637913
3374,2.1372873052821846
3375,1.9039827502563926
3376,1.312104337314376
3377,1.097856842954393
3378,0.47618088532679664
3379,-0.08507070193693206
3380,-0.23830775823034533
3381,0.9888349829937833
3382,1.9993244338678944
3383,0.5605220464963191
3384,0.2290153187356096
3385,1.4283160340183703
3386,0.245626026514957
3387,1.1659324647713067
3388,0.15635274686754239
3389,0.08934625880688442
3390,1.869194614510443
3391,0.34579455365105577
3392,1.3753413590531098
3393,0.904154306471721
3394,0.1459224342412766
3395,1.7112501495546433
3396,0.34515395907898433
3397,0.47589898297575495
3398,2.0482127196340896
3399,1.137952877511905
3400,1.3755005620494496
3401,1.3815181073497913
3402,0.6274583204306976
3403,0.4438585814591883
3404,0.5979890359093747
3405,0.27678339142274977
3406,0.9715736690502235
3407,1.244136640163832
3408,1.9527168454536536
3409,0.4526662898623776
3410,2.0920371579105925
3411,2.0157655781572923
3412,0.9713711294801703
3413,1.6706381061589481
3414,1.6615745935662418
3415,1.0159250524979055
3416,1.1078349900741302
3417,0.30211786932052875
3418,1.3443566541998446
3419,0.8260752862571636
3420,1.9223670967216002
3421,0.6853722475634789
3422,1.5950720487855448
3423,-0.10463988738564797
3424,1.546405787227149
3425,1.4683017738183666
3426,-0.10676163187044857
3427,1.6430531946354945
3428,2.023806949690015
3429,1.591197478604608
3430,1.2581896798083099
3431,1.8990382239347838
3432,2.2615302417529843
3433,1.3234646221232196
3434,0.45018383540708695
3435,0.46464180923828025
3436,1.2385923963520529
3437,0.9659984226355824
3438,1.1006818314579792
3439,1.3329694254026887
3440,0.6377863537635582
3441,0.05126855096812701
3442,-0.16221890309230003
3443,1.3691094848138339
3444,1.811818630828595
3445,1.6001217803809518
3446,1.4668435056771547
3447,0.10506082005193433
3448,1.0568126310797215
3449,1.251092181539887
3450,0.5860990856063756
3451,-0.01826572554216635
3452,1.6741280222552817
3453,2.0801974979823843
3454,1.8498957278575772
3455,0.9213482480665645
3456,0.16696188857338456
3457,0.8695764917966193
3458,2.30800364437173
3459,1.798293111341191
3460,0.8590883762635539
3461,1.7582610953371953
3462,0.6855190415969823
3463,1.465034628676801
3464,0.7469119814250604
3465,0.04265249278340018
3466,0.8492224821539427
3467,0.568607891582654
3468,0.704577711942922
3469,0.8897410965739925
3470,0.43536467746298035
3471,0.22399377168201987
3472,1.8810224523493584
3473,1.050935214537663
3474,-0.10627233726831453
3475,1.3093804903164985
3476,1.5525623135485702
3477,0.4661084252928102
3478,1.9246818189630692
3479,0.5720922236873345
3480,0.12463729715650293
3481,-0.1661200886941788
3482,-0.5808798894459188
3483,1.574112471808559
3484,1.8406942351708135
3485,0.07804677519352954
3486,1.7634086317073172
3487,2.4253696869104133
3488,0.3235632409121808
3489,0.17550938421515466
3490,0.9970484365063614
3491,0.6743017618957216
3492,1.3689305378613676
3493,0.8727526154132927
3494,1.3687798287609394
3495,-0.04421710596075479
3496,0.895650087332573
3497,2.142506492120062
3498,-0.17112398927599792
3499,1.979555629650539
3500,0.6463683194720231
3501,1.4231376400031943
3502,2.057424518101361
3503,0.24946843265788127
3504,0.30152883667969493
3505,1.4649929318326942
3506,0.872292279580883
3507,0.9925977537424091
3508,1.0419754402807861
3509,-0.46209419884251896
3510,1.0209571967090643
3511,1.063989765273774
3512,1.2801433924089207
3513,1.7377465884228804
3514,2.1909134817616134
3515,2.1543877049826867
3516,1.2420649972385935
3517,0.9920645951511742
3518,0.2398309996944501
3519,0.7640460152421645
3520,1.6368825192399026
3521,0.3033529402065446
3522,2.24691868318945
3523,1.017867005140141
3524,2.179507695141636
3525,1.6452883379393843
3526,1.0637285559914014
3527,1.5970297716358017
3528,1.2627017244975267
3529,0.903716053932754
3530,2.0357479883001197
3531,2.3015242105693723
3532,1.385797264132665
3533,0.6273802577437355
3534,1.6362393104292188
3535,2.755917619650196
3536,0.11632145938483782
3537,0.33091717437898877
3538,0.5300649063418801
3539,0.91879461280977
3540,0.4116898206070555
3541,2.015737537124628
3542,1.9588389323117563
3543,0.4070320406318137
3544,1.304642639701093
3545,0.6510538479431489
3546,0.6295284067416057
3547,1.2955004253960098
3548,1.0662475358905457
3549,0.6460683146219541
3550,1.7868232296306297
3551,1.660139147719871
3552,0.06601848128111694
3553,1.14422543100743
3554,1.2709423432470714
3555,0.5129942302456627
3556,1.8425770170782672
3557,1.4675814685997197
3558,0.28536674322238853
3559,0.6616276507219236
3560,1.5576404494145992
3561,-0.0031124042824878517
3562,1.3260348731386447
3563,1.372899101082723
3564,0.6366371223956625
3565,1.3444640177637328
3566,0.5988103890882391
3567,2.2143733731237822
3568,1.3526416776967578
3569,2.0919368703030323
3570,2.4420309762966155
3571,0.7064962901737395
3572,1.7111879074902376
3573,0.21401193161008666
3574,0.5224859170736931
3575,2.008489912551566
3576,1.8998629314349147
3577,1.4575152865202743
3578,0.7022719773003899
3579,0.34000709364733833
3580,0.12121314555107976
3581,0.09170306233542445
3582,-0.1338383179856812
3583,0.0768048028117608
3584,0.33759066507575775
3585,1.8848748704003402
3586,1.0272145700363498
3587,0.8368056870645217
3588,0.6689786864859598
3589,1.5417959731985167
3590,1.6049297132871025
3591,0.19687922327459062
3592,1.8775577488518815
3593,0.3294867507661437
3594,0.9569435076053819
3595,1.7407897604258555
3596,1.7055146116299043
3597,1.1484284681151231
3598,0.8998091915866212
3599,0.10327197797038974
3600,0.7990558941282877
3601,0.29901114849871196
3602,0.7381281764718846
3603,1.0383986606104751
3604,1.9637454795746663
3605,1.87737080935626
3606,2.1463527956007757
3607,2.0437154307941
3608,0.33772493355788025
3609,0.5210472583812105
3610,1.1067228241898286
3611,1.3193551911745747
3612,1.0061287726233348
3613,1.0925182191681946
3614,1.5191003020664056
3615,1.07709376012585
3616,0.21424662623140986
3617,0.7341030860035713
3618,1.9301725954368416
3619,1.0857988320546064
3620,0.07014805576160849
3621,0.9630333681992505
3622,0.0422943244829065
3623,1.79969608740326
3624,1.1235483528993928
3625,0.3520163884914067
3626,1.3534756992681565
3627,1.1795752981241119
3628,0.7141689457529332
3629,-0.11442212917872692
3630,0.2739279977120939
3631,-0.36032975732478467
3632,0.7370430144636642
3633,1.1580967300864848
3634,1.684657336929166
3635,0.9020156893696338
3636,1.1318655888446203
3637,1.5319527875160188
3638,0.7548031981988208
3639,2.2856630052373683
3640,1.24413562593416
3641,1.3187221919829875
3642,0.5336375568996481
3643,0.8881324434038287
3644,1.9707815410154976
3645,1.6651486291945021
3646,1.505152480384262
3647,1.9064569518261476
3648,1.2447453818127001
3649,-0.14841891159510254
3650,0.24346449688697921
3651,1.054803680310341
3652,0.8258975867382694
3653,1.6404089403360884
3654,1.306482500672946
3655,0.23903594965701713
3656,2.0134216328631016
3657,0.9418929082645154
3658,2.0590327519051037
3659,0.24479715229752957
3660,0.19490422391678466
3661,-0.09105791584034453
3662,1.9754918015942395
3663,1.369669546302987
3664,1.5940303559238147
3665,1.8383251002071703
3666,0.63677097418648
3667,0.3147072197140316
3668,0.5484401926711392
3669,0.7149094223097889
3670,0.36123425967105843
3671,0.05328364871717844
3672,1.2141177621068127
3673,2.0260241007407216
3674,0.9283847149185609
3675,2.1791361953312447
3676,0.9871045614452023
3677,0.38129783223491703
3678,1.0365818757786847
3679,1.170435538599217
3680,1.9465269744330018
3681,1.3570824809081707
3682,0.3372404676986885
3683,1.5750974471161308
3684,1.540841290346954
3685,1.65447454630954
3686,0.99783330113309
3687,0.891086021702323
3688,1.061072700710601
3689,-0.05919105228178455
3690,0.08945853899984146
3691,1.7935218929919632
3692,1.0643713590365984
3693,2.180118275552652
3694,1.3870445557534856
3695,-0.11903551606389923
3696,1.6577788095104815
3697,1.1603808988311815
3698,1.5232634631234387
3699,0.5812704769239398
3700,2.117214888998245
3701,0.02788239278392108
3702,0.8083532894664232
3703,0.1639018569235946
3704,0.20891410002171795
3705,0.489820623912496
3706,1.1925260921089766
3707,1.3326771053984754
3708,1.2928765633095096
3709,1.554695696927001
3710,1.9963311739003777
3711,1.3612482255340412
3712,1.5251484562577293
3713,0.029499836467836743
3714,1.5201607736143834
3715,1.5823419845097517
3716,1.4478140962572141
3717,2.257205664134292
3718,1.4678229696072826
3719,1.9181636712607297
3720,0.7184673885010895
3721,1.3709536693300968
3722,1.6865766129944697
3723,0.6628181670772153
3724,-0.07636913187561001
3725,1.911108027206676
3726,0.4307576997504403
3727,0.9089923084454774
3728,0.5251176093486741
3729,0.5359354093981425
3730,1.8161471908064155
3731,0.15928092175379302
3732,0.0960573315446483
3733,1.2225374255489985
3734,1.404192586494771
3735,-0.05626480571586355
3736,0.3742096485897235
3737,1.0926351641998826
3738,0.07561587450606515
3739,1.6279486857349559
3740,0.8557871280072338
3741,1.1326936949308428
3742,1.4946448377208337
3743,0.3797871447019142
3744,0.9044776247266164
3745,0.7888813844809835
3746,1.7351088480389842
3747,0.2098059864873088
3748,0.6292386096342819
3749,1.3955934866457902
3750,1.1584101854328739
3751,1.6491705694050849
3752,0.5103022293200852
3753,1.452475197923952
3754,0.04539871032427614
3755,0.7540178183091224
3756,0.05865939486691969
3757,0.1675058366344481
3758,1.5828869541294877
3759,0.42559056139446216
3760,-0.050297580661901015
3761,0.8817727736332848
3762,1.2019748531878045
3763,1.1620863865979711
3764,0.7486147642538821
3765,0.913496531233325
3766,1.1057257088094565
3767,1.9107464924532171
3768,0.03174907445624957
3769,0.483048613838101
3770,0.16155481808142255
3771,0.8626084883674865
3772,0.843304251137226
3773,0.2644843074400328
3774,1.061850319167949
3775,1.0546811884425182
3776,-0.26233947561508897
3777,1.4292122728382253
3778,1.112207098120691
3779,-0.2638664227509173
3780,0.4323341999677466
3781,-0.670590994405639
3782,1.7861096030849588
3783,1.2619602694646868
3784,0.8609106637595968
3785,1.1408826881936065
3786,1.8951552549125126
3787,0.8351361680996192
3788,0.9655634281742832
3789,1.596051982455611
3790,0.6957031707074244
3791,0.32799562681751143
3792,1.261524196657878
3793,0.3450771217023081
3794,0.9750870885495635
3795,1.5144635439506686
3796,0.8231778273324936
3797,1.233241221844378
3798,1.6226157805800314
3799,1.3534743260355728
3800,0.6283128604411883
3801,0.27947571139032096
3802,0.33787479210527577
3803,1.5733620006755298
3804,0.2473338950777165
3805,1.1131824706227864
3806,1.4013448532426374
3807,1.3605906104035357
3808,-0.06404847389773337
3809,1.3647338605859747
3810,1.652171752633748
3811,0.8197370575428594
3812,0.9163841021772574
3813,1.5617737304120567
3814,0.9795752160869153
3815,0.45611589588727985
3816,1.0670914918875876
3817,1.6034093487947616
3818,0.8839088468393534
3819,0.7171697251299618
3820,0.02849224486802674
3821,2.2965123885780985
3822,1.0520215733090605
3823,1.1427001255400793
3824,0.1334428309265408
3825,0.8480664362916748
3826,0.3783960479137393
3827,1.91733298782274
3828,1.0415525413512257
3829,0.33269585942909535
3830,1.5325629765130926
3831,2.440986123221106
3832,0.7948227421243308
3833,1.409195959750747
3834,1.1704742875957381
3835,0.8588749392207189
3836,1.1782295184855
3837,2.0977054774682116
3838,0.9531897962433595
3839,1.8742657085506451
3840,1.0775825783710917
3841,1.6559524086604713
3842,0.5025944464807399
3843,1.1784402756949293
3844,0.8955064981572938
3845,1.2637244301724775
3846,1.0563017808751882
3847,1.8185414815700647
3848,2.0140609968958447
3849,0.7401813824861766
3850,1.2380652806071268
3851,1.6072979820328803
3852,0.7212616794646582
3853,1.0436370873586285
3854,1.5388222613782492
3855,1.3293678536066245
3856,1.6822631229553902
3857,0.5606654091351232
3858,1.2549613248199438
3859,1.9592989759082529
3860,1.6445144042007516
3861,-0.10417733537931406
3862,0.5877311945284396
3863,0.17140070648391964
3864,1.4605750934360016
3865,0.2115556534906211
3866,0.9772593439420385
3867,1.4481225240764348
3868,2.033772219249481
3869,0.03877898851045965
3870,0.5985427642121008
3871,0.16409993684085777
3872,0.41493103683667004
3873,-0.2700451651599161
3874,-0.13214974223514733
3875,1.7222818922171177
3876,0.8761437650108939
3877,0.11952734483898944
3878,0.9738119687905857
3879,0.15981310171018337
3880,1.4227814991213692
3881,0.23554455436280475
3882,1.3445265791974934
3883,1.2958472410199073
3884,1.3199458942781581
3885,1.4906806605875609
3886,0.7440253519071376
3887,1.015063506726879
3888,0.7922172346903112
3889,1.791084430044288
3890,1.3644151254413028
3891,-0.27891817286375853
3892,1.4461360808427164
3893,0.8810064146225902
3894,0.23093809811476917
3895,-0.014484951976034346
3896,1.0295188309370071
3897,0.2945375099666566
3898,0.3153112542159151
3899,1.4172465735214108
3900,-0.015027062665087687
3901,0.5472321255744304
3902,1.572787975204418
3903,-0.07995001592858714
3904,2.001791242777451
3905,1.102847426560301
3906,1.9429566327674248
3907,1.9651715307182236
3908,2.0339198181881164
3909,1.4683706633045477
3910,0.3845587338763206
3911,1.674922558027775
3912,1.9388341087280845
3913,1.364178041854779
3914,0.7944567097546094
3915,1.9101338053597412
3916,1.1418391346235892
3917,0.9271763083057771
3918,1.5443270638918218
3919,0.0977254284172912
3920,0.9494900656000111
3921,-0.23808115019581844
3922,0.2963542142575486
3923,1.2757114185693559
3924,0.40175925719914385
3925,0.29016460432881347
3926,-0.39789980857930274
3927,2.0285225346076015
3928,0.49114857068615775
3929,0.7884211601267364
3930,0.5914648495840984
3931,1.6443495428080115
3932,1.0244349905792751
3933,1.9376231672538269
3934,0.43602606796105475
3935,1.7843264694799301
3936,0.5152730284084921
3937,0.854245314339011
3938,0.8428691151697825
3939,1.5897908861183345
3940,1.7189906588100399
3941,1.4572729426044229
3942,0.7560623261374666
3943,0.8375029456960874
3944,1.1959375817524436
3945,1.474605183896529
3946,1.0742658365333093
3947,0.18944879554667235
3948,1.1807149538700201
3949,0.08517853686947044
3950,1.2257235628341618
3951,-0.12304098742263461
3952,0.24276532342530482
3953,1.1890360461410383
3954,2.111480709835615
3955,0.38432799145635577
3956,0.25790520321569943
3957,1.5319658415485577
3958,0.07427932691888418
3959,-0.18412861143812403
3960,0.8360454756205606
3961,0.7799503861227268
3962,1.314411613464329
3963,0.005226777211478392
3964,0.9953138408368674
3965,0.5932390657528698
3966,0.8120883717391814
3967,1.7066957025726175
3968,0.6337033221468054
3969,2.2840121210725557
3970,2.3490284909848658
3971,1.9889814665406276
3972,1.5802057013976127
3973,0.6146134006702239
3974,2.103021874876941
3975,0.6516678505388898
3976,1.0002587859636003
3977,1.1088681924432526
3978,2.0497639097925426
3979,1.3555763222203194
3980,1.0105857472433615
3981,1.106478880575361
3982,1.9059528763220155
3983,1.0480134210704537
3984,0.2910912265236071
3985,1.8949408368474834
3986,0.2873280994412988
3987,-0.08191655064140121
3988,1.6243721187145979
3989,0.5128749537645095
3990,1.326835386521778
3991,0.9329457970929553
3992,1.2402012419837902
3993,1.0124881322349801
3994,-0.12144050142952717
3995,1.4383385525506605
3996,1.043140271160753
3997,-0.041339975164269405
3998,0.848976683824727
3999,0.3053405880206652
4000,-0.08410152820734182
4001,-0.023952829822443122
4002,0.3217374828116083
4003,1.5919074062294045
4004,0.713475752123165
4005,1.2647361022849748
4006,2.0238547083046505
4007,1.2714140634824487
4008,0.9537469375602071
4009,1.7512971049049566
4010,0.17443075605062372
4011,0.7189835155403588
4012,0.9743708361170458
4013,0.04223970214028215
4014,1.3124704751036154
4015,1.1194551098348084
4016,-0.1694052713074781
4017,1.6841287924665655
4018,0.9533940546957242
4019,0.31319165633628965
4020,1.8131914235417697
4021,1.112137472241977
4022,1.5157732485178308
4023,1.8967700434115713
4024,0.057507655548599323
4025,1.8853292022108534
4026,0.9911633310366144
4027,0.30069745247087276
4028,1.8811060113040459
4029,0.5947938032100719
4030,0.38085268027507346
4031,0.2544802419818063
4032,0.475498977257506
4033,-0.04929012778880842
4034,-0.0635617374145594
4035,1.572120802423655
4036,0.46196147241788743
4037,1.2752572282394512
4038,1.2974314667728657
4039,1.7603211513215407
4040,-0.2017068831048272
4041,2.0811701178936866
4042,0.28996656629599327
4043,1.9275178164418203
4044,-0.03214356579221893
4045,2.3886915093404237
4046,0.6276822092514044
4047,-0.0583939532138321
4048,0.10901240873844911
4049,0.5508209551296113
4050,1.6541500335150157
4051,0.10852702250201599
4052,0.21847523353503295
4053,1.7512318878083013
4054,1.1279426305658122
4055,1.6590433339005333
4056,0.048077434575712986
4057,1.7887178050115813
4058,1.5172681037692308
4059,0.131419755292399
4060,0.5196749802609719
4061,0.7154882387455239
4062,1.371765379185614
4063,0.6048317194125699
4064,1.5206353573813096
4065,1.4379364088033386
4066,0.13987929209281166
4067,1.0745677357557002
4068,-0.25927319608309474
4069,-0.03672477528683289
4070,0.6425563660528062
4071,0.9984147760514204
4072,0.09104229801557243
4073,0.36296911082643596
4074,0.2517025500813206
4075,0.35678898288737976
4076,0.9204784865931719
4077,0.9957498180050169
4078,1.0121998470419857
4079,0.7084630441841946
4080,1.146656074718154
4081,1.6105276283548295
4082,-0.11831715785699459
4083,0.34402523727586654
4084,0.16317331253184936
4085,1.8131428965681875
4086,1.2244208172433932
4087,0.4560558010063146
4088,0.44443743074347647
4089,1.2045147973744728
4090,0.11989848528166587
4091,1.43103549842287
4092,-0.0006204892157071484
4093,1.6620202204511623
4094,0.6295914903821336
4095,0.2744623496190434
4096,-0.1738944591494245
4097,1.8986289215767238
4098,0.714245771006113
4099,1.2379529392587445
4100,1.4093183836705903
4101,0.1259494348249108
4102,1.077655610397964
4103,-0.025193654508181895
4104,0.7715829203820928
4105,1.5342741216181022
4106,1.0764985413559676
4107,0.8118935387140398
4108,1.0987872192705703
4109,0.20017779312618872
4110,1.433842211971783
4111,0.9781705417583267
4112,0.4527319325305773
4113,0.9112632096054749
4114,2.2373309274661044
4115,1.7440329427687942
4116,0.3200963903989591
4117,1.169412750848741
4118,0.653234798330606
4119,0.19815081682685765
4120,1.1160656909202595
4121,1.214590159908552
4122,1.2469875074726402
4123,-0.13067854707720908
4124,-0.04003595342607058
4125,0.4312324101305907
4126,0.6235484108973458
4127,0.3128048929335401
4128,0.5120491411293167
4129,1.0357123212190011
4130,2.208472209499891
4131,0.053901637438174
4132,0.5269704774021634
4133,0.013746510740127678
4134,-0.013696941394061704
4135,0.17190103289348485
4136,0.9186950071470612
4137,1.284494915999055
4138,1.0098035672627625
4139,0.33327734379873875
4140,-0.06504568478906647
4141,1.5306275389873287
4142,0.4069354277519854
4143,0.19188621587998747
4144,0.975608676497066
4145,-0.22378961376845824
4146,0.2902225652381489
4147,1.1022751065560534
4148,2.2060472181468542
4149,0.250034749966127
4150,0.5683702466234941
4151,1.2098687934064971
4152,0.6635763868872184
4153,0.13334057090179927
4154,-0.01616055291022781
4155,0.43750303776554483
4156,2.1216295679531454
4157,1.0680540341009808
4158,1.353336022172052
4159,0.3793503816000563
4160,1.791634653968046
4161,2.145413017874075
4162,1.0841887780519046
4163,1.3655662894914453
4164,1.7828021903384677
4165,-0.1378752934291382
4166,1.4357062359828279
4167,2.0522257208117938
4168,1.7117135188760249
4169,1.691125049334933
4170,0.7178595403343263
4171,1.4789407992092203
4172,1.074117757704616
4173,1.7149805325937528
4174,1.1561282842883864
4175,0.2733079775421745
4176,-0.03149658895375944
4177,0.2270026431202392
4178,1.2552107657316176
4179,1.9709586100911978
4180,1.9886437527049226
4181,1.3655476801982462
4182,-0.13642651129231811
4183,2.029904075707162
4184,1.6797634062731794
4185,0.8580541113873705
4186,1.0700241900106395
4187,0.2234394756758269
4188,0.007933487101075443
4189,2.185680194996678
4190,0.7502808846441686
4191,1.137793905388134
4192,1.7063483710672152
4193,1.9388185369845752
4194,1.7848043029316463
4195,0.8103446800102814
4196,0.5814894224455427
4197,0.13349548744901313
4198,-0.21363319288314997
4199,1.294701732278117
4200,1.5790612890107718
4201,0.3928255781661709
4202,-0.2875557068441227
4203,1.430229021898716
4204,-0.16299172175232712
4205,1.197841993764257
4206,1.6628979471794436
4207,1.0632962447485372
4208,1.1622727715497712
4209,0.8326730991927278
4210,0.9692310140568092
4211,1.1071568324796839
4212,0.9706907799557072
4213,1.4440805202490843
4214,-0.13584174721872486
4215,1.0962767090697698
4216,0.20629667386593237
4217,0.42203037693011186
4218,1.4001200445304323
4219,-0.051808182423383344
4220,1.1658659947406327
4221,-0.03693289697511577
4222,0.7982734748740027
4223,1.5333675531372146
4224,0.3680531733919287
4225,0.47627543686382967
4226,0.18768389911173683
4227,1.7122291472819264
4228,1.5557415046683534
4229,0.8944506750283208
4230,0.15769521637005562
4231,1.2248322702219043
4232,0.08467635888654439
4233,0.642786572452571
4234,0.9651471854109293
4235,0.005288234308926894
4236,1.9708694429316933
4237,1.898719439485522
4238,1.0044005372697153
4239,0.5648009683565616
4240,1.8127579868964905
4241,0.2173625926877377
4242,0.13064339780427053
4243,1.7348965497205775
4244,0.2224459654744046
4245,0.5803417122357655
4246,0.23773364920251666
4247,1.0311043975587775
4248,0.7325417035061161
4249,1.2894282902195626
4250,0.9124821810688672
4251,1.8021769253875473
4252,1.4977584861329127
4253,0.08669549972911889
4254,2.320384920534183
4255,1.4593168218598482
4256,0.8898620043531028
4257,0.9169750991225443
4258,1.2319878194702765
4259,5.7673389642423634e-05
4260,-1.132255786334369
4261,0.19085846219297198
4262,1.0809617074009197
4263,0.5170912616706936
4264,-0.06495876598677044
4265,1.0486303635997767
4266,-0.3579391480175953
4267,0.0660964799930724
4268,0.6244706617124829
4269,0.3915105124366271
4270,0.516431040354403
4271,1.4489993047465783
4272,2.521787478905306
4273,1.3531713692434924
4274,1.6909550092740506
4275,1.6574555240643962
4276,1.046541300325808
4277,1.9634822289756655
4278,1.524968330477714
4279,0.17239767719812588
4280,0.9321864737121798
4281,0.594811138575783
4282,1.7193673762316122
4283,0.7195500843174869
4284,0.5403734129669528
4285,2.159033442835248
4286,2.1736587393868163
4287,0.5176608507393013
4288,0.7538174307290543
4289,0.9069566535060581
4290,0.47611281391085525
4291,0.36330541023630747
4292,1.2856527982784924
4293,0.7965682537959227
4294,-0.07127109334821255
4295,0.5090265870387094
4296,1.2278293013448853
4297,0.7481948011626449
4298,1.7813626464963197
4299,1.2359470624285138
4300,-0.07228338750679367
4301,2.2350674152106444
4302,0.6306301886071468
4303,1.5674889904842857
4304,0.6552330298590556
4305,1.1188049516008265
4306,1.4681263074715023
4307,1.1932760922436
4308,2.5580563721742435
4309,0.37702743224189844
4310,2.1399730203052383
4311,0.8179550958011956
4312,1.4538760704697389
4313,1.334907038989607
4314,2.0931217136478955
4315,0.8927910416946032
4316,1.0466037866366196
4317,0.7848861975458254
4318,1.2791786468155488
4319,1.1722680703545938
4320,0.6855527793129601
4321,0.13189133527283187
4322,0.042803540919862056
4323,2.03328866059201
4324,1.2426572087138732
4325,0.4478624721602178
4326,0.33753087436271695
4327,0.9256405279129973
4328,0.8600811959225374
4329,1.252765200928711
4330,1.0619392854870406
4331,0.6854867702722827
4332,1.0691915303513828
4333,0.5057267766439811
4334,0.40914246594794723
4335,0.23989449411816444
4336,0.6173246662010126
4337,0.823975488299793
4338,0.8975445620941771
4339,1.3323883883195808
4340,0.7070412996835297
4341,-0.13161849412336657
4342,-0.03733377161063889
4343,-0.16461686867005812
4344,0.6258438436773659
4345,-0.16646109907676523
4346,1.9450574076711526
4347,0.5900346538549341
4348,0.8851269419775589
4349,0.7809580080667897
4350,0.6685959777729438
4351,1.4761077042568833
4352,1.7984265468504963
4353,0.8407030210342636
4354,0.4721293997234876
4355,2.230004198906996
4356,0.253421154025407
4357,1.4604271564397522
4358,1.9116710816752414
4359,0.9459866323589827
4360,2.083405631419429
4361,0.7219622839872075
4362,1.8665047805779464
4363,0.6493523152580136
4364,0.7443300451165582
4365,0.9208060144494141
4366,0.9128616837054513
4367,-0.5929491670401125
4368,0.2630943473576074
4369,1.564476701388805
4370,0.2716823704776957
4371,1.7351660156457867
4372,0.7557418763597505
4373,1.6486596052228022
4374,0.9371862670471656
4375,1.1323502225595006
4376,1.8873869570868782
4377,1.1641748089270672
4378,2.109495736041864
4379,-0.13762401797604146
4380,0.8830908105097202
4381,1.722530955976414
4382,1.0436994015736587
4383,1.0134589789311106
4384,0.6126270139013024
4385,1.8646644549564184
4386,2.2651865931881914
4387,1.5257545170009892
4388,0.5289910336078729
4389,1.7880457663519935
4390,1.3736777322601568
4391,1.094604731821647
4392,-0.046106091959468146
4393,1.830722480337187
4394,1.090762035536731
4395,0.9640220257533347
4396,2.0881706991736966
4397,0.40357151876514646
4398,0.6358896102718234
4399,1.1818283248281833
4400,0.18263036494099713
4401,0.6691019667111207
4402,2.1794347255954336
4403,1.0202231947936702
4404,0.00397376414233689
4405,0.3550416750266402
4406,2.013898618580617
4407,0.8896625741463504
4408,2.0736244698257997
4409,0.22274360315957134
4410,0.2554003102466932
4411,1.150299508416441
4412,2.4668471501807794
4413,1.0107698623790604
4414,-0.052394931036412296
4415,1.8264731840325485
4416,1.0910879268160947
4417,2.107852535972704
4418,1.3926709778894784
4419,0.906764540009225
4420,1.6386418596681702
4421,1.8776746279602374
4422,0.802534839340957
4423,1.006004007729955
4424,1.2495900718498412
4425,0.30485739830701236
4426,0.5466849369937473
4427,-0.30532978463031557
4428,0.2842102135471164
4429,1.3645708460649593
4430,1.1303792276758413
4431,0.47378069194208927
4432,2.3537219721105522
4433,0.009623964011245573
4434,0.6918611156418103
4435,1.4571373605207818
4436,0.8775355802432571
4437,1.564893247835405
4438,0.9676464850067594
4439,1.4115995209108454
4440,0.19501760261693266
4441,1.1870998898245073
4442,-0.10122423051138171
4443,1.854810019634086
4444,1.9946861527730417
4445,0.14077015864799056
4446,0.40677741504749454
4447,1.2525207461313042
4448,-0.0020208228922246746
4449,-0.13391254776686448
4450,1.009497983274338
4451,0.42867168895240315
4452,0.9913644222432936
4453,1.1076021383776975
4454,0.7924995076079437
4455,0.11282962666151468
4456,0.3204602541313283
4457,1.9895510118767235
4458,1.042162036769463
4459,1.957604803936197
4460,0.1492990581255848
4461,-0.5319777429155381
4462,0.8140644396063401
4463,1.2123615236179626
4464,0.37867671385855967
4465,0.5389625895288723
4466,0.3888495764775211
4467,1.5611563112672027
4468,1.3257252259778958
4469,2.348434663420818
4470,1.8841187673578472
4471,0.6447324780443244
4472,1.031449703865528
4473,0.2932470783252376
4474,0.48126744904990437
4475,1.372503390985726
4476,0.05321356708769312
4477,1.3022369459853806
4478,1.1583736089408594
4479,0.6392433063070679
4480,1.5064104723836673
4481,0.33841167932551086
4482,2.140831112124498
4483,1.0307011103902315
4484,0.4538076657940534
4485,1.866304462133535
4486,0.23093819055323606
4487,1.3087263616238667
4488,0.9649922245830845
4489,1.5266605280516263
4490,1.0398125703414633
4491,0.8128276727217073
4492,-0.2234323846494207
4493,0.7997872194971597
4494,1.1438057333385678
4495,0.24721549180352578
4496,2.012383320820666
4497,-0.13236785153782804
4498,1.6498554147538405
4499,3.087146352926421
4500,0.24409117400218505
4501,1.124177487285322
4502,0.8019148445130878
4503,1.4757438995829553
4504,2.1389678004553887
4505,0.2863714653311509
4506,0.42818085790564936
4507,0.728578665092261
4508,-0.10048200639829036
4509,0.928164853319796
4510,1.2404588713322369
4511,0.570514545211467
4512,1.5082411914990905
4513,1.222225984748588
4514,0.3811884139923776
4515,0.12980651874199528
4516,1.0487829667949606
4517,0.8000144066483772
4518,0.37059651433008295
4519,1.1390816761032354
4520,0.8998728200022608
4521,3.184668410443778
4522,0.8177608007400501
4523,0.8209251909398232
4524,-0.07967401562653448
4525,0.07054858333832177
4526,1.2265972537072145
4527,0.437071195667376
4528,3.2591882275238135
4529,0.7023741075756231
4530,1.5101827954209823
4531,0.2990473374645272
4532,0.17155926913802272
4533,0.8000432345097843
4534,0.32973724144187994
4535,1.6423548869622706
4536,1.4308305222687832
4537,1.214519567687873
4538,1.0207064042894194
4539,0.2595627979233841
4540,0.06615118944430631
4541,1.2129291222606209
4542,1.4486338852626963
4543,2.5384503169354664
4544,1.833707753603198
4545,0.024116899536804647
4546,0.6896302107958487
4547,1.2431803882526102
4548,-0.19986320950788888
4549,-0.2552200536508988
4550,0.9356667867734552
4551,-0.05443347267817361
4552,0.5015851179804169
4553,1.2987421593648187
4554,1.4354732646564883
4555,1.3468330314754382
4556,0.5699187871201182
4557,0.6635220115766607
4558,1.8773565437411541
4559,0.33764267511305823
4560,0.990178747705513
4561,1.0698174445710904
4562,0.26918679188874006
4563,0.9123463982661948
4564,0.603412821609625
4565,1.1872592665050472
4566,1.0550147963338967
4567,1.579040220357628
4568,3.120489912801672
4569,1.189367951350595
4570,0.3863379246442573
4571,0.10856976315374271
4572,0.3320143278290619
4573,0.8660474036045676
4574,0.749304878416637
4575,1.49858082518017
4576,0.8361835082084769
4577,0.049633746372045574
4578,0.7759873312425845
4579,-0.2811936033775746
4580,1.7107853813684544
4581,1.1468904104611362
4582,1.0614434561368138
4583,0.9938816475821455
4584,1.1478500371856386
4585,0.8775319644950931
4586,1.6296440396885656
4587,0.9535408929771123
4588,1.0510595618913123
4589,0.6405345583326179
4590,0.08136569380448486
4591,0.5145361980189044
4592,0.7020923605178468
4593,0.36116392743567755
4594,0.9827187603774657
4595,0.617938727346389
4596,1.5508201450860621
4597,1.215811234761103
4598,1.2159431621436232
4599,0.6514752233225617
4600,0.9390214726597472
4601,0.3622603156273825
4602,1.3525332677018627
4603,0.8630679008102342
4604,0.7042154092931945
4605,0.10953069240664115
4606,1.3836361418131689
4607,0.7971274603495583
4608,0.6559074581710722
4609,0.8110071956015065
4610,1.6269955516178682
4611,1.801034428856855
4612,0.606108514095359
4613,-0.0398701812509155
4614,0.4830951059182605
4615,1.1679890084759028
4616,0.5572035255073408
4617,1.766453283153483
4618,1.3395726589277375
4619,1.2971743174086077
4620,0.9842719924182152
4621,0.09595893812210732
4622,1.8803812991153297
4623,0.7110829151876085
4624,1.5468331518330114
4625,0.6463010183705836
4626,0.31380636341239454
4627,-0.06933860984621518
4628,1.911277926953058
4629,1.4823704668198538
4630,1.9942328822707847
4631,1.6680363609750732
4632,0.7142030754614634
4633,0.19783889798291937
4634,1.2975840474387124
4635,0.744090942580393
4636,0.05157586772052172
4637,2.182930027073297
4638,1.911884018587822
4639,1.5283782762236484
4640,2.211171965493065
4641,0.9894805833072393
4642,1.6886109743518878
4643,0.33212243165368993
4644,1.591441120708893
4645,0.2580631787630394
4646,0.5264631020514596
4647,1.6519468457433988
4648,1.6793443120573388
4649,1.0016090630157906
4650,0.9236152246154326
4651,1.744648315428681
4652,1.157365419924006
4653,1.8550137489934042
4654,1.1211613306114443
4655,0.22649742341149698
4656,2.150905501047913
4657,1.4492922614556394
4658,1.6442558593945467
4659,0.48396885716856775
4660,1.625339605402945
4661,0.8280527421074368
4662,-0.04793403793967943
4663,1.3818661362113682
4664,0.03972562806007574
4665,0.8416523107878703
4666,1.9720227213188175
4667,1.774743606540272
4668,1.6752804715296463
4669,1.6845796450929833
4670,1.6301521566277462
4671,0.8089684295157498
4672,2.5553903242549483
4673,1.5166738525973424
4674,2.0555881483051577
4675,-0.04632470031294211
4676,0.40380149045125757
4677,1.7007615873421225
4678,0.3118454541361628
4679,1.7559083483663251
4680,1.9121687611059546
4681,0.887142972195351
4682,1.148709101268886
4683,0.23210768141150995
4684,1.8373980345515362
4685,1.905114097196443
4686,1.641797037644861
4687,0.1598318697804411
4688,-0.09640070750399149
4689,1.2167240439480704
4690,1.6771666782753034
4691,0.5112111071225913
4692,0.7357362120765731
4693,0.600362500992629
4694,0.48911926478067214
4695,1.8698935272127895
4696,1.2636631314586
4697,2.029944080726129
4698,1.9465167612961989
4699,1.8321712620800914
4700,1.4382564053399418
4701,1.1598682625404388
4702,-0.07020388195671912
4703,0.7532319128582807
4704,1.1517233460349072
4705,1.5486122486049625
4706,0.6832012745637697
4707,0.42004476268819285
4708,1.3387972192003372
4709,-0.14428423470605686
4710,1.1665999015703565
4711,0.0749959957237687
4712,0.8278806301524333
4713,1.0963699504475717
4714,2.822085052074318
4715,0.641526639972372
4716,2.108055251796732
4717,2.1907364913549365
4718,1.6916721781013448
4719,1.0995347542714653
4720,0.27776174114487195
4721,1.084970152439982
4722,1.4695034845710317
4723,0.8913655360680047
4724,2.1079085234500807
4725,0.6781144925565972
4726,1.1972650865160945
4727,0.17985116574825574
4728,0.8568093225858818
4729,0.3776074390130151
4730,1.7075086648597309
4731,0.00786103268879132
4732,1.629338705885306
4733,2.0501411716689097
4734,1.7431929209056423
4735,-0.17383762811158746
4736,2.5886245431845363
4737,1.8805591819500471
4738,1.6686995051923816
4739,0.8523685319444987
4740,0.5565038173276886
4741,1.1030635407412421
4742,0.2215962455998965
4743,0.35735851994490675
4744,1.1834921792214708
4745,1.5055029964766993
4746,1.0498726933068385
4747,0.18731485237301182
4748,0.7410379317436551
4749,0.8656907697729008
4750,1.1241006847550215
4751,1.9426304441959559
4752,-0.10293284093456512
4753,-0.2010115563567051
4754,0.7004881959109592
4755,0.04917960979958531
4756,0.5775509642906091
4757,1.4986053604988208
4758,1.0753191271490385
4759,0.9675152363599353
4760,2.039280713816262
4761,1.0150103486361883
4762,0.8420175963673684
4763,-0.32377049949972875
4764,-0.5097560260639877
4765,0.8969144996505971
4766,1.7812039366073473
4767,2.2653608713047313
4768,0.1605696434054365
4769,1.170622686645951
4770,-0.05960739149501429
4771,1.7994942684511575
4772,2.0801533331190347
4773,1.5889695342085832
4774,1.6436321890809138
4775,0.6868723416426394
4776,1.1871771626269727
4777,1.1528862293039281
4778,0.7170180094837115
4779,0.9055506143266314
4780,2.1691816712524568
4781,-0.0495589304923065
4782,0.7073287928223795
4783,2.113656445821356
4784,0.49448798155418616
4785,1.3872927008610723
4786,0.20976467674606683
4787,2.302124841241619
4788,0.8856930929004321
4789,1.464571032785108
4790,0.6267613756627006
4791,1.6121536842465303
4792,0.28350216270250866
4793,1.9801617458630534
4794,0.6873707492532498
4795,1.2542936438283523
4796,1.5421156468261357
4797,2.196814664438931
4798,-0.6302545218330178
4799,0.6793932104115804
4800,2.175717567786672
4801,1.2019102817172542
4802,2.5862139433480693
4803,0.5619888140977338
4804,1.4674743019209784
4805,0.6735266875336487
4806,0.3122449535257229
4807,1.3605839948476677
4808,0.7329276202422963
4809,-0.08684068264361028
4810,0.4546602843696659
4811,1.0867588410438505
4812,1.7187133872757991
4813,1.0391696067838638
4814,1.213459233849662
4815,1.2314831763188963
4816,0.13201756524538577
4817,1.829727628239725
4818,0.4864430670796952
4819,1.4245178734748192
4820,0.18811223522196246
4821,1.7476226150277947
4822,1.8857795158035904
4823,1.538150415558066
4824,-0.24376468114332203
4825,0.783004027583597
4826,-0.1517002764921211
4827,-0.07561780484478345
4828,1.728683724335034
4829,0.7147873427686996
4830,2.0674661350984715
4831,2.025167031683586
4832,1.123379383687696
4833,0.6985608724176815
4834,0.3516746282435741
4835,1.7108661138531616
4836,0.630041511085808
4837,-0.14718849414281593
4838,-0.6467867998860037
4839,0.939907802665196
4840,-0.15944174331723354
4841,-0.050717640436494404
4842,1.5280811994570072
4843,0.2951456377130387
4844,0.8658968920176779
4845,1.0025857625989478
4846,0.877617132691564
4847,0.026678256568384046
4848,0.050784159894107075
4849,0.44977778502397225
4850,0.9086970456197538
4851,1.5889261303819442
4852,1.3526720836008914
4853,1.312362621253393
4854,0.8542688276375923
4855,0.5197947147173807
4856,-0.7756371998635803
4857,1.4972182724205043
4858,1.099289686404653
4859,0.27530663463717686
4860,0.28824050506525184
4861,0.09396061909654899
4862,-0.15305144474540164
4863,1.0426647280070211
4864,0.779264551699403
4865,0.08096196716683098
4866,0.8249449370406075
4867,1.4166661620119003
4868,1.400962200521012
4869,0.9066433020007756
4870,0.9706717933779592
4871,1.8005810535594404
4872,1.1222233203911942
4873,1.7853296774937029
4874,-0.13685398350679892
4875,0.7911026306163036
4876,1.9011134631558977
4877,1.3909809756577869
4878,1.693038219879964
4879,-0.07492781352219882
4880,0.7845199935436478
4881,1.2673241625347373
4882,0.019615223430594055
4883,1.742728295149706
4884,0.7335847131530273
4885,1.385194641404673
4886,2.145246905051458
4887,0.15547125753700997
4888,1.1268976024132786
4889,0.3071539900797929
4890,0.4777600988878001
4891,1.291767757411659
4892,0.9571209194867258
4893,-0.07446789298793027
4894,0.03413514297927919
4895,1.3353795613443717
4896,0.23028826175914563
4897,1.3585916370085447
4898,0.40388811959432475
4899,0.38275558655462505
4900,0.31366034393568365
4901,0.5739562861114981
4902,0.1480884544761789
4903,0.8292760001560333
4904,1.3417827044657227
4905,0.05558028531129771
4906,2.132337506970269
4907,1.5883109258652517
4908,-0.07934679497745589
4909,0.5688635180118542
4910,1.3500488371735686
4911,0.039843255267771945
4912,1.429475185061854
4913,1.9414343288154525
4914,1.0316511054734787
4915,1.6339836519314332
4916,0.6553308277497694
4917,1.2486077382558092
4918,1.264477744734448
4919,1.32814326179642
4920,1.859283131271493
4921,1.1800664717021287
4922,1.8152390726578602
4923,1.4607525546545737
4924,0.9088790212117828
4925,0.514924423587561
4926,2.113747974684361
4927,1.3031723088178144
4928,1.307341401642337
4929,1.0333013598036966
4930,1.8152163407211246
4931,0.031203279643898803
4932,0.2549624512842036
4933,0.13339283802954538
4934,1.8002613484968073
4935,0.10859443924102852
4936,-0.005192021558122234
4937,-0.1497559731205622
4938,0.34601778142601836
4939,-0.045054696064460956
4940,1.2305808480099536
4941,0.5796363588203535
4942,1.5309568521134733
4943,1.662873002004972
4944,1.1558619776204595
4945,2.2130205753808165
4946,0.6574579794078959
4947,0.13912485508117264
4948,1.180479924423479
4949,0.6871770674636848
4950,2.1307432702353437
4951,1.793282240473726
4952,-0.02894622872248683
4953,1.1381437366961442
4954,0.495869471731441
4955,0.7001550857744617
4956,1.1013353096779062
4957,0.34023309833441784
4958,0.9797602538680398
4959,0.7661518012684089
4960,1.2656203316432828
4961,0.8181515199556342
4962,1.9146089589497177
4963,0.2752353959764203
4964,0.5546260760922974
4965,-0.11963364419116551
4966,-0.338905882584985
4967,-0.0016428820815896916
4968,0.8039758705835296
4969,2.5282338969239375
4970,0.9375839662799701
4971,1.0609412531658848
4972,0.8405258312655273
4973,0.22744979702733575
4974,1.4442165810490817
4975,-0.12954579769232943
4976,0.847393909359718
4977,0.5744305426567169
4978,-0.033687423973613614
4979,0.7765805603027489
4980,0.9519141233311549
4981,1.3951833325166991
4982,0.8830265806704314
4983,-0.19326909542203125
4984,1.168793042345383
4985,1.4378236815195957
4986,1.8901120662587303
4987,0.1975308943322354
4988,0.2783990021894349
4989,1.6778137095092718
4990,0.975589225949695
4991,1.8486867938776128
4992,0.20017228915397073
4993,0.3120337019253932
4994,1.3335403263678294
4995,-0.11096486588372506
4996,-0.08179129058589313
4997,0.263363371973843
4998,0.10361719263913818
4999,-0.3321104807834195
5000,1.6302137624816664
5001,1.5879255238133991
5002,2.230102496053738
5003,-0.024252652917550514
5004,1.2412456738671465
5005,1.4771158310384616
5006,1.549561306675851
5007,2.409882500033003
5008,1.3030396235909694
5009,1.970162311261868
5010,1.7381124951549451
5011,1.04566787956871
5012,0.8875784292602196
5013,-0.13557064606557845
5014,1.2948827426817224
5015,0.2196510931155751
5016,2.0082692395678556
5017,1.4314380421698363
5018,0.8348635597811409
5019,0.4995228339670836
5020,1.8595356476841762
5021,0.8241632002995345
5022,0.7626166343763945
5023,2.122681092284044
5024,-0.05276017756723292
5025,0.33793977121515517
5026,0.6187192982137801
5027,0.9455618098768285
5028,1.0377996143024106
5029,1.6416243382721214
5030,0.4812642276868381
5031,1.3043353287778938
5032,-0.0019460620453225497
5033,0.9104067376978473
5034,1.4551620622795252
5035,0.1792728107861684
5036,0.8090118607403973
5037,1.482446419379328
5038,1.6048063688996337
5039,0.9078029503843974
5040,1.8475800794446553
5041,-0.06881352781729161
5042,0.22786799550309017
5043,0.04498306015141776
5044,2.2203736922968855
5045,0.13310924200084034
5046,1.3227251266176938
5047,1.8190008047971058
5048,1.8494445913186204
5049,1.5049499618370668
5050,1.3509833512562661
5051,0.9063660920910951
5052,0.715934051193763
5053,1.9347699618868286
5054,0.5825719251018548
5055,-0.0751068610960356
5056,0.8402748073191202
5057,2.0757835785024783
5058,0.4028026927860916
5059,0.7119064661321018
5060,2.071625206894902
5061,0.5922894111773593
5062,0.7713539334536772
5063,1.7969703673201922
5064,1.2603431962982996
5065,0.7549103714298546
5066,1.2649937564919043
5067,1.8018169295809232
5068,1.4036528408808375
5069,1.009638940473118
5070,0.6433474432514379
5071,0.9144989746383492
5072,1.4027829386597377
5073,-0.118559437487137
5074,1.49346574267277
5075,0.35265241247767637
5076,-0.03919091248050262
5077,0.3417804821004471
5078,1.974932903557546
5079,1.8966236770934757
5080,1.4581774030545767
5081,1.0173010753373335
5082,0.08928282535059401
5083,0.7567084944875065
5084,1.969558251346357
5085,1.2132205341821942
5086,0.4928534397205223
5087,1.519920634328903
5088,0.2334642234788419
5089,-0.07196776346653472
5090,1.4340847697674681
5091,0.13165432519532097
5092,-0.14280487689449403
5093,1.9587591677373082
5094,0.5784753197462198
5095,1.4084181410733854
5096,1.12858686458828
5097,1.8959852650157278
5098,0.5686990267500236
5099,0.5566431243625504
5100,0.9541662874339332
5101,1.4065308558008256
5102,1.41081969773715
5103,0.935743099498229
5104,1.550063833482377
5105,1.1742053459487205
5106,1.3149518690574225
5107,0.16447426194118694
5108,0.2038726829584101
5109,1.2844278522946104
5110,1.4398442600711827
5111,1.2687907635097841
5112,0.28293797257582415
5113,1.0995798057720152
5114,1.516936165856885
5115,0.3643305305347583
5116,0.16774513110393502
5117,1.4196122957296216
5118,-0.4771458104836587
5119,0.4524051856973639
5120,0.21148951772262994
5121,2.6198173017341784
5122,1.1299615010413642
5123,2.0290141469651277
5124,0.9241584221868546
5125,1.7096020820339717
5126,2.1914659205823384
5127,0.6414996165897293
5128,0.7171241235685144
5129,1.4943667820786621
5130,0.18001481457349006
5131,0.8343539646353085
5132,1.3099771121742076
5133,1.290020273762366
5134,1.8885542678330036
5135,0.9554054267144947
5136,0.19811387494286223
5137,1.3547588998030518
5138,1.399458640809731
5139,0.5168338218532412
5140,1.6508730893723813
5141,1.454060000820765
5142,1.8139346524887678
5143,0.5228588819506561
5144,0.30840487698825925
5145,0.5655579695641685
5146,1.0768379377601411
5147,2.2698191499534586
5148,-0.11783880230305097
5149,-0.25966668934181686
5150,0.5387050686054
5151,1.5623521374037557
5152,1.659390054921173
5153,-0.23260561233115432
5154,0.44303278988336986
5155,1.0277572354460647
5156,2.2922190536760123
5157,0.0812052950648945
5158,1.6853553876119804
5159,1.013288990132817
5160,1.215877873057929
5161,1.322684765416962
5162,1.2466777160264337
5163,1.1841090386271014
5164,1.578871065827251
5165,1.2762588956910332
5166,1.3410046676865925
5167,1.220206125941805
5168,0.49074351489878304
5169,0.32848407566303034
5170,0.6728852286086475
5171,1.6859974586440383
5172,1.4608019891841961
5173,0.8767599946884955
5174,0.553732520867928
5175,1.3646713204820564
5176,1.5811058149523078
5177,0.1089344380335483
5178,0.9355166705849475
5179,0.9524900620542756
5180,1.9990131251996124
5181,1.3228805553196794
5182,0.34209366905421235
5183,0.1493203947461122
5184,-0.21986962633884993
5185,0.5669252088650086
5186,1.247407442254238
5187,1.2574909792836007
5188,1.2090887597104487
5189,2.0986865339121996
5190,0.2469287792083251
5191,-0.10440321435488449
5192,1.057992146915536
5193,1.3502103096115283
5194,1.0064641315643377
5195,1.5799170551278796
5196,0.8191597002689253
5197,1.4920988946578069
5198,0.3980428362526797
5199,0.951311899176687
5200,0.08475016657957977
5201,1.190833597753896
5202,0.46977818480480765
5203,1.18737131932555
5204,-0.14816093034992184
5205,1.5551896520990753
5206,0.32398438292935094
5207,2.072555306477638
5208,0.11276447927901978
5209,-0.03617067690299307
5210,0.7073145238554475
5211,1.022540603322936
5212,1.7324855054790842
5213,1.5208940505651471
5214,1.0945041567065235
5215,2.1002975047381947
5216,0.9274976262101853
5217,0.14566022900354192
5218,1.0432432539264156
5219,0.765543928309282
5220,0.39391857464602054
5221,2.7094198377685887
5222,0.42462342900112476
5223,0.8594992213026338
5224,1.819901870756433
5225,0.08712953031041187
5226,0.30744334731146206
5227,0.5674062376591252
5228,0.4754644637005048
5229,0.8122270971356503
5230,1.1694246241173092
5231,1.1331536174237817
5232,0.5635369936253743
5233,0.8350915201516899
5234,2.286082965763779
5235,0.1339455546162131
5236,2.0471173728788346
5237,1.9155457069568118
5238,1.1045551406210516
5239,1.6301771610069467
5240,1.0681168111664399
5241,2.079764546316524
5242,1.9366485947088374
5243,0.11405236748119149
5244,-0.011734449016800402
5245,1.9592456961932603
5246,2.1575215742910205
5247,1.3695637947504609
5248,0.8333526663239688
5249,-0.18473491534548311
5250,2.1843515644189058
5251,1.6079321185231061
5252,0.13452227162354105
5253,1.9001241127837754
5254,-0.10322115283337857
5255,0.4728437210649974
5256,1.0879404281057588
5257,1.073152307336763
5258,-0.060643915809511034
5259,1.3369847770949246
5260,0.3486580298583597
5261,0.24217461856438732
5262,0.8333117842186232
5263,-0.1641791958403505
5264,1.190701861782555
5265,0.30723654984767146
5266,0.8362155690380095
5267,1.475509241055994
5268,1.3667133194934233
5269,0.834538581800907
5270,0.6978797508222878
5271,0.18084050979832883
5272,0.7658960692292588
5273,1.5702597709303945
5274,0.8604402810017889
5275,0.46870988197456515
5276,1.3043644077268362
5277,0.41806714407937406
5278,1.4399119202984367
5279,0.20586750050054534
5280,1.4549176588555202
5281,-0.026440232330085536
5282,2.14611650858968
5283,0.3205913297079139
5284,0.9982403355115186
5285,1.0691604820382723
5286,1.0126010670627315
5287,-0.09903569476853008
5288,1.7119509071394503
5289,0.35065012497447035
5290,0.05795684307600609
5291,-0.16570656170889686
5292,0.3171006176444754
5293,1.1660793524361155
5294,2.0732560844337726
5295,1.3334653549109852
5296,0.24165833177807156
5297,2.4416561655940043
5298,1.2622240078356275
5299,0.11191858117118195
5300,1.0194062109849988
5301,0.9687634938656037
5302,-0.41763685527482947
5303,-0.019651232881369766
5304,1.4183696358759699
5305,2.076470558539662
5306,1.983622959240864
5307,1.5883657015170507
5308,1.8007783272997175
5309,2.0030611005220162
5310,1.413704261804162
5311,1.786192144511569
5312,-0.009381119612108538
5313,0.07683367632408918
5314,1.6675453094034831
5315,1.5646395809684184
5316,2.1858947927046546
5317,2.11704376493642
5318,0.5557955400390465
5319,0.48188910255186884
5320,0.5501579254213143
5321,0.28393583724737465
5322,2.0399147562044586
5323,0.3393202249712299
5324,2.217148497524531
5325,1.1784840059071462
5326,0.025613425138735726
5327,-0.08189239865139691
5328,-0.011152896521244321
5329,0.9336653251643743
5330,0.9342929584225541
5331,0.3367237704231741
5332,0.20633925737902592
5333,-0.1664317184390196
5334,2.2389341320866456
5335,0.10950616649659667
5336,1.7957620320622956
5337,1.459950982984858
5338,0.9140725284130427
5339,1.3645120231238381
5340,2.251123228072919
5341,1.274680482932844
5342,0.6259049183649155
5343,1.6035484518980332
5344,1.2793294778853974
5345,1.2022714546680728
5346,1.6751933458226203
5347,0.9724434274571869
5348,1.3907075400452213
5349,-0.058566452787711755
5350,0.765472815633096
5351,1.345285764443175
5352,-0.16990872632797638
5353,1.1478098198956483
5354,0.07551718783851342
5355,2.1433859551631156
5356,1.1278958585179373
5357,1.1122489510728204
5358,0.5982256172212328
5359,1.3010661595177533
5360,0.6293574858495007
5361,1.1814628557305216
5362,0.7060187165599886
5363,0.04360429886829578
5364,1.0359202372907634
5365,0.3112779251647146
5366,0.5545075187888826
5367,0.36996254279425667
5368,0.38860590123244065
5369,0.3594667466063315
5370,1.330087429564344
5371,1.957224012524573
5372,1.152965710451545
5373,2.0223488982647027
5374,1.3401051865028244
5375,0.7610690185779387
5376,0.33559764816202536
5377,0.9844189527923499
5378,0.17739727784459866
5379,1.3861431004857137
5380,-0.07911300703289412
5381,2.0054210435558835
5382,1.0011290555129102
5383,0.987088310345633
5384,0.7902307984699007
5385,1.371699637723488
5386,0.18934279814890492
5387,0.9567316467851457
5388,0.1072541053369924
5389,1.0420286656151379
5390,0.2381617573353172
5391,0.3462234341937957
5392,1.9460324388712007
5393,1.4903773029199965
5394,0.09729238098731693
5395,1.213926053393691
5396,2.148428169408559
5397,1.0184263203181123
5398,0.6167098165949985
5399,1.5338816924181449
5400,2.5167759160708463
5401,0.7687910035205252
5402,0.30314648077208806
5403,1.1956221444649577
5404,1.193389990085913
5405,1.0544367011754399
5406,-0.05627659048580762
5407,1.1657343107697486
5408,-0.06479980638138941
5409,0.6199446129331859
5410,1.4008145354714805
5411,0.4787666823016602
5412,0.7656656294321111
5413,1.1322747919737632
5414,-0.5052211404562033
5415,0.6633786163850954
5416,1.0673268505840827
5417,0.07267666326005967
5418,0.9494893150287496
5419,1.3209327616353739
5420,1.1195078726600007
5421,1.0498274334672877
5422,0.7436779939076663
5423,0.5875218737209938
5424,0.46833652232253437
5425,0.34157192354267724
5426,1.2358632607866709
5427,1.8607644581700964
5428,1.8564924813614392
5429,1.5231485884676847
5430,0.6315651615105764
5431,1.500190813076599
5432,0.54182401588167
5433,0.19086512966116492
5434,0.14899799824654048
5435,0.04139600285599951
5436,1.77064659800427
5437,2.7549381980926952
5438,0.002474325853022638
5439,-0.1626880470426096
5440,-0.7760761808932864
5441,0.6493286012730278
5442,1.488427568422839
5443,0.12924571114687872
5444,0.5378100525605306
5445,0.3573964543998463
5446,1.3305981744312927
5447,2.173527298647928
5448,0.9299510006903561
5449,0.35495712119063155
5450,1.906689158582331
5451,0.2181969346809487
5452,1.2186359076353008
5453,1.3959829498459664
5454,-0.2443479823962821
5455,0.007942018233403202
5456,1.274079255629433
5457,0.9073385595030197
5458,0.37430860521422854
5459,1.7140527522125892
5460,0.5758432647169939
5461,0.6078839127852909
5462,1.3279031718040084
5463,1.4964041547854365
5464,2.0786025211005943
5465,0.6069908346053069
5466,1.5761931244319998
5467,2.068620021271518
5468,-0.09637355689262536
5469,0.04799118070851768
5470,0.32068185601598476
5471,-0.24030722480158193
5472,0.6528694792082674
5473,1.0330844005316862
5474,1.4268361044681144
5475,2.112974474168124
5476,0.5758519098998502
5477,0.6740585456602477
5478,1.0236850991498538
5479,0.8313126997716772
5480,1.0289871282548662
5481,0.25703482805237854
5482,1.0679610858593584
5483,0.1874763253841745
5484,0.7258160163729914
5485,1.2186504135410117
5486,1.0213942404304832
5487,1.0336071546716334
5488,0.0772454161162921
5489,1.2529536866526172
5490,2.28689284507532
5491,1.1735108677884725
5492,0.08196907709425219
5493,0.6637450163331153
5494,1.6645987456347262
5495,0.24540921586835557
5496,2.0324679468100824
5497,0.1928962553334168
5498,0.6905562817408757
5499,1.1148046419861326
5500,1.6987341632335649
5501,0.6557156596368361
5502,0.8716963040478825
5503,1.9211618251886273
5504,1.0208126062892686
5505,1.4210284470915917
5506,1.5919878805787118
5507,1.1757986481548155
5508,1.5823424831236448
5509,0.3678025764092185
5510,0.8571513665370081
5511,0.0241775165563098
5512,0.30835873934239477
5513,1.3979821817687683
5514,1.2266558348467307
5515,0.2425240851496882
5516,0.4710245966002828
5517,-0.11025903553736319
5518,0.17024152374143978
5519,1.0485181037918243
5520,0.6685408142719929
5521,1.1481233234463528
5522,1.0860728681049316
5523,0.32660372473277355
5524,1.2593767741698956
5525,1.8880904976634394
5526,1.261398014951654
5527,2.0624704054715433
5528,0.439258601867195
5529,2.0622944305434308
5530,0.8509833864898843
5531,1.708422706910534
5532,-0.011452175310635235
5533,0.6108399737164132
5534,1.7725964968014276
5535,0.57830774811928
5536,1.195487973105569
5537,0.5656720910612214
5538,0.6656798619185121
5539,0.6262189837128909
5540,1.584571954465594
5541,0.8698581180222695
5542,1.0137625383784734
5543,1.5839498043891826
5544,0.5935601199364602
5545,1.8446007504655388
5546,1.2340390863392787
5547,0.935114996511512
5548,0.580870939169583
5549,1.6762495649830207
5550,0.03279271435612801
5551,0.3071210433713175
5552,-0.09108245178797672
5553,2.2453842424667245
5554,1.251527672492268
5555,0.88827819728161
5556,1.457269935677702
5557,0.42748551396645107
5558,1.5292482309237094
5559,2.0341296567271425
5560,0.4628504575588886
5561,2.0450045246321733
5562,1.0639281422209015
5563,1.2641936035467227
5564,0.15910860377287123
5565,1.9414306079963237
5566,2.0522474191436064
5567,0.10073407443362328
5568,0.809512505510635
5569,1.046883297453792
5570,0.09134986971206725
5571,-0.1477728127552481
5572,1.795153952670211
5573,0.46345887860513124
5574,-0.09417061500621718
5575,0.23633283326648657
5576,0.8816485270069191
5577,1.327162772399065
5578,0.3112804161134721
5579,0.8569948580289497
5580,-0.4243570853292943
5581,1.2241674458488492
5582,1.5568944594436762
5583,1.652976979564446
5584,0.7245368299386582
5585,1.4389919706558691
5586,0.6884308594785318
5587,0.8709002489985198
5588,1.9199479155274388
5589,0.8191549002734417
5590,0.10826803310849428
5591,1.2992290663435437
5592,0.20684529245850053
5593,2.0042418495370455
5594,0.8567157763334512
5595,1.6361204021053126
5596,1.2534586318230256
5597,0.7782768932245715
5598,0.30830585317414183
5599,1.527325372428636
5600,0.7723053332546659
5601,0.5338060535398222
5602,0.9473861096274114
5603,1.1340194506119905
5604,0.7227390591341939
5605,1.2278224313804604
5606,0.04408547504150358
5607,1.8832877348018724
5608,0.7958336137391914
5609,0.9639773371536182
5610,2.1562337556056734
5611,0.7474465033316826
5612,0.5213058745768745
5613,1.3682224878482285
5614,1.259352196869946
5615,1.64108085904314
5616,1.2521856353079017
5617,-0.18110001310987997
5618,0.71452261594398
5619,0.9273380601970216
5620,0.9001032515028489
5621,1.5883086180201418
5622,1.4895253093220917
5623,0.6379443191084938
5624,0.6487950541556238
5625,1.4176088246469303
5626,0.7445648959714398
5627,1.1708041467383419
5628,-0.10412411653564449
5629,0.463360611289065
5630,1.6738674938786613
5631,0.4537927039715268
5632,0.6331344816299576
5633,0.23168003750012311
5634,0.906609252785679
5635,1.5466487498642256
5636,0.4404157695527434
5637,0.7213605053242609
5638,0.7815900098909623
5639,0.7894914176005663
5640,1.3979504224187964
5641,1.4650420630217607
5642,1.8756410940046475
5643,-0.10273308799642378
5644,1.4257548658286272
5645,1.943415369019619
5646,1.396209466924488
5647,1.2762328403625043
5648,0.6629776683414419
5649,1.015304751596284
5650,1.5157698228376
5651,1.177451945816902
5652,0.04048770240269256
5653,1.2379660601947584
5654,1.4498238352326824
5655,0.20524173133254284
5656,1.6671244565572134
5657,2.16079658429558
5658,0.9321883586165036
5659,0.8170129802941382
5660,1.9081786121512183
5661,1.112297940541005
5662,0.9520782557710428
5663,1.1562130659640297
5664,0.16396871681147746
5665,1.9439066174530997
5666,0.5913095890191891
5667,0.6009937499746182
5668,0.6740791105135413
5669,1.0511537855160202
5670,1.0458724011095146
5671,-0.05488099508114978
5672,1.6368484136318446
5673,1.1901938868993616
5674,0.40465926004719677
5675,1.8578405397230364
5676,0.8367161397066822
5677,1.274988705455336
5678,0.7153187063827462
5679,1.9331969541033533
5680,0.3603155244515515
5681,0.5758027378080135
5682,1.1949428764893284
5683,0.2970762625110706
5684,1.1458816125305793
5685,1.9920360110656568
5686,1.1148585701352045
5687,-0.06499912610443428
5688,1.944327475225463
5689,2.376833356745927
5690,1.3969080581436144
5691,0.2908023075158819
5692,0.5166797523845168
5693,1.2442806303586609
5694,1.577791094562504
5695,0.2082358087844609
5696,0.5630312530896369
5697,1.0624830723545065
5698,0.779075385792508
5699,1.4421800828754692
5700,-0.2299047627782671
5701,2.4054171504988675
5702,0.7265421745292968
5703,0.9639334384977123
5704,0.7367519654609601
5705,1.3941247323508867
5706,2.1197907540134437
5707,1.5412551648722281
5708,0.34867446741588004
5709,1.9306927497556494
5710,1.522722324563185
5711,0.29808695953198655
5712,1.1118224082385018
5713,1.7195369304452917
5714,0.4429811552973097
5715,2.0795368563898147
5716,2.4630575131562837
5717,1.165453012135011
5718,1.423213550563032
5719,-0.1781391244143425
5720,0.9478805930412719
5721,1.3020175292164944
5722,0.12389705119121885
5723,1.572567076456931
5724,1.1590814293600638
5725,2.3379325565095597
5726,0.11336569326278947
5727,0.1447798010040257
5728,2.1449198570764305
5729,1.415612044900741
5730,0.24665077836670365
5731,0.8547620423472422
5732,2.140587480497406
5733,1.4504331735149651
5734,0.6634707482717024
5735,2.542876854456822
5736,1.3577267088741585
5737,1.069782636890537
5738,2.014539854171384
5739,1.5902905434152008
5740,0.10465237089132125
5741,0.6218709797636293
5742,0.9907380211670311
5743,0.9947872009891481
5744,1.63304724608047
5745,1.868166782609844
5746,0.019485840243270457
5747,0.4051481324247126
5748,1.4180063050333418
5749,1.007214228209352
5750,0.5175487299127898
5751,0.6268373146811548
5752,0.6909822038178766
5753,1.9832366911646075
5754,2.0186110883740214
5755,0.24089371486736835
5756,0.10871403539701543
5757,0.9877298491727209
5758,1.0357265094063968
5759,0.6521948512194223
5760,2.0828363072824763
5761,0.10091020168117715
5762,1.779240329313562
5763,0.8275429141891046
5764,1.0913387889601327
5765,1.2445058680228651
5766,2.2491142551293355
5767,0.4884420557633598
5768,1.6597476112745388
5769,1.550879945092863
5770,1.3205688619638503
5771,0.8803271338330716
5772,0.2385109400637895
5773,1.4501082645757333
5774,0.599419461292096
5775,0.1439303941228395
5776,0.2504179649138404
5777,1.5357934657178576
5778,0.7900270698602319
5779,0.6008208226444847
5780,1.0477366097049376
5781,1.5518392604370723
5782,1.8390097133056982
5783,1.4557367942932637
5784,1.084203004738256
5785,0.9767042834643501
5786,1.283948707450623
5787,0.6734236160407148
5788,0.7749247784127771
5789,1.2540751166590445
5790,0.6902766831950491
5791,0.35838859284079794
5792,1.5665332358939446
5793,2.2301856278701826
5794,1.5561184219948159
5795,1.0938287395604755
5796,-0.45821639111432
5797,0.3351129016109158
5798,2.086852380282894
5799,0.4636568565633765
5800,0.9482551596837038
5801,1.2840112109600028
5802,1.1610178726592546
5803,0.9890129070033556
5804,1.2506563905036128
5805,0.3681198612518928
5806,1.1958970389998005
5807,1.6528564890881488
5808,-0.011879331142295654
5809,1.8648325117645888
5810,0.6494987951457535
5811,2.2930734647574957
5812,0.5633122278899654
5813,0.692830920756025
5814,0.5759443839806486
5815,1.2404164620657143
5816,1.982263275117418
5817,0.22257695324466026
5818,1.4094566992855575
5819,0.9968772107623338
5820,1.080093742150989
5821,1.825431559432077
5822,0.7551461644390276
5823,0.2670780775887138
5824,0.4394663168326975
5825,0.3470955762639746
5826,1.0690717740299578
5827,1.1506344621397027
5828,0.4030512161345233
5829,2.23451437443976
5830,0.6120761431997686
5831,1.397346987082705
5832,1.8691468889466172
5833,0.561251070344845
5834,1.321783979046967
5835,0.9653609746082512
5836,1.1206672836846658
5837,1.748996012061133
5838,1.4920219844405938
5839,0.9891421299666855
5840,1.8007294884025962
5841,0.5413407287632923
5842,1.583675182497225
5843,2.3744492486185442
5844,0.17316267170659985
5845,1.3240167004523755
5846,1.1867724988506514
5847,2.1238369986851353
5848,1.4889694766905035
5849,0.8601887535464923
5850,1.7635842503396488
5851,2.09407112811372
5852,1.0675232300676791
5853,0.21104207216455756
5854,0.35060995849100657
5855,0.5986143973884557
5856,0.4513486054083222
5857,1.791286704907623
5858,0.4096978429958641
5859,1.0799336532625228
5860,1.717512587697131
5861,1.399520492467482
5862,1.294880334099204
5863,-0.06694043471994324
5864,-0.012410315358773225
5865,1.0185736855461227
5866,1.3376245440406063
5867,2.2450033674907792
5868,2.372750417514835
5869,0.45398865207220573
5870,0.26092353761148945
5871,0.9532481128226202
5872,1.0104024173994381
5873,1.6013853448854787
5874,1.1157258227026317
5875,2.23850715036625
5876,0.995142299967005
5877,1.397488370631395
5878,0.4549702671568791
5879,0.722838594680518
5880,0.8344188508852872
5881,0.40279006432995634
5882,1.4266362703855402
5883,1.9849475180903937
5884,1.348830276437674
5885,0.8421062822528036
5886,1.4092529796057687
5887,1.4694679988763175
5888,-0.005232437503035564
5889,1.596692266201535
5890,0.8011121220361437
5891,-0.2616131064481673
5892,1.4509424301942413
5893,-0.1789035036099807
5894,0.17273913921302786
5895,1.1065711544725947
5896,-0.1290728470890171
5897,0.5593523836998331
5898,0.7942565844344938
5899,0.4208115764817451
5900,0.03920852384228751
5901,0.71122817983139
5902,0.5137769558859049
5903,0.3469623791807148
5904,1.0653101267555891
5905,1.4356009091136837
5906,1.8410241981008357
5907,-0.3566660811004569
5908,1.9517504086787363
5909,1.6074596913436208
5910,1.7412695929138742
5911,1.920020891693594
5912,0.1432434977495639
5913,1.531447931349976
5914,1.941098782670937
5915,1.6036775009401372
5916,0.7171469411250264
5917,0.567778563452238
5918,0.31220740113963885
5919,0.8796516894860373
5920,0.9030629410555916
5921,0.18482408524263833
5922,1.6942303786184922
5923,1.4987358241101487
5924,1.3010465380048912
5925,1.5662826947216837
5926,1.1274467216461737
5927,0.9309224320198204
5928,0.04979516590748261
5929,0.4567396602423524
5930,1.680781663140112
5931,0.5748408821203106
5932,1.0594959809123663
5933,0.3068254781812763
5934,2.533259991676781
5935,0.6444723918679105
5936,0.4412660880139136
5937,1.9407380118094246
5938,0.5291910099124314
5939,0.700259479325501
5940,1.4379498819493797
5941,1.3798730486423898
5942,1.9503179801832096
5943,0.6547069918940926
5944,1.8368881852875683
5945,2.088585182958738
5946,0.25238921357166566
5947,0.22492662947607353
5948,0.8210399883145296
5949,1.156032401662307
5950,1.3923227847942339
5951,0.3516752870740599
5952,1.0462713604674982
5953,-0.04059851985766842
5954,1.4162412848190005
5955,1.7800259677446584
5956,2.186576240928055
5957,0.6268073325433168
5958,0.6085315941209505
5959,0.5132376779586706
5960,0.42855609686382656
5961,-0.09344571424713663
5962,1.1195777994739984
5963,0.5235498419000787
5964,1.2657317738664573
5965,1.3279984210637539
5966,1.336524163623828
5967,2.125261761530655
5968,-0.5712140916333313
5969,0.8813751829976102
5970,1.0222828955481649
5971,0.1709697508550403
5972,0.5079984663225037
5973,1.33259980853026
5974,1.5847408428260892
5975,0.6315592183278925
5976,1.8158234285856794
5977,1.5916922473262272
5978,1.5332673852562453
5979,0.05704784791839562
5980,1.3016642247404397
5981,1.252670519769797
5982,1.7203210205441999
5983,1.0256982968243207
5984,2.12812308223053
5985,1.5214629255571448
5986,1.2858650921172956
5987,1.1419645949041821
5988,0.36770857253829287
5989,-0.6544601855237387
5990,1.902385129821582
5991,1.6685528464245185
5992,1.0289369886083854
5993,1.560021737409853
5994,1.7067308033845974
5995,0.4238033565224101
5996,1.3462332529928507
5997,1.2922915039821028
5998,2.012312282115108
5999,0.5314617256332933
6000,0.4351246969126364
6001,1.080560793150681
6002,1.308916515749663
6003,1.7131716763908886
6004,0.8980358310484486
6005,1.041367898474001
6006,1.3813605853377804
6007,0.15351904370781103
6008,1.5935493816753012
6009,1.0532377938532913
6010,1.1265262520995987
6011,0.7592749583634234
6012,0.12718424466190975
6013,0.08313082698966878
6014,0.5476493850018157
6015,0.02989600409469234
6016,-0.30823842692099424
6017,0.5959904994115925
6018,0.35261823642789664
6019,1.9762009292484146
6020,0.3399541551164962
6021,0.6870989181393452
6022,1.5972539699499355
6023,1.1069087605307384
6024,-0.2787336589567816
6025,0.7970873276782762
6026,0.25083770105182013
6027,1.3641418936090177
6028,1.7752230415220718
6029,-0.06639020404502512
6030,0.49131897548703346
6031,1.5580092398151284
6032,1.0218141435296002
6033,0.940936379001895
6034,2.1434405693659624
6035,2.264046814110435
6036,1.2209180364127825
6037,1.3799519406011553
6038,0.3846069146013978
6039,0.42479903187574813
6040,1.950373819152466
6041,1.0089296442696087
6042,1.7737768276350994
6043,1.7973235162631869
6044,1.705900837250928
6045,1.148433339866108
6046,1.8902002291156843
6047,2.226663876501079
6048,0.5618087595148322
6049,0.9175690557746495
6050,2.0064655295171905
6051,0.7805449433448749
6052,1.7614808316899737
6053,0.3567074978896693
6054,1.4936590410061044
6055,0.01669862871470293
6056,-0.0928390598154683
6057,1.5285865121395938
6058,1.112601278504004
6059,1.9548145578764673
6060,1.163242165556993
6061,0.6871744681748378
6062,0.9458314632856077
6063,1.9773841257392615
6064,1.216086866616704
6065,1.83915665770928
6066,1.501352724137505
6067,1.5193585137210632
6068,1.9611596333579513
6069,1.4734400320349306
6070,1.03692337278121
6071,2.032598048782493
6072,0.9428634286942663
6073,-0.12072666070891158
6074,0.2120258273284861
6075,0.60249317836839
6076,2.0126270207494352
6077,0.7674713597198252
6078,0.26544266155170065
6079,1.3268351199940587
6080,2.0684521640788156
6081,0.8368740179192133
6082,1.2457223111708347
6083,1.8610938524936311
6084,0.9863465333665931
6085,1.0889797921569766
6086,1.1204357529811182
6087,1.6962084779000495
6088,0.8236827232967106
6089,1.5182322698483066
6090,2.123520942171779
6091,1.0027266588860677
6092,1.1377648382814274
6093,0.23223699485111032
6094,2.0503552660406914
6095,0.00384755589769286
6096,-0.1939295200821778
6097,1.1933498426104656
6098,2.226310332123705
6099,0.732171400821531
6100,1.9401158830226313
6101,2.2478152834020118
6102,2.1095684593785653
6103,0.45232102520218476
6104,0.26573188916733875
6105,0.6620495407801729
6106,-0.013258967361588075
6107,1.2256460998162038
6108,1.5231711475841274
6109,0.864161342630849
6110,2.6673731637694433
6111,0.2542797062311957
6112,1.7394990240577746
6113,0.7412690480271199
6114,0.35767790040875386
6115,0.1765451005238577
6116,1.949220970071097
6117,1.0315732285264518
6118,0.6785214917225706
6119,1.8417004438826734
6120,0.8497447028389387
6121,0.711670597747047
6122,2.1309431337879374
6123,0.6333534660766125
6124,1.1094729922112312
6125,0.08788195134017926
6126,-0.007169400778484908
6127,0.2903166028958892
6128,1.689507290802427
6129,0.019925686792808102
6130,1.4877361708229204
6131,1.2754168031427056
6132,0.42931030081035904
6133,1.4030937274418867
6134,0.7783151592044515
6135,-0.1965369139578223
6136,1.1120793022649127
6137,0.23450172993943974
6138,0.13258317351300689
6139,-0.2642613515937297
6140,2.024702416472737
6141,-0.004321436669565942
6142,1.3228356350097448
6143,0.2855275290125069
6144,1.0888125904733146
6145,0.5480469280497979
6146,1.1832430825697575
6147,0.6159983480819304
6148,1.6377191014144448
6149,0.5693594395697796
6150,0.9055042930875801
6151,0.5022675159802785
6152,0.23098514771989867
6153,0.6231096296784444
6154,-0.09560784544492344
6155,1.9956153998480395
6156,0.047505331028470675
6157,1.1019169758490448
6158,0.8380008256469648
6159,1.4125786863679597
6160,0.2801786457745614
6161,2.1654963428533844
6162,1.977868188123989
6163,0.014213030881011411
6164,1.3041146717815193
6165,1.909490812221758
6166,1.6914102491854193
6167,0.7330948730588787
6168,1.370875183659792
6169,-0.0422767494044268
6170,0.5466164133814454
6171,1.3269186381268208
6172,0.05052474795158357
6173,0.08305701048894981
6174,1.245783054486847
6175,-0.03751048834442202
6176,0.2595937747831716
6177,0.3395143336773837
6178,1.1190703363122272
6179,2.233304163722039
6180,0.18531635691909296
6181,1.0966984804336064
6182,1.9952378864225089
6183,0.5621852098130921
6184,1.4094865747554264
6185,1.4332608681545926
6186,1.0992938429439445
6187,1.4143142611865163
6188,1.6752522735659823
6189,0.8089187915048215
6190,-0.5605260234995472
6191,0.22207888594437405
6192,0.05477259645890005
6193,0.5314300372655443
6194,1.0042075906945087
6195,1.267567531370424
6196,2.4748246359282655
6197,1.497892241698455
6198,0.2439532091643643
6199,0.9604130875168104
6200,0.9763803108877223
6201,2.490309026492156
6202,-0.12760027806067967
6203,0.5183249939246765
6204,0.8195379123322746
6205,0.6408111155870971
6206,1.1476276651766546
6207,0.6533671299903407
6208,0.725871757355492
6209,-0.47631015307075536
6210,0.5452359761356715
6211,0.5283757990079323
6212,-0.2811505953625091
6213,1.2600070104962102
6214,0.5368185732956301
6215,0.6932503004064587
6216,0.8080374637968355
6217,0.536937348731927
6218,1.5825589649300595
6219,2.091876056791749
6220,2.059498787657607
6221,1.600710846261226
6222,0.8742729259139912
6223,1.3371968364822218
6224,0.2120687312248045
6225,-0.18095501248605952
6226,1.638433367403163
6227,1.4326850223247
6228,0.5836053637509244
6229,0.4397835173298404
6230,1.6859793044971072
6231,0.36509362695372266
6232,1.884279207167987
6233,2.2629513535220807
6234,1.8963246587928133
6235,0.08632813062384476
6236,0.266473620079962
6237,1.4957025673858177
6238,0.5659532618078722
6239,0.5051474972663537
6240,0.8761635236003257
6241,0.8484197256674983
6242,1.3769061601315176
6243,0.9787452697996639
6244,1.3441203019870618
6245,1.2689481877747597
6246,1.3554388926448007
6247,1.6989004888041488
6248,0.06497714238310681
6249,0.4504773785246244
6250,0.2104056211506473
6251,0.021563848496918142
6252,0.42353595655266074
6253,0.15897568546172364
6254,1.63134315689721
6255,0.12324205603268687
6256,0.08702901344020987
6257,0.813465125061771
6258,1.8411761636056103
6259,1.321189523386378
6260,1.6917772271581875
6261,0.1506304507565714
6262,0.07372039554860096
6263,0.9138054847215606
6264,1.4506732227607742
6265,0.18380835267363987
6266,0.5081262170843578
6267,1.3683736968368998
6268,0.17968244124624183
6269,-0.1663886829929732
6270,1.2753429820901852
6271,1.932907987214258
6272,0.6955605045884132
6273,1.8040926018377206
6274,1.264399168778216
6275,1.4543729346237246
6276,0.9452426028087695
6277,0.17015072998419617
6278,1.2981980661001387
6279,2.0331005302329586
6280,0.351852218980115
6281,0.13029397213402805
6282,0.05735267504310257
6283,0.8011009069891565
6284,1.315491254354191
6285,-0.04068157854080484
6286,0.4490090232912605
6287,0.7180741396586443
6288,0.8702028615862927
6289,0.7854142266068964
6290,1.7011732628449776
6291,-0.07236918054238697
6292,0.9558750944083374
6293,0.43804396953182484
6294,1.2204931489272373
6295,1.5068534533879472
6296,1.7578508432941395
6297,0.8440696522551636
6298,0.1195192454980969
6299,0.7225756899182305
6300,0.3310783344039424
6301,1.317688596239503
6302,0.9597041201459934
6303,0.6498033608192819
6304,2.064081653071969
6305,1.0421853223504214
6306,0.6754195093575849
6307,0.8725226554908974
6308,2.234702929002221
6309,-0.042872247436187366
6310,0.3407204045283455
6311,0.9836717138086554
6312,0.2177164357696933
6313,1.1154422733112148
6314,1.078950884898962
6315,3.849252975704106
6316,0.017620419388238225
6317,0.5359201627638859
6318,1.8800102110171193
6319,0.769009103482394
6320,1.1439128425906284
6321,0.10490526355569155
6322,2.237746894757812
6323,-0.2504631111710123
6324,0.2411771670327095
6325,1.1586930869395473
6326,0.879040089307501
6327,1.4737341677106597
6328,2.035889584174698
6329,1.7956199936886632
6330,1.859879132507927
6331,1.5235771856309535
6332,1.2806197718628936
6333,0.05298366586408533
6334,1.1302020520303127
6335,1.1040523893181209
6336,-0.04006600453293524
6337,0.9765811370112815
6338,0.33755756250075186
6339,0.6643317781027089
6340,1.6762406302300434
6341,0.8513347148404833
6342,1.3205708447554196
6343,1.856179503594305
6344,1.6754172931040294
6345,0.6278035819228343
6346,1.41474468287157
6347,1.026047860862335
6348,1.0022958601995617
6349,1.157694795762458
6350,0.42937305173769447
6351,0.42700808310316224
6352,2.0703372024845295
6353,1.7584462890016608
6354,1.9136138347883804
6355,1.8586819300308148
6356,-0.08396035823124501
6357,1.2052180776737456
6358,2.119450384090823
6359,0.8541085700884684
6360,0.8939306451059283
6361,1.6283112614047217
6362,0.2885839919859266
6363,0.6460617545990481
6364,2.49861395557683
6365,-0.1008686603736332
6366,1.964517512743669
6367,1.2840673075207794
6368,1.196197997107678
6369,1.018667346446545
6370,1.2431239637110927
6371,1.0368986700332485
6372,1.2022834295553173
6373,1.6587238166587708
6374,1.0070341647095307
6375,1.467190685264607
6376,2.0075663986719516
6377,1.2681987231761982
6378,2.1335850225292177
6379,-0.3196502992936148
6380,1.461417145313943
6381,0.2681144327694964
6382,0.5375595390215817
6383,1.694114366771845
6384,1.0113826540286985
6385,1.0858295838300973
6386,-0.15363945306566276
6387,0.8815917835950229
6388,1.3628210912391556
6389,0.40396859856581363
6390,0.007769523309050862
6391,0.1581985326618528
6392,0.9863828848636671
6393,0.6343242186442546
6394,0.0833853565314296
6395,0.1504623763146829
6396,1.8106732156147802
6397,1.2317031009306685
6398,0.537921508800302
6399,0.4453422512625656
6400,1.9535047055632027
6401,1.122679140909109
6402,-0.02386025730794042
6403,0.6096101367816523
6404,1.5483479974881476
6405,1.8378473656721117
6406,0.5660806088731813
6407,0.887245081937544
6408,1.9290786752813809
6409,0.4162440907500125
6410,1.7412981165409622
6411,0.32914805043808903
6412,0.8492677005412193
6413,-0.30739255335186416
6414,1.1474661899973464
6415,1.3391432149714406
6416,0.9412509306451934
6417,-0.38669751420962317
6418,1.7381084528805228
6419,0.9197515515032111
6420,0.17388771087087554
6421,0.9463563882933419
6422,1.0696962573879025
6423,0.10360117672327922
6424,1.5316863488954848
6425,0.39441638137855684
6426,1.5434132075369182
6427,0.33468528915459034
6428,1.51873456307017
6429,0.9439394243107065
6430,1.5293531080076526
6431,0.5158299858471549
6432,0.6803831243664461
6433,1.3088620921251866
6434,-0.02698489234450871
6435,0.9239214008028453
6436,0.7419448046959982
6437,0.9472913543015447
6438,0.06615955933888729
6439,0.3011479756585765
6440,-0.746171728287096
6441,0.8209535534567391
6442,1.3372983300050318
6443,2.028651539942056
6444,1.136707411224993
6445,1.0472196184132492
6446,0.7796961953111102
6447,0.5716236905757343
6448,0.47531667516090703
6449,1.1987090345195808
6450,0.2974056356372237
6451,0.9346876396481205
6452,1.3039091582811264
6453,1.3219720736828018
6454,-0.10051388123217145
6455,1.543180693684267
6456,-0.3639459658808225
6457,0.8205914498550357
6458,1.4588372325659196
6459,1.5766506535257772
6460,1.792370475902896
6461,1.1399084772515051
6462,0.469364158740164
6463,1.5767087235595976
6464,1.2261653834503878
6465,1.2692224377752885
6466,1.4532640828408474
6467,1.186131730671282
6468,0.0238358587288921
6469,0.8425153535123422
6470,1.0989444403964026
6471,1.7507839241824845
6472,1.184784344861197
6473,0.411525659772196
6474,1.8451693829688725
6475,1.0909477963364052
6476,-0.08313866922216004
6477,0.46139805757155683
6478,0.7539317439702549
6479,0.5358169039090291
6480,1.1661327851802112
6481,1.726444001175149
6482,0.44156082989349676
6483,-0.05188644139556952
6484,1.2014543800068478
6485,1.1370301755392325
6486,0.4123695814243572
6487,0.7195973918235827
6488,1.1009620108060842
6489,1.3000129237438132
6490,-0.03854605782997797
6491,1.1025308117826478
6492,1.5044360397026149
6493,1.7875665672774663
6494,1.4910028106864834
6495,-0.30858372429279746
6496,0.9409128245639802
6497,-0.028193833706536164
6498,0.7798283969790354
6499,-0.0034640205398892565
6500,1.4365387782994363
6501,1.5354420310259946
6502,0.9651759227167462
6503,0.12047942330758322
6504,0.3252982395507275
6505,0.30380463242303635
6506,1.2494297368498863
6507,0.08998411766779316
6508,1.0963730210639286
6509,1.3935631326771933
6510,1.040572891231114
6511,0.4380149254887782
6512,0.542668230776109
6513,1.0934184804465952
6514,0.16311527347190483
6515,0.647692909103031
6516,-0.15702395430542124
6517,-0.04162136177641486
6518,1.7031366556999856
6519,-0.7395517923416544
6520,0.49983388459733313
6521,-0.06959577133555397
6522,0.6337504691423899
6523,-0.38321207170026844
6524,1.7132252918772528
6525,1.9286382340180794
6526,0.19558851905908353
6527,0.27845498794663825
6528,1.8945914662504735
6529,1.317475191508548
6530,0.8861468760537357
6531,1.6936925786849435
6532,1.3187526967586978
6533,1.6407135067814667
6534,1.9956717929888366
6535,0.9578745310030075
6536,0.9327704290264774
6537,-0.20014346003967393
6538,-0.07329959492880603
6539,1.1641757299957154
6540,0.7432785412606948
6541,0.7108861011999603
6542,1.3176010918190628
6543,0.33662880561061725
6544,1.6655847819541163
6545,0.5097787663667573
6546,1.0227923415777092
6547,1.785494157658285
6548,1.7423228093187189
6549,1.6761564448292343
6550,0.2696555533957002
6551,0.4389901857370072
6552,1.0505707003303455
6553,1.2194541089097515
6554,0.5538107198415776
6555,0.7025956090246592
6556,1.0531995094528483
6557,0.02988408580294058
6558,1.5022406570907423
6559,0.14320092445471272
6560,0.640357059106038
6561,0.2544001782301941
6562,1.1589379196401062
6563,0.016285570725232235
6564,1.65720250009503
6565,1.3241270243928647
6566,1.916315858381672
6567,1.6130674488171386
6568,0.6947911433273855
6569,1.8042375079725994
6570,1.8831284545066576
6571,0.9502531612453744
6572,1.0294733402436904
6573,0.5114791001126721
6574,0.35485238539536035
6575,0.7246796180198078
6576,0.57191054729983
6577,0.8552527357595989
6578,0.005880000260363644
6579,1.0662013334256135
6580,1.104079590752696
6581,2.2857307897549806
6582,1.887523840197734
6583,0.5117290995908746
6584,1.1620531723819487
6585,0.9637141947955744
6586,2.486334415533324
6587,0.9141796468937611
6588,0.7781468589034259
6589,1.707067295557635
6590,1.9910113687748114
6591,0.6395794004937176
6592,0.4999094273509755
6593,2.079437037463625
6594,0.37793344093887554
6595,1.0600287164183548
6596,0.37008076000995593
6597,1.2323915712893108
6598,1.7354506160953087
6599,0.9238855885478647
6600,0.9415324791630688
6601,1.8790452246582667
6602,0.9212307964474105
6603,0.6759835549231221
6604,2.5771908695394337
6605,0.9440514545270753
6606,1.9406766065198242
6607,0.6201126674200215
6608,1.328372997062024
6609,0.2386118707413955
6610,0.4344185588089894
6611,1.3111333944098447
6612,1.1674452793217305
6613,0.7325912696902711
6614,-0.17882836031924068
6615,-0.06680012728645895
6616,0.9903380070291136
6617,0.9251009985208845
6618,0.0205602161176707
6619,0.44413920492970266
6620,0.631900921108719
6621,1.6544588421040076
6622,0.4877725102236647
6623,0.06205110115453355
6624,1.2292195880885255
6625,0.5652414315688311
6626,-0.2506841652726253
6627,1.0206312659966115
6628,-0.059704284309307215
6629,1.915897640564746
6630,1.4870836743801603
6631,0.6347693403088301
6632,0.537521511151304
6633,1.9848354797891066
6634,1.8339094724198939
6635,-0.23681925586185526
6636,1.792570543873797
6637,0.10446069355746174
6638,0.6479580038178439
6639,0.37375121450699245
6640,0.37147048576880604
6641,0.2989186440228235
6642,1.5386595877353861
6643,1.0942027264323388
6644,1.4452748198520926
6645,0.6738583933139959
6646,-0.11454953170864057
6647,1.6510874579607842
6648,-0.1006634049505517
6649,-0.18749758457015453
6650,0.4757101817119096
6651,0.6269785160499852
6652,1.190210941961257
6653,0.3052783193818206
6654,0.3652640845430622
6655,1.4044098955093023
6656,0.20086646892037077
6657,0.22569765947689305
6658,1.794304261544531
6659,-0.08200767578790089
6660,1.8281212363397685
6661,1.3884802265229064
6662,1.9976802287895918
6663,1.9012639372221791
6664,0.23985456050566392
6665,0.9395249031056696
6666,1.323423561075124
6667,0.5962630623526008
6668,1.3601749611613676
6669,0.29187918771329796
6670,1.1008541602687196
6671,-0.09504792381372346
6672,1.5419747255116962
6673,0.683751789589552
6674,1.609382216919039
6675,0.022703226187310938
6676,2.0290315875484026
6677,0.401417047423615
6678,1.5140374569714772
6679,0.41831986526614523
6680,1.0060323981963768
6681,0.09142992402431795
6682,-0.05448458343146117
6683,0.9346786664603278
6684,0.9836991638531705
6685,0.5377193317023536
6686,1.8067802056306133
6687,0.47403853821544456
6688,-0.10771500779844159
6689,2.1276587417092854
6690,1.338987498655481
6691,1.9210475248294436
6692,0.9219782501863503
6693,1.4106016458175044
6694,1.1844075824643852
6695,0.24298024823962128
6696,1.9634363388868044
6697,1.1418628238278863
6698,0.15900303591391884
6699,1.48534442825076
6700,0.1733503053847956
6701,0.9320430815679686
6702,1.4270504864387337
6703,1.4824728692659874
6704,1.1503211457318014
6705,1.3581951821957723
6706,2.573365007248963
6707,1.8889631190021705
6708,0.31721416661187773
6709,0.08161308190557684
6710,1.553443928073247
6711,1.0483679485133033
6712,0.15660319000673875
6713,1.8240988801801286
6714,0.5481789423146376
6715,0.8262943875850779
6716,1.1691940901307603
6717,0.40077529914598714
6718,0.02597818867752718
6719,0.6617955033119671
6720,2.0718415556876155
6721,0.6919153487754754
6722,0.7667408475882314
6723,0.4942651939100847
6724,-0.052677599117876533
6725,-0.14444334887867408
6726,0.6399294610878457
6727,2.88946806737187
6728,1.5940969653542905
6729,1.0930406185284727
6730,2.3185561249378037
6731,-0.09906600266159388
6732,0.5108457242224114
6733,0.7044535818891342
6734,1.0483829028295697
6735,0.7046226028514211
6736,1.0542569637642292
6737,0.9046530283578331
6738,0.3158205813931553
6739,1.5587414800609065
6740,1.2767934424362843
6741,1.3187712352661145
6742,1.6318188249479948
6743,1.749419894750275
6744,1.2661832863118359
6745,1.7562349985525285
6746,1.9182689895557983
6747,1.06258413369729
6748,0.368865081509524
6749,2.042538528269279
6750,1.572954693896441
6751,1.821960609663612
6752,-0.11865925801802096
6753,1.4692304481117928
6754,0.7359689206035332
6755,-0.43977044655910297
6756,2.0076986798046352
6757,1.248632654202601
6758,1.6010458681457775
6759,2.367879781855041
6760,0.6907890090178845
6761,0.29573017113699707
6762,-0.14875878596779493
6763,1.6680374273807972
6764,2.049840361613024
6765,1.4111251954183184
6766,0.5637374560422268
6767,1.9199801344393443
6768,0.6044056586306065
6769,1.8248389105038065
6770,1.80538789595471
6771,0.6119431322912234
6772,1.7034614701507993
6773,1.6963508766662383
6774,1.303137372878491
6775,2.0793179486973146
6776,-0.2610178759159363
6777,0.3550351169905267
6778,1.5975112864163346
6779,0.5226398782897905
6780,1.8341007448178672
6781,1.1797930787618442
6782,0.9941338050167463
6783,0.5975319916022155
6784,0.931275492523683
6785,0.6547117606717421
6786,0.3030799634443429
6787,0.8107922669510679
6788,1.8672903313607276
6789,-0.011935456868591085
6790,1.1307908283762709
6791,0.6240031028468831
6792,0.9509444049294228
6793,0.8325887073798585
6794,0.5463597517093874
6795,1.580534456468731
6796,1.0030748594156296
6797,0.939767902361965
6798,1.9418988673267354
6799,0.02521131639331811
6800,0.35768747115408683
6801,0.06319031167930564
6802,0.0611547750876091
6803,1.5457727457151282
6804,0.5236725943049411
6805,1.7662478529234296
6806,0.7591710137954486
6807,0.25568368992050416
6808,0.09220104644696474
6809,0.21136582735810422
6810,1.410891711091146
6811,0.4968556606269935
6812,0.25074887268563884
6813,1.497662982590162
6814,0.6623464208452037
6815,1.9352075423717652
6816,0.5881232309901845
6817,1.3248080109166016
6818,0.7641194636912647
6819,-0.03161220974496199
6820,1.0531169111173315
6821,-0.09248756565439795
6822,1.9721598322711367
6823,0.44747046854528416
6824,1.5502442100835867
6825,2.086746389521609
6826,0.8225715512896815
6827,0.41118801110955927
6828,0.9279729893521256
6829,2.464002148423662
6830,1.1956658298636977
6831,0.13287902271456498
6832,2.7325907282663553
6833,1.3961320022757402
6834,0.948405952718165
6835,1.7466737212903631
6836,1.8267148278030487
6837,1.260544443853889
6838,0.740556921230227
6839,0.15066280127352843
6840,0.7457072506002833
6841,0.6781726059866559
6842,0.10462258690137283
6843,1.5542688460070848
6844,0.7991005779918976
6845,0.56904536443505
6846,1.036998110056479
6847,0.7611533023444057
6848,1.1378514243404223
6849,2.2205127750967213
6850,1.5239551438519117
6851,1.3068940432374934
6852,0.9273394665906068
6853,2.0771985430755406
6854,1.0637869104715154
6855,0.6295797973494315
6856,1.78358229628719
6857,1.6611279664818417
6858,1.3646078113484819
6859,2.313747781921861
6860,1.2508920791784126
6861,2.0730704134052367
6862,0.13505942937246265
6863,1.0106430327758158
6864,1.49067641179998
6865,1.046498648176844
6866,1.5887638265624293
6867,0.059515624140850557
6868,-0.223293562553956
6869,1.0472869698368061
6870,1.756697640852065
6871,1.3468204760721658
6872,0.9774131039905807
6873,0.8076870118760568
6874,1.9519800078361167
6875,0.5940903819535284
6876,0.34223092659298304
6877,0.3735645315489468
6878,0.9218919307636435
6879,2.024057143152914
6880,1.2044506762039489
6881,1.7198991707530056
6882,1.6986806804348822
6883,0.35027750100645183
6884,0.8836016399778371
6885,1.1807833166450368
6886,0.36745740953730816
6887,0.18066170833103723
6888,0.5905072617840927
6889,0.1117073653853538
6890,1.6016772819691467
6891,1.5928546423242456
6892,-0.3236237312040374
6893,0.12384537398716844
6894,0.20757994756330295
6895,1.3039506956419584
6896,1.0921195967986694
6897,0.7885215078819645
6898,1.5986612945530347
6899,1.9901696257690604
6900,1.4371419941628683
6901,0.4500612300274684
6902,0.9584408748850612
6903,1.0524158524122589
6904,0.2477752908825157
6905,1.696249458752909
6906,0.15126796914813417
6907,1.2357401366174252
6908,1.1804455249341603
6909,2.226834438206455
6910,1.231192669764138
6911,2.243882759180904
6912,0.21827530301660766
6913,0.14825595913907896
6914,1.8035722708888757
6915,1.1359370489667713
6916,1.5231546170900567
6917,1.3011637567968917
6918,0.8606014313200041
6919,1.970518064906271
6920,1.5941025862792717
6921,1.6244122666392957
6922,1.3392934003440697
6923,0.9526906762289715
6924,-0.7496268672229698
6925,0.6982455542080958
6926,1.4075590357416314
6927,0.4950063609876368
6928,0.530151384590808
6929,-0.533852440220608
6930,1.4645186485878314
6931,2.1087958779041567
6932,1.2803615627166105
6933,1.1713631278382342
6934,1.4841654802211681
6935,1.5269507179385686
6936,1.252973065783193
6937,1.3443678882823316
6938,1.929698543716641
6939,-0.1573513559685678
6940,-0.001892502581020944
6941,1.242847719919367
6942,1.5914894594430333
6943,0.2810855821003617
6944,0.3220597291155251
6945,1.1323409678724874
6946,0.3706562222724759
6947,1.4004737915614351
6948,0.7009275875193739
6949,0.30906801599850175
6950,1.1316565805011127
6951,1.760680593822279
6952,1.6585871091956557
6953,-0.23846961113740278
6954,0.34690039716445087
6955,1.6012786000144703
6956,1.3059311755798808
6957,1.135186114490718
6958,1.7374876334041718
6959,0.7346653801675087
6960,0.07250728833809543
6961,2.174595782321166
6962,1.4986459734726745
6963,1.4469236095804678
6964,0.4300805664769413
6965,0.08424270268624003
6966,1.3576261589375267
6967,0.7116766225566886
6968,-0.06291958633801406
6969,2.291430573562353
6970,0.25034790108872906
6971,1.0394752414546073
6972,0.46948346037151956
6973,1.1344552553764207
6974,1.7154301213177339
6975,0.6803883075480637
6976,0.1662135627239268
6977,-0.10833900734243351
6978,0.6611181075563075
6979,1.5053054249467195
6980,1.0889579393230686
6981,0.35198474693692794
6982,2.072101091204669
6983,0.607542028228993
6984,0.5967234030579852
6985,1.1359899417367139
6986,2.1877671556015312
6987,1.0937635459347128
6988,1.6687868074999936
6989,0.29146362820565974
6990,-0.12849029093700315
6991,-0.3128549761555799
6992,1.3313593302499864
6993,0.377390736038879
6994,0.31226725343125383
6995,1.0895725562882617
6996,-0.002675926694450076
6997,0.9834276267187381
6998,-0.0669281212484871
6999,0.9447377285079055
7000,2.111200382043155
7001,1.0611997999254943
7002,1.9371315537582243
7003,1.4886202362923358
7004,1.2169861780069913
7005,0.8396160483679052
7006,2.2324757397254165
7007,0.016042121804217338
7008,1.9048079830889229
7009,0.833960524117688
7010,-0.04742359398683891
7011,-0.01307740849476427
7012,-0.017584507790378054
7013,1.2428109978002075
7014,1.2981946061367724
7015,1.9100705210559112
7016,-0.06589629533229235
7017,1.2178523564636887
7018,0.3900925816264646
7019,1.529610738690098
7020,1.4628322944503738
7021,1.2995821644841048
7022,0.9076330289219389
7023,1.7983754659849156
7024,0.04940672836829457
7025,0.6996610706517532
7026,2.4110259941361147
7027,0.7581605304684114
7028,2.1609773550047726
7029,1.1713652861539363
7030,0.5992268520756077
7031,1.5892239843601452
7032,1.521102313455425
7033,0.5132366661639348
7034,1.6223924600440733
7035,0.3236468764656029
7036,0.5648357394526479
7037,0.4082714705562902
7038,0.13049915683230573
7039,0.800068856918662
7040,0.5875420908608712
7041,2.205930344823494
7042,1.133297690913155
7043,1.5342471605419026
7044,-0.11974915895319574
7045,0.035989904626859893
7046,0.9788826421969028
7047,0.2570897681328079
7048,1.3350418404842521
7049,1.111836034872565
7050,1.5010055857946412
7051,1.2442697976692483
7052,1.048801517952597
7053,1.1810273733227112
7054,2.1238083276149933
7055,2.1455072653700564
7056,0.5015278207429893
7057,1.2591757095376823
7058,1.0803407671448129
7059,1.6145305523876217
7060,1.6545844727113639
7061,1.8298127232770476
7062,-0.002403506859892268
7063,1.206889231032454
7064,0.927301514205376
7065,1.3808105299404363
7066,0.7523269637780734
7067,-0.2225517076028871
7068,1.9222837128666168
7069,0.28789754645048415
7070,2.367687472770134
7071,1.5863998159554844
7072,2.1462721844302117
7073,2.112983642945445
7074,1.952595300984893
7075,1.9642496995044703
7076,2.06185822587574
7077,1.2126692288220706
7078,0.5890650179479674
7079,1.1226960013535552
7080,0.8508267549479926
7081,0.6171099376197751
7082,0.058009235779904036
7083,0.825732044716283
7084,1.1025631980405797
7085,-0.15545063497604042
7086,0.5909672317402087
7087,1.321977871518364
7088,0.6691365239044536
7089,2.03248751720521
7090,0.9769623795135323
7091,1.4161863758989832
7092,0.14730162383741655
7093,0.516223289448809
7094,0.06918711382717617
7095,1.4086870580676596
7096,0.4161241339480393
7097,1.4056865134795724
7098,0.31553025472449014
7099,0.5040170019238004
7100,1.9132021188724075
7101,1.3024219726204076
7102,1.108566849726149
7103,0.45096856881943703
7104,0.1832053675301654
7105,2.0769706835460426
7106,0.07401546382414209
7107,1.7555018119247339
7108,-0.3684430534365514
7109,0.6386979336364573
7110,0.4249173642110694
7111,2.042582526958351
7112,1.572347299100686
7113,-0.24788805204218917
7114,-0.07653351678535147
7115,2.53770414944694
7116,0.49775146692134703
7117,1.391476049557773
7118,1.4969072304355957
7119,1.9081874404308818
7120,2.2226378451699285
7121,1.4252700104503122
7122,1.5749720853249864
7123,1.8953976558044805
7124,0.9357513335654183
7125,1.929430342977883
7126,2.3590513307195407
7127,1.5728484390685553
7128,1.1273662971486595
7129,0.6107909577562367
7130,2.088664341449026
7131,0.2521334717922204
7132,1.7883757221836858
7133,1.267791134832962
7134,1.1598990953565385
7135,1.1438368767194478
7136,2.0235742356419992
7137,-0.11703959574800021
7138,1.7297115051110308
7139,1.5972447845638504
7140,2.1710269589265008
7141,0.6253482043494691
7142,1.2415126484048455
7143,-0.19295127758996017
7144,1.6396039043219048
7145,-0.3477347478192744
7146,-0.026808059265372317
7147,0.3188646203546885
7148,1.6833708165042733
7149,1.8054945661704362
7150,0.12352091893290099
7151,1.5746365206974193
7152,-0.23877092931434746
7153,0.5344544217386886
7154,-0.19149848089319232
7155,1.0832459894109787
7156,1.4972789273168856
7157,0.2788344289729421
7158,0.8749190865642196
7159,1.7904837300158587
7160,0.1382372988475709
7161,1.6647112477412898
7162,0.6354673778020095
7163,1.4378832117917129
7164,0.02079752830049242
7165,1.0994324474911663
7166,-0.046528961420539236
7167,1.2864497568478916
7168,1.2988683735133668
7169,-0.07748784120733962
7170,-0.19422671990177962
7171,0.5596201970294219
7172,1.3144562541122524
7173,0.37157494080072073
7174,0.9704229079909226
7175,1.8459531954265982
7176,1.9547100416165395
7177,0.09169586393370392
7178,0.8510501919808728
7179,1.67576729575955
7180,1.956168104624964
7181,0.3857103081988114
7182,-0.11686532229312419
7183,0.747866177019757
7184,1.671795186168286
7185,1.0942115778232724
7186,0.2742528779583493
7187,1.1906855353942114
7188,0.2003499284004216
7189,1.377939827451383
7190,0.7495555502835178
7191,0.4584924373957473
7192,0.8152762549128567
7193,1.5810033692902823
7194,0.028859157151519474
7195,0.036501517957648374
7196,0.9574642252906654
7197,1.047670314678164
7198,0.9381335111095228
7199,2.2477197377389437
7200,1.464208311350311
7201,2.0816344378814793
7202,0.20211958883833916
7203,1.8421091983650917
7204,1.2519402069124048
7205,1.9214012349277967
7206,0.8637768683087187
7207,1.882607077486287
7208,-0.2473674367835125
7209,0.6722712721193029
7210,1.5178187700325996
7211,-0.05110034729603279
7212,0.538849289682553
7213,0.7760766646520134
7214,1.9802966533446484
7215,0.09164039850082219
7216,0.602587292059497
7217,1.493675134071199
7218,0.08941475660777232
7219,1.9879472208698696
7220,1.1407352064763234
7221,1.7939369170601291
7222,0.9409495036194525
7223,-0.17558934843943247
7224,1.7589384345503947
7225,0.7849534373094256
7226,2.2337606877869276
7227,0.2421902198654747
7228,-0.32172777903179783
7229,0.8198750723117467
7230,1.7787239361036682
7231,1.2038633452435556
7232,1.4220666440007999
7233,1.6872507766992624
7234,0.8183801536930504
7235,1.8803025131360676
7236,0.9945906614976652
7237,1.583253853187912
7238,2.105224505300382
7239,0.7031249441644354
7240,0.25099865136532307
7241,1.498230673532233
7242,2.2433193883938456
7243,1.2569958748377972
7244,1.442948265090123
7245,1.4535988422565553
7246,0.56113632976874
7247,1.9313580853619838
7248,1.4327312842963154
7249,1.045526024239918
7250,0.8344861451430872
7251,-0.08946662541755171
7252,1.3252989924505885
7253,1.8996478905996217
7254,-0.16228027368887255
7255,0.5411185633719953
7256,0.7282203625439401
7257,0.1665915592506949
7258,1.7718767727562903
7259,0.8890996352523619
7260,1.5915271966021936
7261,1.562643651682694
7262,1.0648552520422359
7263,1.2041129340567267
7264,0.43821745598248174
7265,0.6682332448105622
7266,1.04003805981018
7267,-0.05734999550135808
7268,1.8474581803501149
7269,0.07313261144855253
7270,1.0260588755106852
7271,0.7703908063328287
7272,1.1337776668266402
7273,1.5536140808928633
7274,1.1436593557700319
7275,0.049708253766623446
7276,0.10480235301356919
7277,1.7735247676207473
7278,0.0721854225091698
7279,0.3573158891553891
7280,0.6196654376144766
7281,2.1827903066197503
7282,0.34092671238460753
7283,1.052172432520202
7284,2.4772563262364375
7285,1.083323207011462
7286,2.051361168872041
7287,0.6241952355986549
7288,1.7824997859478624
7289,-0.17495160294747525
7290,1.2975314410854133
7291,1.9044832544960097
7292,-0.4681573004113559
7293,1.592205031728475
7294,1.0323627052742186
7295,0.14779862969256874
7296,-0.06884474398079576
7297,0.26158609176897685
7298,1.2672073239408008
7299,1.0392641540377436
7300,1.1643881078315295
7301,1.3241965051853306
7302,1.965714534742089
7303,0.7019310880222487
7304,1.6403534157633457
7305,0.8299579858671554
7306,1.4428281280202773
7307,0.8851897880860498
7308,-0.6751049556454125
7309,0.16693021404961733
7310,1.8790272765581468
7311,1.0338637747321908
7312,1.2778982028825177
7313,0.7112790724351137
7314,2.259290853607929
7315,1.0798096889922144
7316,1.9318726133011015
7317,0.5948664659760168
7318,1.1139624402300574
7319,1.4250380314242022
7320,0.2883084670363284
7321,1.601352495443771
7322,-0.3235036486521873
7323,1.5366092102974034
7324,1.9643479305891902
7325,1.5893238645815506
7326,-0.4244930148509444
7327,0.7927222399371554
7328,1.3382304754968737
7329,-0.14558304715708578
7330,0.8738914582343967
7331,0.7317475932656167
7332,0.24223336028767478
7333,2.0521979547734954
7334,0.009532171766788722
7335,0.12467765058988631
7336,1.9889268592093705
7337,0.030131564694187735
7338,0.7444948760318328
7339,0.6565814990549333
7340,2.2748535094622286
7341,0.3196316591335572
7342,1.1499126389557222
7343,1.259402118413008
7344,1.1560468931408099
7345,1.2107933822234294
7346,0.8582804579780334
7347,0.05075137069404147
7348,1.3392492736199693
7349,1.1729511275286848
7350,0.43338451763322156
7351,0.23429766659605147
7352,0.008141008138559426
7353,1.261472928028548
7354,1.2677339606732556
7355,0.2095032038990759
7356,-0.11546697362756231
7357,0.03288946095914652
7358,0.786817067567068
7359,0.3420287534603032
7360,2.6396369397702832
7361,1.2506095462498281
7362,1.2937975392828576
7363,1.931621080892165
7364,0.825902562711863
7365,1.3468669305543552
7366,0.25359225814281916
7367,0.018162494610595104
7368,1.5727507256984639
7369,0.11129787963459425
7370,0.0337508569611685
7371,1.6490129246332859
7372,0.895041273790202
7373,1.2500617301691883
7374,1.5135263442581348
7375,-0.3816964868250067
7376,0.4610390208360982
7377,1.4396754408377657
7378,1.282351521651081
7379,2.2674078433490545
7380,0.9505714021183868
7381,0.4595892032955334
7382,1.5198951651977404
7383,1.9910494386457858
7384,1.6568455965941513
7385,2.2552085702782336
7386,0.575322403072436
7387,1.9981731742281972
7388,-0.04484781732010126
7389,1.0946854653136275
7390,-0.25993822638150105
7391,1.2881173257538057
7392,1.189160498942543
7393,2.0369905495953247
7394,1.894019325640628
7395,0.4935115503793256
7396,2.1575756496733374
7397,-0.40386863119327776
7398,1.2209626131233422
7399,1.3612336735828054
7400,1.3618241433255267
7401,1.0552708273611857
7402,1.4008854535303008
7403,-0.2619499280774666
7404,1.4804864065991903
7405,2.2371367464794645
7406,0.7177572643833898
7407,2.079749795390135
7408,-0.1995741472393372
7409,0.3230724611559475
7410,0.5281674602582979
7411,2.0991673068957817
7412,0.3956422956726391
7413,1.7043727060223395
7414,0.6983419990770277
7415,0.9071200637277334
7416,-0.02203459785693819
7417,1.3541860358441373
7418,-0.10791290560392766
7419,1.186196167992652
7420,1.4131477353503388
7421,1.349134012492001
7422,0.9125583613853707
7423,1.84593334747855
7424,1.159880744888488
7425,0.9751514769147756
7426,0.561250036805615
7427,2.26063185505157
7428,0.5412395243200387
7429,0.5036022712918043
7430,-0.08784517507769926
7431,1.0896400050345003
7432,1.8134972895578432
7433,1.897211713535552
7434,0.8909480131377497
7435,0.06727595435402597
7436,0.5513497893467508
7437,1.5468729473205327
7438,0.9740025929796199
7439,-0.2862968282511003
7440,1.5166913108818056
7441,0.9902983145093689
7442,0.42012670644484384
7443,1.5209506005837814
7444,0.06731954489147558
7445,0.5428895357056429
7446,0.07500124541571038
7447,2.290729478849381
7448,1.750646430843778
7449,0.6178885536556042
7450,0.0760207149407697
7451,0.1783921948526168
7452,0.49646905326110846
7453,1.4617720744482647
7454,0.4120010140688819
7455,1.9509611630493433
7456,1.22510135012876
7457,-0.14615180543303227
7458,0.07818153130067061
7459,0.19734168362004434
7460,0.29063724704207655
7461,0.06651418870153165
7462,1.8014564155767283
7463,0.9454276683258016
7464,0.3835438630148122
7465,0.8804901290305508
7466,1.336122102582794
7467,0.7785359533023233
7468,0.7101315694985575
7469,1.202457961938622
7470,1.3741288424069864
7471,2.315410240604092
7472,1.1674469052520242
7473,2.1394042907937108
7474,0.6579360436300628
7475,0.9808591820594423
7476,-0.22168738652764206
7477,0.5297847642208826
7478,0.48445520066699216
7479,1.2838548680394868
7480,0.6792104158387382
7481,1.2584283226386486
7482,0.7315355391490378
7483,0.5196320732999368
7484,0.2906154008087834
7485,0.6750651169045913
7486,0.7254199193701534
7487,1.5037689270566097
7488,0.5924538065157461
7489,0.0731694301090055
7490,-0.0830429254301698
7491,0.9590792202386519
7492,0.05603353010689276
7493,1.3446933525049838
7494,1.8254923002317514
7495,1.9200713984516686
7496,2.2052220433210383
7497,0.7080223023237364
7498,0.4661206314664078
7499,0.7605606658539177
7500,1.2148220382245924
7501,-0.13716176236039876
7502,1.1598631657333804
7503,0.4336021720470803
7504,1.130432526752094
7505,1.676441428785292
7506,0.5289476649891149
7507,0.2662660014484117
7508,0.037105137175295635
7509,-0.44089950299192837
7510,1.6848200202691554
7511,0.29787459019644263
7512,0.45089960072149826
7513,1.66317419891757
7514,1.4061183395829102
7515,0.16827305537005333
7516,1.3128543649443054
7517,1.1608869438208473
7518,-0.13504348425927332
7519,-0.08878940475968075
7520,0.3813210385099866
7521,1.7982960986963505
7522,0.1639706126404614
7523,0.17832726761629009
7524,0.7532437639354287
7525,1.136333488430362
7526,0.4986502891198558
7527,0.6651116158757727
7528,1.0728331552910382
7529,0.37397422687229104
7530,1.0277756451541733
7531,1.3808129332664527
7532,0.08834217875962169
7533,0.21186551136111206
7534,0.37925019882439115
7535,-0.07758890945147384
7536,0.3749432384672633
7537,1.5219104164993622
7538,1.9819779428892903
7539,1.7810914510341633
7540,0.6694063980570453
7541,-0.10098063068157423
7542,0.1269310672905796
7543,-0.08316664185799152
7544,0.4260913319921019
7545,0.8766718746404307
7546,1.6591546168820797
7547,0.4469605039687005
7548,0.02596440654203533
7549,-0.2111985822447336
7550,1.2085528745435505
7551,0.6570454142433555
7552,1.4743916082309236
7553,0.1933386443218129
7554,0.7590272948638794
7555,1.622464007107702
7556,1.5526286696363414
7557,2.069879179088077
7558,0.5476915670996614
7559,0.32576381626471007
7560,0.48859874412002346
7561,0.23943884087701112
7562,1.2357097067253524
7563,1.6271081288104758
7564,0.4368024258854746
7565,0.43240877885712936
7566,0.7811102343991458
7567,1.2805096852505453
7568,-0.32535209119690583
7569,1.48773446121779
7570,0.44134679562597
7571,0.02584030152557687
7572,1.2709528555297076
7573,0.813227821824761
7574,1.0145158975650488
7575,1.007633298564006
7576,0.6901202381040489
7577,1.0138414628019454
7578,0.7943612571309553
7579,1.915685283565335
7580,1.0583230409634317
7581,0.6952548188784755
7582,-0.4308213261657531
7583,0.7841608489833308
7584,1.6830609671045413
7585,0.21253065167276214
7586,1.158908487539257
7587,0.8723659530217943
7588,1.8410724083792342
7589,0.2089818693086448
7590,0.030173122636163896
7591,0.5937281900492046
7592,2.3049763395982166
7593,1.0644520230724734
7594,0.2772882798138441
7595,0.3574299239366413
7596,0.13765329588756925
7597,1.412450415129545
7598,0.5745430449359884
7599,2.137617996999981
7600,1.2066497721538847
7601,1.2241656035320598
7602,0.9769455503484774
7603,2.1212214601010193
7604,0.8043360171529428
7605,0.41199469217382134
7606,-0.14404186308348169
7607,1.7549956991905964
7608,1.9149376159534701
7609,0.9840638487774789
7610,1.0853550886064987
7611,0.840543537779345
7612,0.9132945644848385
7613,0.144643437045213
7614,0.8177720575417838
7615,0.9444220660894016
7616,1.5283996815449177
7617,1.9704927741765632
7618,0.16234322170562443
7619,0.4218964572599932
7620,1.422760975914891
7621,0.357897306904113
7622,1.0836710514352532
7623,0.9811321959815507
7624,0.24938638224815848
7625,0.26508995652729106
7626,0.8977447525835727
7627,-0.05607747709425681
7628,-0.19899581465940736
7629,-0.07170080019848149
7630,1.84558771373049
7631,1.8788736651487559
7632,-0.10811843765614418
7633,0.3493139149494411
7634,1.6484479821294875
7635,-0.034327472534964175
7636,1.4111917280527744
7637,0.21958263344572804
7638,2.10448080907146
7639,1.8888517260216198
7640,1.7377528006368277
7641,0.7413487231653069
7642,-0.03625359381126152
7643,1.236465203631661
7644,0.7877713614769464
7645,0.38875515761397944
7646,0.8747315325833556
7647,1.7925342242789057
7648,1.3109683965840282
7649,1.822464225039349
7650,0.7214062964620702
7651,0.2841751966715492
7652,1.2961331947794512
7653,2.2354474034695984
7654,1.229611275484356
7655,1.7089642672417058
7656,0.2775359084162731
7657,2.254086188501681
7658,-0.09107156188677343
7659,0.19327767808235471
7660,0.2817877309393846
7661,0.2674030365681166
7662,0.8890361830542413
7663,0.29622403923377066
7664,1.7347521517129638
7665,1.2837977666281948
7666,0.21160339999437502
7667,0.217002572510747
7668,-0.0698843830639288
7669,0.785229387300741
7670,1.2450701091571323
7671,0.37782776260540163
7672,2.176253331425367
7673,1.3608304444358477
7674,0.47387550527506433
7675,1.4877178375802753
7676,-0.025655593211664857
7677,0.3284511103622148
7678,1.8372596498677891
7679,0.7430373698220019
7680,0.46776226194950493
7681,1.193100315967393
7682,1.0457216357451915
7683,1.2408177125942093
7684,0.4861302488058533
7685,0.03182094843473178
7686,1.3161389649208097
7687,1.101196331579709
7688,0.5034239469828687
7689,0.40329115283928807
7690,0.7514368250514454
7691,0.4267999467974346
7692,1.1294004425709778
7693,1.947950638393074
7694,1.0720033078808842
7695,1.1814314517131663
7696,1.3716597594419344
7697,1.8225460004721095
7698,1.4374303586612096
7699,1.7845442031975511
7700,1.548857424259925
7701,0.6333852916102644
7702,0.9486698689312487
7703,0.7595744127270312
7704,1.7926260172829986
7705,1.3659171748674999
7706,0.4091865887765759
7707,1.2766177994371293
7708,2.0340662802575933
7709,2.185750256012891
7710,0.9704495938150183
7711,1.659539470635352
7712,-0.15419783783250204
7713,1.867709387548547
7714,0.5386826266648556
7715,0.6245638222903133
7716,0.42397056545789896
7717,0.9941181033908773
7718,1.0541261964088788
7719,1.5026749194939435
7720,-0.28934546663003907
7721,1.1095792070027235
7722,1.5615340689794188
7723,0.576568281422436
7724,0.2351525769112806
7725,0.9956115079391057
7726,0.7012341657301615
7727,0.6288788360171811
7728,0.7637418835361438
7729,1.1693086518729938
7730,0.5793138605289275
7731,-0.1722603117637883
7732,1.0488699067107323
7733,0.9783406651830255
7734,1.826322664486404
7735,0.6015384085786586
7736,0.18149702584236965
7737,0.8307937731794888
7738,1.150127511030372
7739,0.7054082910164714
7740,1.7529161846803312
7741,0.030637638158636397
7742,1.4855778829258182
7743,2.179484253099248
7744,-0.5895571652388774
7745,0.1373429518475987
7746,0.24478938557371188
7747,0.045525370383235134
7748,1.9111838458704384
7749,0.25333691117479296
7750,0.35574568139054447
7751,1.0528753689930261
7752,0.20630206407340818
7753,1.631190453935704
7754,1.2280974830953884
7755,2.2416730524439616
7756,-0.2175913448586486
7757,1.1105516036833818
7758,-0.0341296373273845
7759,1.899795179370835
7760,1.0471322386035604
7761,1.98807961585746
7762,2.106984168815617
7763,1.025922070844051
7764,1.74542521147189
7765,0.13615610755387048
7766,1.3186579458287628
7767,0.7814941160113256
7768,0.44168641450241
7769,0.7458810608793442
7770,0.31718346504853046
7771,2.305825324719474
7772,1.2878033874514607
7773,1.8052567707161775
7774,0.8518600981037481
7775,1.9945438051551845
7776,1.1297443336790258
7777,0.4028054732886057
7778,1.1251780657597121
7779,0.09868931518817842
7780,2.8368266502882715
7781,1.1859416073170395
7782,2.759281979748251
7783,0.6776480906939326
7784,0.841549962770406
7785,1.2712700038044118
7786,1.2232109687589454
7787,1.0488838998765813
7788,1.5787296180849193
7789,1.6441945125591588
7790,1.4963443254898754
7791,1.159738397477914
7792,-0.6540704804088499
7793,1.9044585283396263
7794,1.2601772283492076
7795,0.5575462556849768
7796,0.5676954194731876
7797,0.06548567388270747
7798,0.6750708248052373
7799,1.0537448563913678
7800,1.602363833189181
7801,-0.19593511286473708
7802,1.5783002513238853
7803,-0.16992543246256933
7804,1.815550040848905
7805,0.4278209469657803
7806,0.787528286790121
7807,1.0718119773138548
7808,1.3543328724472272
7809,0.7475922062070217
7810,0.5615023451765129
7811,1.575635047116173
7812,1.883024766946494
7813,0.9261470931391129
7814,1.1495986183426878
7815,1.1113782816490598
7816,1.4043141449075849
7817,1.283791245908952
7818,1.0174860224707636
7819,0.9666493583747722
7820,1.2976820909895952
7821,0.48867244833977874
7822,0.7714739825106514
7823,0.8046718477153048
7824,1.863723694279612
7825,0.9504053595918387
7826,1.3544820986352626
7827,0.24646239074062443
7828,0.26805124932099894
7829,1.2711728902869186
7830,2.184492951639744
7831,1.4409273613495108
7832,0.2504002770435136
7833,0.9703117987918315
7834,1.9401946370622507
7835,1.3704651637261893
7836,2.2043182966822843
7837,-0.1255703589408117
7838,0.8548082539823212
7839,1.8234467750751566
7840,-0.021744424610932983
7841,2.081108557811339
7842,0.14341438204366438
7843,0.04025775444897778
7844,1.7465162629821145
7845,2.0130511245274443
7846,0.8147989863660956
7847,1.3598905833893389
7848,1.275446174293819
7849,0.7140135314281012
7850,0.9868545675979399
7851,1.2679420930607652
7852,0.9327029926495756
7853,-0.03289887581509772
7854,0.771283607726666
7855,0.1065792579655396
7856,1.2161404330743377
7857,0.733061547172817
7858,0.49542215972892395
7859,1.4264281625007957
7860,0.2749232257915516
7861,0.7505730673906116
7862,0.25728052700339704
7863,1.0647464060892564
7864,1.34132549806267
7865,0.8789455644849121
7866,0.21535509488252122
7867,-0.07366991809225486
7868,0.19862266507493995
7869,0.38612453234313504
7870,0.41969884363557675
7871,1.3711631238574493
7872,1.5538864156149224
7873,0.9842784438509574
7874,1.1549986892696453
7875,0.21414868361811668
7876,0.20939103684948798
7877,1.238177537755782
7878,0.5452554317827971
7879,2.4068594617121297
7880,0.5860348711697745
7881,0.9593753435606467
7882,0.6850307652153658
7883,0.5152711940473341
7884,1.0303092661576319
7885,0.13440640355123173
7886,0.8601926690506304
7887,0.7914569207809061
7888,-0.3877677282181778
7889,1.6469246936462567
7890,0.9850686656079104
7891,0.539950794145554
7892,0.48495332864970175
7893,0.8238888484147286
7894,0.6149646415804957
7895,1.4741223807410284
7896,1.2823172038893114
7897,-0.19185337950418918
7898,0.544983284062162
7899,0.1297796053922419
7900,0.6233319644168731
7901,0.17847549282130698
7902,0.5457885275280338
7903,0.3955084932039263
7904,1.0985212539348257
7905,1.9622976907853673
7906,1.7161692324349391
7907,0.7301397071217941
7908,0.19415668381987272
7909,0.9008830761120742
7910,2.1217852614395976
7911,1.0080522367159128
7912,1.094087608414965
7913,-0.09589455710681699
7914,0.6629671386030043
7915,1.097374822630074
7916,2.1070401517967117
7917,0.3285742109204674
7918,1.21829084506251
7919,1.7419651350233205
7920,0.3412939701984921
7921,0.41913741921688813
7922,1.840853362401549
7923,0.40365175956127725
7924,1.1618379067217393
7925,0.706767916555626
7926,0.6598861829053981
7927,0.6104414546108088
7928,0.5449582471179201
7929,1.1729964990538464
7930,0.8111245512088776
7931,0.35398304925923935
7932,1.055595547931666
7933,0.7430123501176089
7934,1.6805424208796764
7935,0.9423678446502196
7936,1.2983353822306773
7937,0.7801479463656404
7938,1.334776913980424
7939,1.7536001724729038
7940,1.2998518304627125
7941,0.4907625204898385
7942,-0.06889577588464904
7943,1.576134492076536
7944,1.563738902264797
7945,1.6630888127233536
7946,1.580533167543245
7947,1.4503305920595937
7948,0.3611730606625407
7949,1.9519902037436117
7950,1.8946210126834584
7951,0.4638434766880386
7952,0.37708930211774466
7953,0.8639374934896822
7954,1.1838337727380899
7955,1.0234398554425908
7956,0.5739006505207753
7957,0.6819469612830182
7958,1.0457483338856208
7959,0.46355570899999365
7960,1.919504135022163
7961,2.006003045399259
7962,0.7396547828473569
7963,1.9387842341481458
7964,0.5310334481495063
7965,1.6357136974560202
7966,1.4864222225021428
7967,0.4494861099568895
7968,1.5397990658474496
7969,2.016204291273373
7970,-0.2550344827828554
7971,0.3662964631382627
7972,0.26898970959103546
7973,-0.5231459196036409
7974,1.0528981027832034
7975,0.7579085217563615
7976,1.6790860835004735
7977,0.7242883159622899
7978,0.06677551918798376
7979,0.26077099393727743
7980,1.4347343512437705
7981,0.14204710380103153
7982,1.1490214281965236
7983,0.30133768789186327
7984,-0.41503753811158267
7985,2.0614892650150702
7986,1.8455434245300353
7987,0.9352510350838521
7988,0.042015566436674784
7989,0.36651117368918984
7990,1.690954219023866
7991,0.2980102892483715
7992,1.0987835718079388
7993,1.738499106191447
7994,1.2354285454434395
7995,0.3698394042786528
7996,1.1325026145462749
7997,1.2132102869646948
7998,1.1867237706058955
7999,1.0832885951140296
8000,1.395056955638961
8001,0.8642486835533554
8002,0.9698840627477775
8003,0.0525289931760734
8004,1.920800813847374
8005,-0.053130057552683435
8006,1.6228956613091363
8007,0.9889948729227238
8008,1.1808371840051115
8009,1.3830288326742501
8010,0.6178442953080678
8011,-0.3124281600466351
8012,2.0885909145736536
8013,2.435310710694134
8014,0.5787569495372547
8015,-0.18406066865258056
8016,1.3614662953432524
8017,0.6368599496010297
8018,1.4512370610498797
8019,2.1416193213746064
8020,2.2340006651838857
8021,2.0007738271041573
8022,1.1783832038962423
8023,1.2626847174903295
8024,1.688472332637118
8025,0.5085673048617474
8026,0.28762290027520476
8027,0.8127683757434693
8028,2.231788126779687
8029,-0.0066922263687371475
8030,2.1427175867254067
8031,1.8807561010336975
8032,2.60014704587964
8033,1.6207738630212296
8034,1.049942910210215
8035,0.4304232161511856
8036,2.005647356487187
8037,0.8819103936996703
8038,1.2736811224201328
8039,2.348752232559258
8040,-0.09838357342285192
8041,0.3555107111899888
8042,0.8995006291018914
8043,0.600891132560432
8044,-0.07667168875040509
8045,0.49901187678083375
8046,1.495957012617493
8047,0.022226394817331005
8048,1.7848431239209444
8049,0.14697036992109924
8050,1.5544630109360094
8051,0.11427825013957552
8052,-0.225353957043393
8053,0.1823580030517425
8054,-0.0025022919907131264
8055,1.1759710712353224
8056,1.7108273436653305
8057,1.26615922333988
8058,1.3936685933015116
8059,2.0106685424335846
8060,1.0717882494215738
8061,0.9958371530036234
8062,0.32830065687912025
8063,1.2002994128983049
8064,0.6365531299785288
8065,0.7676848345755138
8066,0.9734900857602878
8067,1.2610436900843884
8068,0.7616649192668636
8069,1.6237913301446716
8070,2.2461804937278838
8071,1.176936552803382
8072,0.3861044911204818
8073,0.6608029947084318
8074,0.46247233117290076
8075,1.724930438903981
8076,0.9077712387775316
8077,-0.34633559623327903
8078,1.3549741405541165
8079,1.5721269869390782
8080,0.07356899735569272
8081,1.6439759682127766
8082,1.0151176153144588
8083,2.4009691529092687
8084,-0.019275845542078632
8085,0.6714637889020325
8086,0.6360435080288442
8087,2.0725845825537865
8088,0.2199614798493975
8089,0.6040338502686166
8090,1.2320596095858876
8091,2.022427929447141
8092,1.7022904074146807
8093,0.8966568740163958
8094,0.3247072085011151
8095,0.5477479933480031
8096,2.2159701826205596
8097,-0.03164814432599325
8098,1.9095081469189998
8099,2.274318532645123
8100,1.3355038092811446
8101,0.3926908599770326
8102,0.0021555293589444607
8103,0.04106907264635898
8104,1.4480173427894758
8105,0.5803592905588759
8106,2.0648023870418726
8107,0.5702858983694672
8108,1.979011173988727
8109,1.2173171308115363
8110,1.9777342657258712
8111,0.21625086848677655
8112,1.6757448703407107
8113,1.9805802978824096
8114,1.5410204951614064
8115,1.4960222600342332
8116,0.14306602817547154
8117,1.4779071680784217
8118,0.7050370941787605
8119,0.47329342986519046
8120,2.03897932305074
8121,1.7829470083762045
8122,2.081466703628274
8123,1.6360843162477505
8124,2.022221131818103
8125,1.9797462117693663
8126,0.27996041269963245
8127,-0.04099361592496334
8128,0.9422753848866223
8129,1.045216872584473
8130,2.182086731986635
8131,0.2645810730464816
8132,-0.061159414066375706
8133,1.3410858140625677
8134,0.00930885465384551
8135,0.6395706224938409
8136,0.3961703729124458
8137,0.4018895546440265
8138,0.625794849590677
8139,0.15936251591508607
8140,0.42121820441926444
8141,0.9860394367555563
8142,1.2244192341105653
8143,-0.25294214023563366
8144,1.630533808397752
8145,1.0076593309964081
8146,1.0962461454347003
8147,-0.05806768877659754
8148,0.8934518776805465
8149,1.437046947468718
8150,1.7395880047159713
8151,0.9927973306154984
8152,1.5264252585420306
8153,2.4438851378171345
8154,1.033128470070468
8155,0.3546294725183389
8156,0.38548991156678486
8157,1.2898334778943787
8158,1.41197772902533
8159,0.7130355477446904
8160,1.3690621451381142
8161,1.367067577533832
8162,0.010444553555218936
8163,0.6951387519107044
8164,0.6615401840309292
8165,0.7124229745641701
8166,1.6375896452447416
8167,0.9634323749424895
8168,0.8934515011208344
8169,1.0751542920047825
8170,0.531422978320855
8171,0.8051326680926656
8172,0.33598680149806326
8173,1.4175410943074382
8174,0.20019765578675686
8175,0.4739587263117774
8176,-0.10387810977471443
8177,1.813362037274826
8178,0.738192383860311
8179,0.5486401015667268
8180,0.5631653625560133
8181,0.9103750458279409
8182,-0.012136309882622973
8183,0.25273073153220504
8184,1.541645079245472
8185,0.8197250477398622
8186,0.6025746528695093
8187,0.31104170465524006
8188,0.3117646992358134
8189,1.8966884073743127
8190,-0.2013442649979631
8191,0.5746800050831506
8192,1.3541332548576401
8193,0.42634085886950446
8194,0.03861958046004442
8195,0.9343824989773398
8196,1.8481109393774413
8197,1.6578452261337253
8198,1.263512727389271
8199,0.04338160138994819
8200,0.17908320857465265
8201,1.0257875523087518
8202,-0.10749461301270835
8203,0.8736797437007633
8204,0.9696470900114128
8205,1.1017297033020232
8206,1.3709396298245373
8207,0.9915472128568821
8208,1.1771183611305156
8209,0.3829189288444844
8210,0.8622783773159322
8211,2.132165152022988
8212,0.6163838693921222
8213,1.8593584400534793
8214,0.4850766811386996
8215,1.2606548699939568
8216,1.823594312606667
8217,1.6616258952050713
8218,1.0027174211364644
8219,1.420832357579985
8220,1.7266539680160102
8221,0.6093137683888659
8222,0.5582265488251437
8223,0.2382430730884297
8224,0.4306721946884763
8225,2.1655838801457388
8226,1.679536862217792
8227,1.0091109611898161
8228,1.2049939473091638
8229,1.7090613740616383
8230,0.10185547207231968
8231,0.9142320034317382
8232,0.8953882008293452
8233,1.918649750466043
8234,1.5637836584801936
8235,1.793224118330682
8236,1.0541387074542297
8237,-0.23644476099677714
8238,0.5720582806678667
8239,0.18034500278971505
8240,1.3949731537138708
8241,-0.07757645615997605
8242,0.22812956632944942
8243,-0.24877370521778616
8244,0.49033609293847613
8245,1.932507550393491
8246,0.6700643157085923
8247,0.7651231414596007
8248,0.9936365234423381
8249,0.44613664142632925
8250,-0.05668040717350835
8251,1.7741700620902998
8252,-0.13012543380142885
8253,1.9804083985704024
8254,0.5152279829455431
8255,1.6851454605803236
8256,1.1343427585140107
8257,0.7897863267065138
8258,1.7335437547659438
8259,1.1368770257499272
8260,0.3750924308937853
8261,1.8061958794308144
8262,0.31745739030819153
8263,0.7029303342886277
8264,0.8596167784245801
8265,1.9079018283891778
8266,2.232877682672233
8267,0.675783209243376
8268,-0.04302672266506108
8269,1.3808943290355449
8270,1.2080848130443436
8271,1.0481362320877063
8272,-0.9285084804874155
8273,1.669488266419668
8274,-0.09051562739313815
8275,0.09084805364980289
8276,0.10634809465603658
8277,1.141706438319781
8278,0.6384811255839551
8279,1.9732229898580949
8280,0.0703714864474419
8281,2.0572509927037705
8282,0.8857428465932534
8283,0.37241563134354805
8284,1.551820585369589
8285,1.3845035394534293
8286,0.30557092159026256
8287,1.221228624947796
8288,1.2306762470139188
8289,2.104372258725891
8290,-0.1387092231742027
8291,0.1344665353710171
8292,0.190461810645565
8293,0.3581031125369325
8294,-0.013973457361724478
8295,1.0450844465908675
8296,2.1944476020412744
8297,0.07791495418897823
8298,0.9035037173835105
8299,0.6097815995334711
8300,-0.19399027336347024
8301,1.1178542307788315
8302,-0.17879605522583072
8303,0.9314088467878432
8304,1.5825605976569306
8305,0.5503747477214793
8306,0.23811854877060312
8307,1.5929631892514091
8308,0.8939842710415029
8309,1.8585490769454354
8310,1.4859881022977957
8311,1.4266250973850472
8312,1.0457037263416553
8313,0.8398377412866302
8314,0.8860789014241685
8315,2.440502136491858
8316,0.5854082152314978
8317,1.4319774626550303
8318,1.1362023787076212
8319,0.04245508868412269
8320,1.924846881094848
8321,1.2394270469812858
8322,1.0283421707078328
8323,0.6263971431670464
8324,1.3918890377622803
8325,1.2399287073631062
8326,1.9733576324620492
8327,0.14657051290280057
8328,1.3928480752579
8329,1.1528228451638884
8330,0.8304532941749425
8331,-0.22815674388559054
8332,1.8474434629078926
8333,0.9115715686674533
8334,1.7953008715608627
8335,-0.18127725777289236
8336,-0.06009917178762811
8337,-0.48004536636161593
8338,1.260084248109857
8339,0.9674988813126798
8340,1.3048526910599434
8341,1.3426149069996018
8342,0.7949333141017914
8343,0.5473298179033751
8344,1.5046830386389263
8345,0.40702176657073647
8346,1.9811896008361647
8347,1.55702139464625
8348,0.04272430570320651
8349,1.7117364536193345
8350,-0.013171871448421912
8351,0.9779395137338596
8352,1.5230411602884892
8353,2.12677480661314
8354,1.211960489567725
8355,0.9739150691029483
8356,0.08841276188498498
8357,0.36358172783369047
8358,-0.24320634528297674
8359,1.0040338317318187
8360,0.4769130763525612
8361,0.2500044846438609
8362,1.716417646948109
8363,1.372348036810532
8364,1.4545453448564283
8365,1.105312305895568
8366,1.3628823765730167
8367,0.6835903664593799
8368,1.599278452300567
8369,0.584162204519719
8370,0.4779144063475791
8371,0.5491093691427497
8372,0.7025093693308607
8373,0.14864994757402983
8374,2.0850127551599478
8375,0.5340663703614
8376,0.8952064849188739
8377,1.2944342218280647
8378,1.7847953225850832
8379,0.5561525337285561
8380,1.1902203389306285
8381,2.0917675957999085
8382,0.6662531113133194
8383,2.285379925321597
8384,0.41775770215424946
8385,1.3494306903105746
8386,1.1433557838656605
8387,1.0723691490828529
8388,1.188480066910593
8389,1.5668836304136904
8390,0.8180749791509565
8391,1.66069136711469
8392,0.4251056723389209
8393,0.616857031292882
8394,1.168430322652925
8395,0.671445831780043
8396,0.6265703643053074
8397,2.1297462502003848
8398,1.6759566674937678
8399,1.0374950107825092
8400,2.122450005499557
8401,0.5944006478018281
8402,0.15990970404620028
8403,1.0261090107967634
8404,0.9704618049137962
8405,0.4132365250887775
8406,0.5107429188499698
8407,2.08978180903528
8408,0.4944080794670149
8409,2.248187798119348
8410,0.20609599862259737
8411,0.8731390699472118
8412,1.8175334637495593
8413,1.4321179417556313
8414,0.38986053525295444
8415,0.7528394855407996
8416,1.72944129694995
8417,0.12559147932198775
8418,1.9504589294271963
8419,1.576327417407279
8420,0.8947959753358068
8421,0.1457659755924095
8422,1.2434816941735838
8423,0.8017310612602381
8424,0.8125861392544718
8425,0.2284660302552523
8426,0.42294958924636517
8427,1.4622350545634126
8428,0.44177927071014184
8429,1.3547232797249575
8430,0.4425409766600623
8431,1.5354373600317746
8432,0.2771756676905419
8433,0.7207629017823114
8434,1.8448940318254312
8435,1.5123127805116963
8436,0.6807734778121898
8437,1.0581423141577464
8438,1.6350228086734004
8439,1.2622867094657284
8440,0.8830682321139203
8441,1.6207565635208212
8442,1.827504521309609
8443,0.8125812503741003
8444,1.342858257116058
8445,1.7809733967296177
8446,0.5401581690066066
8447,0.3443466627331989
8448,1.8160198244671468
8449,1.6050982576477366
8450,2.1449984844160968
8451,0.934072167687698
8452,0.6050072048019838
8453,1.6136827887627478
8454,0.5271930887798837
8455,0.7217441026621295
8456,1.228611791021708
8457,2.0033940498248737
8458,2.4840092573976973
8459,1.058746460130815
8460,0.34045157792999686
8461,0.5410489496036095
8462,0.0052405849736490845
8463,-0.1929463565465212
8464,2.105416056403524
8465,1.4143463958561135
8466,-0.1527496263271721
8467,0.7848851768094316
8468,1.151115068006808
8469,1.9815754819924762
8470,0.07442725568615405
8471,-0.0019832244655612064
8472,0.8364273316838143
8473,1.9879291437366262
8474,-0.1686733913301239
8475,-0.17542851629771256
8476,0.8552686079981385
8477,1.6059404032764726
8478,2.2380288825399095
8479,0.5705700038075845
8480,1.1935270106043154
8481,-0.22784497247674307
8482,-0.03854414803651342
8483,1.7348200990556988
8484,2.1005028131120054
8485,-0.8261554045383339
8486,1.4263266761185371
8487,1.4788106823840939
8488,1.6562636718850425
8489,0.8676717021581487
8490,1.334184794234291
8491,1.1542663623983922
8492,1.631967434647137
8493,1.404738081473298
8494,1.5960009375063036
8495,0.2338562941594787
8496,0.4473696096126931
8497,0.3705766870797235
8498,1.8379777593167428
8499,0.09250570326084763
8500,0.6428605653381714
8501,2.4776594577727593
8502,1.6498572656480688
8503,1.1769171169785806
8504,0.3986557865586874
8505,0.14261801179207095
8506,2.0340385285580935
8507,0.0625818422248832
8508,0.1494390416545443
8509,0.6075632006667508
8510,0.1827344337622238
8511,1.317642000876738
8512,0.74868903836668
8513,0.43518649528357517
8514,1.9353396466110784
8515,2.2224470471154736
8516,0.9439727759525498
8517,1.225994099951624
8518,0.1150221470913667
8519,0.10527185533344299
8520,1.324980980595794
8521,1.7852732090067922
8522,0.8762565813382065
8523,1.1080783657690947
8524,1.0717134431964759
8525,1.3038474724635254
8526,0.4198817128545837
8527,2.5025705864107852
8528,0.4185509181561757
8529,1.7711007804532592
8530,0.481373773019621
8531,1.4122656996730578
8532,0.7106452975291693
8533,0.17334389848926468
8534,0.4697546305007068
8535,1.1136417015002977
8536,0.5229901395562572
8537,1.5274059614413171
8538,0.6584638898495195
8539,0.7541629109225445
8540,1.68335464023022
8541,1.6472241756683714
8542,0.3286407488007553
8543,0.3264928897391611
8544,0.5592956996550115
8545,0.924572705721552
8546,0.34058779570349
8547,0.1408365780672008
8548,1.3406953239421129
8549,0.9627929779089021
8550,0.6516099417462273
8551,2.1259123658893087
8552,0.0615880761769364
8553,1.955973507665857
8554,0.6233887402718141
8555,1.3950582525753403
8556,-0.0030599037957272784
8557,1.6051772734039593
8558,0.09062360796509114
8559,2.273501316258125
8560,2.000712949629844
8561,0.1571621688783881
8562,1.1698865416451267
8563,1.0677762626497276
8564,1.633552779015559
8565,1.4647456961015575
8566,1.0127639049600683
8567,0.7690092803906972
8568,1.5472229757406117
8569,1.4349004232097424
8570,1.4554595897169265
8571,0.9635670934962951
8572,0.1798600080294854
8573,0.30501699749210476
8574,-0.17446971932346061
8575,1.6636536803657307
8576,0.7095465726839537
8577,0.2911774210862219
8578,0.03986849752879727
8579,2.1340651944948323
8580,0.6855092351048865
8581,1.5623401563948787
8582,1.0702841784525128
8583,0.1564643949067102
8584,0.7796035811620577
8585,1.4774840201538602
8586,0.7612677751933361
8587,0.5526721285601204
8588,2.0070312023173162
8589,1.6899924271716043
8590,1.539035115699081
8591,0.4786399464167407
8592,1.8773722664116304
8593,2.047759318630197
8594,1.0989377387042636
8595,0.6093090223590678
8596,0.42110219388390097
8597,1.980546945031548
8598,1.4744025756008812
8599,1.5318830161595638
8600,0.8939242990801599
8601,1.91962570325135
8602,0.29571281712019637
8603,0.6717167753013544
8604,0.5377838159915785
8605,0.5742271374535464
8606,0.8858428536263768
8607,1.302569430834959
8608,1.693071182521941
8609,-0.16796613184013096
8610,0.15556903433476393
8611,0.39503770026290214
8612,0.08642826874402837
8613,1.3998095377289648
8614,1.877207164113649
8615,1.0859578894537876
8616,0.8115571227297206
8617,1.2139676413352574
8618,1.644472956137241
8619,1.8533214522294161
8620,0.5262659418120761
8621,1.3933750525121764
8622,1.4768970505129326
8623,0.418430028475876
8624,1.9482905039450134
8625,0.7130043002712061
8626,0.8714960771838403
8627,0.28360401316063594
8628,1.3777737832409116
8629,0.44640409393785363
8630,1.6694842684095033
8631,0.045508608582359486
8632,1.8649915983838976
8633,1.5860625314404866
8634,1.9284234465492105
8635,-0.2004101422012196
8636,1.0270236422792731
8637,0.9378146550457798
8638,-0.08098209573438919
8639,0.8980186291224103
8640,0.5038044858843305
8641,0.6289931979792769
8642,1.734059579138028
8643,1.048080541172303
8644,1.1243749941430268
8645,2.2774784227907725
8646,0.5350650532481668
8647,1.1501384114468758
8648,1.2298026214410154
8649,0.23266895589559897
8650,0.2303290000783915
8651,1.364070266150022
8652,0.4781323206562537
8653,0.8676750934671742
8654,1.8861111815506408
8655,1.0048889924951252
8656,1.0519381820421665
8657,1.0576979948113112
8658,0.6522362936809291
8659,0.45340617703020075
8660,0.8920787845773696
8661,1.9318992477818162
8662,1.6807522567661417
8663,1.3143400489426906
8664,0.9452276417587039
8665,0.3522508549458445
8666,0.732047711325436
8667,0.02200060568059445
8668,1.8645202269118768
8669,0.7755128252916161
8670,-0.005742292212640554
8671,1.1084357425229558
8672,0.1296304804684992
8673,1.0306684603703526
8674,1.437923307910198
8675,0.8776850010126108
8676,0.5647231934137209
8677,-0.10654990774353756
8678,1.1283187254830618
8679,1.8912814610160988
8680,1.1914283182940881
8681,0.9419719335011363
8682,1.0358227228401993
8683,2.5756674078736577
8684,0.05667063059660774
8685,-0.04114581452535594
8686,-0.30966051439773684
8687,0.43255875165658575
8688,2.0223688629044556
8689,1.0788253809452013
8690,1.7997568179818249
8691,-0.18270495731193054
8692,1.8665887437779938
8693,0.9676160361358837
8694,0.8740322309357371
8695,0.11153664121822315
8696,0.7449182197992056
8697,1.7968557488966421
8698,1.1265676763977113
8699,0.7277056341586814
8700,1.9037082751777001
8701,1.4785455299270849
8702,1.1123647573105344
8703,1.2799369216898249
8704,1.5792739089049115
8705,2.12440379504667
8706,1.0081119015460167
8707,0.4672570707258599
8708,1.3707115780649342
8709,1.322193259229313
8710,0.8580909025529989
8711,2.124626010499133
8712,1.1888449807944812
8713,1.0527269600305647
8714,1.588390339307177
8715,0.6788876695528991
8716,-0.1849385209846733
8717,1.9732349835793177
8718,-0.15666585250140574
8719,-0.19715611569613645
8720,0.5943704890027962
8721,0.9195137057753607
8722,0.8558009864820597
8723,1.8780205623112216
8724,1.8510574636417394
8725,0.032533040701191646
8726,1.503453593765082
8727,0.42520266974024623
8728,1.110696397409941
8729,1.2039450747770024
8730,0.7948295856109953
8731,1.9690422816632471
8732,1.1560558344517355
8733,0.03608107918487584
8734,1.2589931294635726
8735,0.6533048269593738
8736,0.828542449816875
8737,0.3888249925400508
8738,-0.2698050357265421
8739,-0.03246561245312264
8740,1.7534546575158068
8741,0.6978734456257558
8742,0.5320806644357642
8743,1.2347124800144185
8744,0.31174940111258337
8745,2.1823807266994595
8746,1.3912883225531085
8747,1.4632156714066054
8748,0.29237925809444565
8749,1.9096094370325916
8750,0.9096089916989256
8751,0.8930170218882231
8752,0.8962286721908725
8753,1.9337159830018014
8754,2.497660040933057
8755,0.4020152788292428
8756,0.6295511658707675
8757,1.6062418731706325
8758,1.1620265645902845
8759,1.7190332224117655
8760,1.755829027316904
8761,0.7169274417637901
8762,2.319108889825548
8763,1.7158226747936072
8764,0.7902253955270335
8765,1.1601961672244898
8766,0.20960620838112592
8767,-0.2639324494009924
8768,1.1960940452684703
8769,0.7089313060237424
8770,0.5362744318009105
8771,1.0382413464360578
8772,0.28758005873824943
8773,0.9948617403678583
8774,1.5539341395693
8775,1.6163027461880877
8776,1.431534619719386
8777,0.8098003312589285
8778,0.13894842549886086
8779,1.424053168466756
8780,0.3588850735838295
8781,0.11722349164253862
8782,1.3495999377786574
8783,1.125840269327943
8784,0.5520826438150273
8785,-0.4648166877697382
8786,0.49048192560627535
8787,1.3762972979351615
8788,2.4053979279676483
8789,1.0608922829433387
8790,1.263029871097991
8791,0.48904622470850395
8792,-0.06243755357910663
8793,0.2782870070136515
8794,1.069984181373646
8795,1.3372374952355026
8796,0.22829125837380904
8797,0.20699294125521916
8798,1.1202441644860335
8799,1.5203328474455868
8800,0.7678439884441575
8801,0.09882742900947424
8802,0.6841247650789233
8803,0.14762084021891506
8804,0.3190698081009038
8805,0.20143374210178236
8806,0.9087394905170378
8807,1.3471617894312475
8808,0.43320335541502475
8809,0.6455624789161918
8810,1.0869619093175944
8811,-0.05522694312119533
8812,1.1960406650214217
8813,0.6832363435392812
8814,-0.038790151867533
8815,-0.09884309108777403
8816,1.075980358360318
8817,0.8411507612810679
8818,2.125000746579796
8819,0.9534436630654951
8820,1.7707494462379176
8821,0.2550456231939716
8822,0.8474752585488381
8823,0.02862932892114605
8824,1.373679647721584
8825,2.092602407646711
8826,1.9320795188769626
8827,1.9452997265389518
8828,1.4197626343845997
8829,1.126103663214586
8830,2.332056747655888
8831,0.19368087997708247
8832,0.7655992142861766
8833,0.781861374946193
8834,1.1569749256466082
8835,1.779833752344333
8836,0.33531259680746905
8837,1.0244622334111437
8838,1.1446109901331292
8839,1.6853454488140291
8840,1.2442008591798808
8841,1.7556093005717917
8842,1.97877905750811
8843,0.6534127142742807
8844,1.0045736264926546
8845,0.356276119795254
8846,-0.512541108498496
8847,1.0910853057412278
8848,0.05621219660755688
8849,1.171657181547589
8850,0.2664396150020307
8851,-0.13113045592389036
8852,0.9604988376324143
8853,0.11721684948216464
8854,1.2710511344536202
8855,1.023589045427726
8856,2.0459295282711434
8857,1.7130666627008113
8858,0.563835737744176
8859,1.964384855263253
8860,0.5889121827971677
8861,0.627635751813453
8862,1.5050193185793055
8863,0.09946466656374126
8864,-0.19306232095680947
8865,0.606912073250901
8866,0.763114688967031
8867,1.499794521387074
8868,0.05371911166661973
8869,0.5809630693492449
8870,0.4056593674727974
8871,-0.17489845909797144
8872,1.6967107673156328
8873,0.595644072042436
8874,1.2632534931990012
8875,1.4086931128209088
8876,0.7803339879040037
8877,0.22101255313056825
8878,1.886658591442962
8879,1.1952317040700966
8880,1.7827719391842696
8881,1.587183425417757
8882,0.6690987843803724
8883,-0.05508665508856811
8884,0.45075144888441576
8885,1.518274194621895
8886,0.9818221119597065
8887,1.0464999006175393
8888,0.9632174700102478
8889,0.30568048587780394
8890,1.0302501646104862
8891,1.9982575583302096
8892,0.29556103842378934
8893,0.28181751342859707
8894,1.7358328094151156
8895,0.4575199043156006
8896,0.056833601184387905
8897,0.40060249044921536
8898,0.6988933355340525
8899,-0.16114995276951677
8900,1.765516910052717
8901,0.11574350743628514
8902,1.9413340383961928
8903,1.2907832245173394
8904,1.436690002700273
8905,1.1404114840540542
8906,0.4471633514165781
8907,0.9279911408816988
8908,0.6215016252763198
8909,1.3667664399610966
8910,0.7532081999174476
8911,1.7588250949317386
8912,0.43573599340829466
8913,1.432552301515444
8914,1.2434974261685894
8915,0.4538984558055817
8916,0.858359696182432
8917,-0.1744176769880559
8918,0.21399644023107117
8919,1.679891834961604
8920,1.289643585041556
8921,2.028726160504409
8922,0.23036888408217432
8923,0.9456829135928289
8924,1.2131327968659023
8925,1.4578970901843677
8926,0.8988403347989897
8927,0.28476577090644856
8928,2.0114127056471154
8929,1.4718398456582673
8930,1.342079842277543
8931,0.392231127962147
8932,1.3348829078115518
8933,-0.16144004365775316
8934,0.7499149749717786
8935,-0.03200444102440553
8936,1.5355549900003007
8937,0.3488820243561755
8938,1.2018329512958426
8939,0.35091989706134163
8940,0.061680051358991614
8941,0.5322583441501767
8942,0.7122957087055173
8943,1.1113280951491138
8944,1.5393602237038781
8945,1.9479742200999939
8946,0.9206615429541923
8947,1.8563686986969932
8948,1.368645870300561
8949,2.383067882478196
8950,0.17544763304787309
8951,0.09400453654574052
8952,0.4573553182280305
8953,-0.09732210759160004
8954,0.4623970104780091
8955,0.9947713253995676
8956,1.6537883771198383
8957,0.09590064830973663
8958,1.3120740256583494
8959,0.7626374199744828
8960,0.7860494963133327
8961,2.2945615806216306
8962,-0.34999851683597477
8963,1.2025205889572217
8964,0.8555459590100569
8965,1.832980832172251
8966,0.3787834928062716
8967,0.6801807893568499
8968,0.7728106789777278
8969,0.7660097012157587
8970,0.7147154551100152
8971,1.6393768954095467
8972,1.7278697743682832
8973,2.106258056646569
8974,0.12241546898953021
8975,0.7331079702898735
8976,0.3172040284727154
8977,0.9539301088511656
8978,1.5066468416568188
8979,0.11026437125673312
8980,1.0443615823357655
8981,-0.1799088967292665
8982,0.10155717461079511
8983,0.976223073989166
8984,-0.17688761970963182
8985,0.5090242519355486
8986,1.934358967761893
8987,0.21970118934169872
8988,0.6291694080779391
8989,1.182395451423871
8990,0.1181265252502053
8991,2.1748498568494723
8992,-0.08649572584179294
8993,0.7497353417402346
8994,2.259915522153737
8995,1.6119546404979967
8996,1.300060920199633
8997,0.6604896773399762
8998,0.8832052460127843
8999,0.9398520190997981
9000,2.1333822073265836
9001,0.29324873147901714
9002,0.5795135238574776
9003,1.1883994139111909
9004,1.601704097505055
9005,1.5490047594890122
9006,1.3642010370691173
9007,0.47877731058949247
9008,1.4708739557014319
9009,2.209693714241534
9010,0.07960210320229982
9011,0.46613966240560695
9012,1.502732943097723
9013,1.754928148546214
9014,0.3556777277103788
9015,-0.11205256830832633
9016,0.9801089987745152
9017,1.210783893942502
9018,0.21860632999150884
9019,0.11587454449545574
9020,0.09853668369824764
9021,2.33401481001551
9022,0.12760710077600299
9023,1.3613843390442155
9024,1.9263533310188592
9025,1.4005815397565045
9026,-0.014596198897886548
9027,0.8788405196377398
9028,1.299426396011999
9029,1.4754606655118696
9030,0.37190696044049226
9031,1.1938645921680338
9032,0.408712312990191
9033,1.8575356138709536
9034,0.3395318644179211
9035,0.9923582222585028
9036,2.1761123460674994
9037,0.2465229607540877
9038,1.07351579999013
9039,0.35051263850094594
9040,2.2126781333223726
9041,0.306053482843031
9042,1.4003735003251276
9043,-0.19001179334099638
9044,0.8935432705867248
9045,0.023889742658164424
9046,1.3603338975965655
9047,0.2492259945293936
9048,0.27212863403124704
9049,1.5185873844080258
9050,2.149720379109318
9051,1.735313641436282
9052,1.4589706049175484
9053,1.546036007635463
9054,0.7242941274659875
9055,0.5042428245996868
9056,0.11002028828752251
9057,0.4629752756566445
9058,1.3610646406833953
9059,0.4752348900387375
9060,-0.14425806865126
9061,2.2139896305594426
9062,-0.030409682216838624
9063,1.1161700110527826
9064,2.1680598769562627
9065,0.8470596465990285
9066,0.6587635479013205
9067,0.8292208518735331
9068,1.586392980529327
9069,0.2913771751727043
9070,1.6846396539836428
9071,0.8101778748115364
9072,2.079464291917973
9073,0.5395377592887135
9074,1.401424286589981
9075,-0.12174782295215966
9076,-0.03314251399341288
9077,0.5730124445854057
9078,1.6171587386427781
9079,1.5786644036212099
9080,1.5413480387540741
9081,1.3131363748244773
9082,2.015429976399228
9083,2.0865669608798343
9084,0.3431767704992278
9085,0.2725937476934007
9086,-0.5515891730191962
9087,0.7969138059953762
9088,1.1686413722886992
9089,0.32786079599993856
9090,1.2549674482154851
9091,0.11888381931808215
9092,1.741357097072637
9093,0.25439989074789193
9094,-0.07652408325477458
9095,0.7820291904368489
9096,0.9561941717821005
9097,0.4590298381027489
9098,1.471140410475292
9099,0.36791598017605864
9100,1.373758429798138
9101,1.783700140521375
9102,0.8873388766661213
9103,0.010568877906860008
9104,1.174917288218231
9105,1.4653731976999622
9106,1.2200868865100876
9107,0.6685553036562137
9108,-0.13455668468364623
9109,-1.0043510349027445
9110,1.0025416064443218
9111,0.6196452322734942
9112,0.27776887920233295
9113,1.8649629443604496
9114,1.8031580602446273
9115,-0.0012977227482283901
9116,1.8495553817590886
9117,1.8216326512540584
9118,0.8032826845904821
9119,0.6971081114224713
9120,-0.6412612095596911
9121,2.2182797766472384
9122,1.3955157033557208
9123,1.1920862524745717
9124,1.0895801009595483
9125,1.5279864767530202
9126,0.1228162385188162
9127,-0.07945572330112471
9128,0.999659373437577
9129,-0.48247007148720783
9130,2.034158771536249
9131,1.2698087897073296
9132,1.1207866027672386
9133,1.1036716851757917
9134,0.5054625679620569
9135,0.6202437185676456
9136,1.3118379355078733
9137,0.32956129219716224
9138,0.36680977121372393
9139,0.2062378988877877
9140,-0.2867797652264646
9141,0.5467466378380196
9142,1.118484062145451
9143,1.6751326880453121
9144,1.8994424632555957
9145,0.44147729850072503
9146,-0.027827053981067926
9147,0.3465710730691937
9148,1.6401197697085574
9149,0.1022245471875501
9150,1.0232154880983124
9151,1.123298060254602
9152,1.1024213912661325
9153,1.4321190866981497
9154,0.5794221893645022
9155,-0.025972316321682093
9156,1.3663373407345778
9157,1.106192112860595
9158,0.017084401286106374
9159,0.15038121099879564
9160,1.1697537904055126
9161,1.317664566571476
9162,0.3792691508395886
9163,0.9596112978714131
9164,1.106080444004685
9165,2.1272344856917242
9166,1.0190052500432873
9167,1.490238033825102
9168,1.9265241325383187
9169,1.0926225259725697
9170,1.0383050595329688
9171,-0.1448028344280068
9172,1.4296020182151585
9173,2.1041032108184035
9174,-0.03794732864613277
9175,0.38136748812166676
9176,1.5909248697919194
9177,0.7148671216626625
9178,1.399159888850933
9179,0.7203805832771154
9180,-0.012409128916018794
9181,0.23902318212232487
9182,0.22459075603096998
9183,0.09208727962694492
9184,1.3043271890382842
9185,0.938378786566118
9186,0.28891263275643664
9187,1.4224953341085051
9188,1.7735996612579001
9189,1.077101298915295
9190,0.8618407866124566
9191,1.2909110609238903
9192,1.4934562243657206
9193,0.601030757390544
9194,1.1816718343343484
9195,0.03072651246178093
9196,2.078443967245707
9197,0.47075611033940334
9198,0.3017683169758303
9199,0.19020303675433875
9200,0.5146300937414819
9201,-0.8217979417021656
9202,0.9712264818745646
9203,-0.13724248590169721
9204,1.5485799474554534
9205,0.9786075152096863
9206,0.16557573997960343
9207,0.9043444681880385
9208,1.0018960458859345
9209,0.7846687086878685
9210,2.2926687277262716
9211,0.9535259184579351
9212,0.5329104253252543
9213,1.1056413346744423
9214,1.7818768147147739
9215,1.4783241222957064
9216,1.6450263330010637
9217,1.726728412162222
9218,1.1548651750233692
9219,0.6858973191212234
9220,0.2543716171949394
9221,0.5909840740301289
9222,1.3265150856692267
9223,1.2424581282729468
9224,1.6005724339932148
9225,0.05500024425990346
9226,1.1646132799634776
9227,0.9602712156296738
9228,1.7480010316017134
9229,0.5665255398109739
9230,1.1954293265736147
9231,-0.22404467351527146
9232,1.3924079235746647
9233,0.5247213502240186
9234,0.08705235224748849
9235,0.12638580102574026
9236,0.680750201707987
9237,1.7421478999481017
9238,0.12702421634456484
9239,0.49037324949850536
9240,1.6399628038457075
9241,-0.06040068479090341
9242,0.1615690368942252
9243,0.19428196335595557
9244,0.09203657477294733
9245,0.8781383025248406
9246,0.202533533686736
9247,2.183574274943863
9248,1.6458461921909373
9249,0.9223395053934396
9250,0.588122030875541
9251,0.8401496527066845
9252,-0.2940757334134294
9253,0.7021551415143167
9254,0.486351146645588
9255,0.22936498826819007
9256,0.3054840594162178
9257,2.3347522368177565
9258,0.8274535876047893
9259,1.8501863305374437
9260,1.1526245197183658
9261,1.3477500266414382
9262,-0.06554706763192299
9263,0.3768841876648444
9264,0.9559342485286552
9265,0.22633840324042775
9266,0.3343208381402935
9267,-1.0100783160530913
9268,1.5381995981954528
9269,-0.19109598501506375
9270,1.1827224411370967
9271,1.0090613487608078
9272,2.055489892510567
9273,1.3881165014248333
9274,-0.12295862911872046
9275,1.671045437788632
9276,0.9431206764553663
9277,2.0928003073308967
9278,1.3934409840116748
9279,-0.19417360561666847
9280,1.0004505084221713
9281,1.8095409442554984
9282,0.38058826318995453
9283,0.7926568721025757
9284,0.6488819067468393
9285,0.7193528255218602
9286,0.9035757656622798
9287,0.0889518743592495
9288,-0.1836982502225238
9289,-0.1701041478139032
9290,-0.09855372304120702
9291,0.10407042452432758
9292,0.019329269742680268
9293,1.553185249284589
9294,1.5047792013198122
9295,1.7928379964756918
9296,0.34633371608100655
9297,1.8864530547093787
9298,1.577492370569783
9299,1.0293608368338953
9300,1.0286264366258073
9301,0.8648773020682976
9302,0.39292793547728166
9303,0.6342203144253581
9304,0.5467150051831314
9305,-0.08693216819594918
9306,0.6922363141828984
9307,-0.5897671393536084
9308,0.8549675023641048
9309,-0.15670038408836687
9310,0.5027094403430472
9311,2.134469627506707
9312,0.08231343552638509
9313,1.2548872412559877
9314,0.6789528730989534
9315,0.12826273182041176
9316,2.05614828907031
9317,0.7715377032009261
9318,2.2744217470332697
9319,-0.040264518003400945
9320,0.6914242288213612
9321,0.3076731196622271
9322,0.394555517517848
9323,0.1834437472358602
9324,1.0293313819349605
9325,1.3921802151478013
9326,0.19389483973785449
9327,0.8696128442701372
9328,-0.048198966831831266
9329,1.3876063209480383
9330,1.6354037335488998
9331,0.460756987822692
9332,-0.19385366401319748
9333,0.4187457258513386
9334,1.6884889951534057
9335,0.8533121350207
9336,0.7457148987017976
9337,1.6919037601890328
9338,1.5129753170264497
9339,0.7144754013541914
9340,-0.4420882392864658
9341,1.2090983514854
9342,-0.13778181209649948
9343,0.9192906869430757
9344,0.8498765750013474
9345,0.8081941573137307
9346,0.33900591127165414
9347,0.8809527584635066
9348,1.1867633161220608
9349,1.6193515782081505
9350,0.8959665245741409
9351,0.8080974045945628
9352,-0.15257941995120033
9353,0.06682748416807958
9354,1.3725013230804948
9355,1.8149745230882197
9356,0.38991270986776244
9357,-0.02899626282553866
9358,-0.08691454547701621
9359,1.2486520581015084
9360,1.4771968428178106
9361,0.17428795865771748
9362,0.09201780456681659
9363,0.4365439095864684
9364,0.6362243959895475
9365,1.2377170260695332
9366,1.556989042920565
9367,0.26366479495597467
9368,-0.08108926718329218
9369,0.6122051461133758
9370,0.5252243180532388
9371,0.1863541280747399
9372,1.2407152501571395
9373,0.7545505891847744
9374,0.6127735401272829
9375,2.335077050867392
9376,0.4594657945662547
9377,-0.09940907349370684
9378,0.6992017339950827
9379,0.893172189028572
9380,-0.3563202264221469
9381,0.7913066788848102
9382,1.7927777687442021
9383,0.3521427700235348
9384,0.2600434355562141
9385,1.006175039576746
9386,1.0521465112961772
9387,1.1049800343882084
9388,1.6473430999343903
9389,1.4886994227654733
9390,1.025056002319383
9391,2.4869619024481553
9392,1.485982530559954
9393,0.8506936991426056
9394,0.622142668599904
9395,0.5006358544355233
9396,1.684566831939007
9397,1.0849550374556163
9398,1.3863218936980464
9399,0.9143955943584074
9400,1.2054020264744578
9401,0.6370390043020062
9402,-0.0666813341276305
9403,1.3940230919833736
9404,0.5637816325124607
9405,-0.1450464704137409
9406,0.03330329673125821
9407,1.274203427922042
9408,1.6624454377629123
9409,1.1201679516171257
9410,0.025111121126403915
9411,-0.05031861775896316
9412,2.2350966321762114
9413,0.2838506776213945
9414,1.8766785853441468
9415,1.9547581303889854
9416,1.5234405893038543
9417,0.5869393549676899
9418,1.9230163579993635
9419,1.7364064926667817
9420,1.2307038098649987
9421,2.0589532066957346
9422,1.14261959964769
9423,0.8791148919498704
9424,1.3678035206076637
9425,0.6270878614074002
9426,0.6808651357233149
9427,0.7836595007990573
9428,0.6855904915812097
9429,0.7337545276268306
9430,1.3164490132789286
9431,2.3217659472910945
9432,1.3128082600795654
9433,0.5742366254923252
9434,0.01286202219196508
9435,0.7409054096822978
9436,0.972927928165763
9437,0.5904142392421659
9438,0.5749223578880511
9439,0.8482909005087154
9440,1.0975793517738353
9441,0.24298451295639034
9442,1.4772412842648748
9443,2.184262804389107
9444,0.9714309622284433
9445,-0.1767361107978893
9446,0.35481750174704013
9447,0.3716571302061487
9448,0.504365816948198
9449,0.5018749617188831
9450,0.5258261585201585
9451,1.5578850971436016
9452,0.08831071014117482
9453,0.16435212867515772
9454,1.2381055476984715
9455,1.5432167726557282
9456,0.21163644262218373
9457,1.0938267648113345
9458,0.2608268645813492
9459,0.43940702547426125
9460,1.1496368993907224
9461,0.5887036885033321
9462,1.570871528405314
9463,0.2077426263877073
9464,0.334476941431474
9465,1.3650009936120664
9466,1.518458442200143
9467,0.5502446429969559
9468,0.05663742600968717
9469,0.769813605842378
9470,1.111730310351543
9471,1.2766929378983438
9472,2.386537457112455
9473,0.8625961275261611
9474,0.6921893791122389
9475,1.4007642188272187
9476,-0.11096899427891307
9477,0.0991564283161565
9478,0.9287914978109413
9479,1.2599204303843416
9480,0.7839460948651911
9481,0.5300572899654552
9482,1.205880315932282
9483,0.5526098269513906
9484,1.7571971877227373
9485,0.768920611052504
9486,0.5133568777656787
9487,0.8594019115253491
9488,0.24109114334788878
9489,0.9354895955998894
9490,-0.003306772542466821
9491,-0.20078584650067455
9492,0.8496670659538288
9493,0.12014515260547995
9494,0.7961413533427897
9495,0.9830684883060282
9496,1.4803726587424637
9497,1.428304422127934
9498,0.34770185383861263
9499,0.7351969606368616
9500,1.1729082029162856
9501,1.2846364951644391
9502,0.07230839625356686
9503,1.558350740410319
9504,0.3538925300504243
9505,0.06398154138452262
9506,2.0507580935016736
9507,1.8769549852604652
9508,2.1390176277106296
9509,-0.04793726806781412
9510,1.8995111533746993
9511,1.13835068207906
9512,0.9389862967802327
9513,1.2917006389062233
9514,-0.1276580540357239
9515,0.1328598369750733
9516,2.079475940878307
9517,-0.14054115746410248
9518,1.305597983669722
9519,2.0062656955030667
9520,0.017548581178108827
9521,1.7324315116342732
9522,0.8800513572683677
9523,0.8630312154641708
9524,1.4184530608364225
9525,0.41834998891358754
9526,0.7169032063179589
9527,1.1242954055317782
9528,0.9234165641827926
9529,0.9323914774213133
9530,0.44400531897773854
9531,1.7240118980922032
9532,1.824169892328321
9533,0.3686871003056733
9534,1.9256706680845208
9535,0.686718771997372
9536,1.8202162561100623
9537,0.7098749265952116
9538,0.007818315392891455
9539,0.5163400986435632
9540,0.613486894532578
9541,2.4023089983586585
9542,0.6593561567888997
9543,1.7418586764517314
9544,1.5560195350802135
9545,1.2351328834228334
9546,-0.23973491179694245
9547,1.6552371206679473
9548,0.7551884422741417
9549,2.241871324429311
9550,1.38319167263009
9551,0.8135683957237084
9552,1.9188941075909436
9553,1.7498720114055546
9554,1.0829545770186881
9555,1.6774520394296148
9556,-0.044632377106831114
9557,0.7485414371548986
9558,1.7136767564285917
9559,1.3681866868016321
9560,1.85640677343547
9561,0.4695529860976467
9562,1.8394978761771335
9563,2.0279283344356136
9564,1.8265317434712718
9565,0.6275251608292507
9566,1.293711204604909
9567,2.1010841682277333
9568,-0.0415840628816304
9569,1.0852155259520493
9570,0.8175871921835278
9571,1.220097457569224
9572,0.49637291629230545
9573,0.912976953624647
9574,1.623376781812859
9575,0.19340681639435134
9576,1.6887357097813855
9577,2.1935880060613777
9578,0.6989060868391421
9579,1.8186283545393818
9580,0.527754048100207
9581,0.34240441134228566
9582,-0.560555070363403
9583,1.7159757131516098
9584,1.181074255528615
9585,1.9532886235137206
9586,1.2426595235189022
9587,-0.04599318433544215
9588,0.7125934444587074
9589,1.7139189806893735
9590,1.274385221198898
9591,2.126410775293338
9592,1.2063923708447515
9593,1.321375863326005
9594,1.363281654216678
9595,0.9785684009246879
9596,1.9133850240480872
9597,1.8369353551912062
9598,1.6663210271189652
9599,0.028575403824088824
9600,0.20488406113841778
9601,1.4054672372131645
9602,0.6190003894452715
9603,2.0168119924271033
9604,1.2151142128315109
9605,0.6725805765095352
9606,1.9261661283708431
9607,1.1185418700754446
9608,1.342947509498497
9609,1.3424472150199844
9610,0.5281033810673669
9611,1.3394761790964707
9612,1.135042653598621
9613,0.19548527585399958
9614,1.918381641183131
9615,1.6919307305471993
9616,0.7591745067979354
9617,0.5277763933944635
9618,1.3304150926170704
9619,0.912058957857139
9620,1.2802689570509762
9621,0.25033032199949484
9622,0.04745288306529257
9623,0.5864062804494713
9624,0.4199970777552363
9625,-0.27244561441344395
9626,0.05052469369505012
9627,0.8426779842139112
9628,1.296386754815149
9629,2.23711338513324
9630,1.6326835978386334
9631,1.4370133256769877
9632,0.009894633115148183
9633,0.7215915724369116
9634,0.5987734247645349
9635,0.806374097323175
9636,2.228013466269033
9637,0.7615343982838566
9638,1.1126099119170656
9639,0.208338149355044
9640,1.3724605402133776
9641,2.6265456823908484
9642,0.9479481153668445
9643,0.62441704575274
9644,0.6521591075882712
9645,0.46204958654136513
9646,0.028388542523921777
9647,2.085718833353611
9648,0.7423304477082034
9649,0.6087158129325754
9650,0.7014294439037918
9651,1.0492182290984433
9652,1.3913145461106582
9653,2.3562862742562087
9654,0.6654390956287095
9655,2.5077235698144733
9656,0.16396342450672385
9657,1.1302225777227164
9658,0.1130276640929858
9659,0.41231108539927935
9660,0.01450846119921289
9661,0.08294283162695912
9662,1.5357480790198104
9663,0.9018750051282675
9664,0.47529551611107995
9665,0.8929450520478178
9666,1.1157034769463867
9667,0.15043467536460903
9668,0.10646693748683475
9669,1.0292291630450505
9670,0.4027438329878638
9671,1.2300994712079374
9672,0.6893492703724697
9673,1.5880415450125893
9674,0.16217322356245933
9675,0.9571139784289947
9676,1.6129474586798311
9677,0.05908914037248745
9678,0.6847433551441433
9679,0.9217857187581644
9680,0.16968903898182502
9681,0.605595315342228
9682,0.6030230404188661
9683,1.8103740530649297
9684,1.4714978897562596
9685,1.7846111898788697
9686,0.7290429727475282
9687,0.3512252725040644
9688,1.1115631175850265
9689,1.4167305114328346
9690,0.49452055084748725
9691,1.2952952740303325
9692,-0.15594649179308107
9693,0.9413094691468573
9694,0.2687882353196401
9695,1.345730904364407
9696,1.4211489686430674
9697,0.3790662735522042
9698,-0.6052193756689059
9699,1.4158734747530057
9700,1.7049143009937158
9701,1.805161716380414
9702,0.17892278373862971
9703,0.29932365637442937
9704,0.15254867230627853
9705,0.571426445815827
9706,1.0551949536014285
9707,0.4882858251142819
9708,1.4450448033086831
9709,1.9415539364886965
9710,-0.1486734618353463
9711,1.8441291643610185
9712,1.9058627385398481
9713,1.2509567662064769
9714,2.128966016878733
9715,1.4516752375138595
9716,0.990779915968826
9717,0.15666062028343372
9718,0.4969912255232981
9719,1.4390097586739161
9720,1.6016573677351142
9721,1.2168921005147537
9722,0.9276560480316702
9723,0.2652326662000548
9724,2.152517865784086
9725,1.5719381064451396
9726,1.5866953512973168
9727,1.590264219820968
9728,0.675271617105846
9729,0.9580850749312915
9730,-0.05664876724694837
9731,0.015509309869325583
9732,2.0607998689034606
9733,0.29927763932459245
9734,0.16437761660173542
9735,1.3376628082016055
9736,0.47962693088450303
9737,1.9431169473597434
9738,0.204207523258698
9739,-0.10531361098093506
9740,0.7065691736711062
9741,0.0988817432819814
9742,1.6200080153822176
9743,0.998628652889147
9744,1.6815965866418465
9745,0.08222447919129604
9746,0.38982684249394245
9747,0.8754657824055113
9748,2.147570717530323
9749,1.464616066200841
9750,1.4576766597440567
9751,0.40319580122047904
9752,0.08316807002440782
9753,0.9760726890323158
9754,1.0103882043453776
9755,-0.06940343543741898
9756,-0.13610157924633587
9757,1.0382974959727687
9758,1.177054165181005
9759,0.522837095718705
9760,-0.02482026830683591
9761,0.4589827590817318
9762,1.9924703205748138
9763,1.417117968147604
9764,1.135390126821682
9765,1.8179945087593978
9766,0.10070323290101715
9767,0.7234625810537354
9768,1.3932415030503298
9769,0.6539764531859027
9770,1.5511626890979895
9771,1.3233472865229707
9772,1.4437723210810223
9773,0.7175849747026792
9774,2.0318480512937365
9775,0.847992324509253
9776,0.09573346549006065
9777,0.865897432544247
9778,-0.09071545909934944
9779,-0.031031718115694606
9780,0.8011359041048648
9781,1.9545302165470235
9782,0.3902668222511483
9783,0.040851302878061366
9784,0.3704988154027516
9785,0.11577269517617754
9786,-0.20312922354308216
9787,0.4993455348947905
9788,0.9908285322130983
9789,-0.5071200457600917
9790,1.140016946011147
9791,2.2886914838428716
9792,1.442825663719969
9793,1.2458284890177955
9794,1.518767179782408
9795,2.1624120300356764
9796,0.49433410918864124
9797,-0.06156880293967583
9798,0.9989123337225603
9799,2.1288708048650427
9800,0.09225344089275914
9801,1.8724944214556756
9802,0.9364003754659496
9803,0.5688589509717197
9804,0.5560662989848393
9805,1.5905342205235449
9806,0.3100227551444231
9807,0.8377014341116378
9808,0.04771105724750013
9809,1.325102418634709
9810,0.7597553726921088
9811,0.4743140443881372
9812,1.1429165766389322
9813,1.698834297814941
9814,0.6886689568210789
9815,0.6561321768001993
9816,0.9503968900858641
9817,2.035414528622332
9818,0.7243240809187383
9819,0.28131883301046967
9820,2.265252400766393
9821,2.2788255654008243
9822,1.05709938343078
9823,2.4196343530821003
9824,1.5417825653150272
9825,-0.08375193447849164
9826,1.4430183967690637
9827,0.702888514116097
9828,1.0897889293773604
9829,2.0914762897987855
9830,0.9425773981054502
9831,1.1403484728039572
9832,0.35590221048768544
9833,0.7969425420600189
9834,1.741631434107149
9835,0.9031685311216346
9836,-0.12236800633211947
9837,0.3067190853305696
9838,0.0878884420299687
9839,1.9082644746262607
9840,2.01629286955946
9841,0.7895334668791563
9842,1.9027632187334065
9843,1.501742245778293
9844,-0.19124007812346133
9845,0.5943743990305524
9846,1.3281157071502585
9847,0.853930580832136
9848,1.0734763163666263
9849,1.4202669190271846
9850,0.18698352590725872
9851,0.9861562602640982
9852,0.966572833303849
9853,0.3712591736123053
9854,1.4834652995273023
9855,0.6606725664265654
9856,1.8351561231476672
9857,0.233682137393996
9858,0.2638251769262953
9859,1.3631575340312079
9860,0.003594747706316931
9861,1.2344833657652519
9862,0.32046902314944253
9863,1.3845082190690339
9864,1.2825726320704405
9865,1.7804492953436877
9866,1.9046150877895422
9867,1.5905411216015495
9868,1.8288189693304195
9869,-0.06723162689812381
9870,0.6767361351321501
9871,1.3633319983940615
9872,0.227148298492339
9873,-0.04190979401819647
9874,0.7686770396056101
9875,1.3057972063601424
9876,1.3780848034800999
9877,-0.28558787738253244
9878,1.675435995894735
9879,0.6435792740304282
9880,0.4313570035437748
9881,1.4221844994329291
9882,0.8315782894677555
9883,0.6035152883751984
9884,2.321248745191793
9885,1.537980075921955
9886,1.7288485828417095
9887,-0.0011811770128497892
9888,1.5819309571041509
9889,-0.08919107685050279
9890,1.4553008402913041
9891,0.41506459103716226
9892,1.2839197727290788
9893,0.2608835664009416
9894,1.235391219519637
9895,1.5347291048866267
9896,0.7541048572087321
9897,0.5421405447452401
9898,-0.03729077817748431
9899,-0.09132047447788927
9900,0.47224765344366126
9901,1.492344936506449
9902,1.768315443083107
9903,2.2289187988515313
9904,1.3597723575385228
9905,2.325344107580755
9906,0.6272559583686173
9907,1.7929869158091327
9908,0.3445010045506951
9909,-0.05656423216244903
9910,1.5208570573610873
9911,0.6351653024361661
9912,0.7185220825708422
9913,0.5914056131963741
9914,0.29678755752698216
9915,-0.0398289013601423
9916,0.4683365298547167
9917,0.1941580696143454
9918,0.8611425843973937
9919,0.5734564660277637
9920,0.27626476569812464
9921,2.3017260483126187
9922,0.604388755073868
9923,0.2198724409950626
9924,1.6101212343383975
9925,-0.04239560376022551
9926,0.18924945741016808
9927,0.3973491664387029
9928,1.444473955815381
9929,0.5824357509234879
9930,1.1302724830139017
9931,2.0025815970945504
9932,0.8600727073614081
9933,1.4651021766254098
9934,1.0509443995422945
9935,1.4446724994314175
9936,1.769924619866475
9937,0.019119865995254635
9938,0.7853748466772803
9939,2.0293178574848936
9940,1.7254305505973668
9941,0.06771770015355084
9942,1.3688298037797542
9943,2.0924680396083217
9944,0.315873115918369
9945,0.6846684783105681
9946,1.490558131745275
9947,1.2197464277977956
9948,0.5717724820051137
9949,1.0531562548709374
9950,0.4695271281749728
9951,2.14846626064581
9952,2.0764987940641997
9953,2.1464636330469657
9954,1.4869482843728448
9955,1.6109142894457587
9956,0.16009724506508236
9957,0.9535303503099672
9958,0.5225801738852718
9959,0.6401115651818955
9960,-0.11765495960934452
9961,0.6666165269733111
9962,-0.1870049688952932
9963,2.1024082579799024
9964,0.35144455990562595
9965,0.18372561286418615
9966,-0.11607221292002323
9967,-0.18542881375546996
9968,0.4206029652484078
9969,1.1881388528843955
9970,0.267551464102185
9971,1.1150666220092396
9972,1.2514923879549051
9973,1.0457482729868914
9974,1.1175928981041423
9975,0.35443043775404437
9976,0.8323523853940238
9977,1.5156561920596188
9978,1.7141547756483821
9979,0.20645099986871418
9980,1.235608808337859
9981,0.6107088064514371
9982,1.5834223446579598
9983,1.0986996343825208
9984,2.176480835264444
9985,0.9162403083318471
9986,0.380683699449731
9987,0.917672732827091
9988,0.1011535500274295
9989,0.7289641485981613
9990,1.395682301375025
9991,1.2686815762578576
9992,-0.13977670352852015
9993,0.8469633637273394
9994,-0.050078240995152595
9995,0.7004573034486528
9996,0.5066910070300723
9997,0.7484031320726774
9998,1.8914788228812895
9999,0.3900092052327463
10000,-0.10197861387264273
10001,1.060883536418944
10002,1.8175488198049834
10003,1.1608413199122587
10004,1.1096700354535056
10005,1.0979778865348322
10006,0.36907382473563133
10007,0.7175528063945227
10008,0.6240176183818
10009,1.7818700317539438
10010,1.1609978297711723
10011,0.8322107685914775
10012,0.5969006703219737
10013,0.974419551296253
10014,0.6230567256630795
10015,1.3482401862727853
10016,0.2221724183225544
10017,0.6157577727537745
10018,0.0830067051281306
10019,1.3256973706885464
10020,0.19217041310976207
10021,1.6823697784795637
10022,1.8527926995603945
10023,2.4171110546741277
10024,0.9310748407458975
10025,-0.12811873858518297
10026,1.2553926743584911
10027,0.18294240772190862
10028,0.3595637810979096
10029,-0.13365961831921402
10030,1.6318013936217095
10031,2.0858408336153813
10032,0.630583934162414
10033,1.3762903086769405
10034,0.32549893708883104
10035,0.2576140817206929
10036,0.21045894498003864
10037,1.8688104797743512
10038,1.3919014528872777
10039,0.7259691026834074
10040,1.3146699854436714
10041,0.11688213576251716
10042,1.913910990376006
10043,0.7743341409710873
10044,0.9566602015579748
10045,1.0469635872088272
10046,1.4094533808660838
10047,1.8341173988289887
10048,1.4264767167877086
10049,1.825604255283336
10050,1.220277057711579
10051,0.5418995795664756
10052,0.04369537581394872
10053,0.9073568430653608
10054,0.4932763444849529
10055,1.2369005160458142
10056,2.05071080122351
10057,0.9194261497697196
10058,1.526908354545382
10059,2.0650597834017157
10060,1.9971784657141287
10061,0.8064013619354935
10062,1.0070560714183374
10063,1.4401801720760623
10064,1.0940270179530485
10065,-0.03671162096945778
10066,0.9407272501104792
10067,2.0029697969652958
10068,0.6892826877342513
10069,-0.03853007251307268
10070,0.22425792183491583
10071,0.42318082890359143
10072,1.7304287251942831
10073,1.1051240812482792
10074,1.0625273271954652
10075,0.6886993623835805
10076,0.5673348793063686
10077,1.2640046153802662
10078,1.298428216965124
10079,1.131146578801
10080,0.8763741414712216
10081,1.1395743122393411
10082,0.8413935805778066
10083,1.6385499300103374
10084,1.4822084006102063
10085,-0.384012080223437
10086,0.4827407768356131
10087,0.7794025175875919
10088,0.07565500732914807
10089,1.7716737369444828
10090,-0.12131853293066497
10091,1.3978325868288108
10092,0.834362499640172
10093,0.10506115697209285
10094,0.5456744196729859
10095,1.472940913938243
10096,1.4642737345585102
10097,0.5294569548419982
10098,0.9981881156749286
10099,0.09059977074154463
10100,1.3723076797521427
10101,0.27866696448716327
10102,0.3104141309881296
10103,1.741454530775029
10104,0.13677389086131364
10105,0.170609889204546
10106,0.5475328036158392
10107,2.1415372464134914
10108,0.618391212663775
10109,0.22574208709720006
10110,0.05918565879721061
10111,0.3776449052545918
10112,2.11122433268573
10113,1.8816084534053135
10114,2.175836364423185
10115,0.8895054332525272
10116,1.2938556851592602
10117,0.8047378630526678
10118,1.1672275018598355
10119,1.8032802244962012
10120,0.1895847972529037
10121,0.4295270391904691
10122,1.2128318909088787
10123,1.0976660020858127
10124,2.1434613915480143
10125,-0.004771502294372246
10126,0.6338542310329793
10127,1.4197992931212478
10128,0.17364290286813
10129,1.360366037467381
10130,1.4927132989787082
10131,2.0620391998785816
10132,1.0478996320958518
10133,1.5990651129224518
10134,0.4968828259735817
10135,2.148444637955625
10136,0.5316932984168854
10137,0.840906707182967
10138,0.5071299106074647
10139,0.35640187024893805
10140,0.046191404155870655
10141,1.8478836525909736
10142,1.01054290747228
10143,2.0537435716229426
10144,1.597649146619673
10145,-0.016591292800488266
10146,2.158069848436896
10147,0.32054728853292147
10148,1.930813265467417
10149,-0.46438163749652367
10150,0.30624341758483725
10151,0.08314934609113064
10152,0.24650452011282653
10153,0.7006981244682482
10154,0.10891852714715396
10155,1.2443224346312687
10156,0.9616062031234546
10157,-0.04614980546688685
10158,2.060261674814305
10159,2.053231440273733
10160,0.23483503365546296
10161,1.821342314484871
10162,0.9783134568247444
10163,1.2848423531400477
10164,2.2904164621213075
10165,1.7545344493198076
10166,0.42336983526856165
10167,1.6556579898746835
10168,1.1138386559122742
10169,0.024159047590689757
10170,1.0451620186925163
10171,1.8527076036336003
10172,0.3793458725566299
10173,-0.1394299348744068
10174,-0.044214572466628146
10175,0.5150710127026756
10176,1.7177605952962902
10177,0.8661504348456188
10178,1.6291866021274615
10179,-0.0064677379554839015
10180,-0.08852099628568527
10181,1.6862655816654355
10182,0.7190236495549093
10183,-0.09393018465185132
10184,0.6145602040743937
10185,0.4564985808110777
10186,2.3075568382699307
10187,1.5469106013737024
10188,1.9861285482412705
10189,0.22507357037618006
10190,0.6163436403560154
10191,0.3934500197577564
10192,1.7008017596245886
10193,0.014550770395821557
10194,-0.08677065959489907
10195,0.5583395172229382
10196,0.8758309558115639
10197,1.2836235647802536
10198,0.17969463860607504
10199,0.8505341832519289
10200,1.9942137762432297
10201,1.8017644722617607
10202,1.3900246728532362
10203,1.9679409235368253
10204,0.3191761256959133
10205,1.3265076933388686
10206,0.49866164499751287
10207,1.5037301094794635
10208,-0.1862671072210873
10209,1.8638513614381267
10210,1.3516532923428097
10211,0.3195326160789113
10212,0.6637988756153981
10213,0.3651225890149008
10214,0.5596696141780608
10215,1.8740085641401907
10216,1.3875236343377515
10217,1.454485764834098
10218,0.5080533692359028
10219,0.8705715293676488
10220,2.3308990511215026
10221,1.2924838486016916
10222,1.266646382911121
10223,0.02297406477947945
10224,0.034529116259674864
10225,1.2435367270018298
10226,0.95952487953906
10227,0.797008120930462
10228,0.5355261406265923
10229,1.3785005891221336
10230,1.3845859035961179
10231,2.3455173233107978
10232,1.1028292425794617
10233,1.5079386826569716
10234,1.7609207116854604
10235,1.411022747620808
10236,1.005940211005185
10237,2.4034906295116043
10238,1.6178162754588312
10239,1.8184735123052633
10240,0.8836695863993953
10241,1.971916936105073
10242,1.4092836908304085
10243,0.5801660137710535
10244,0.4770042071484353
10245,2.044186449469933
10246,1.4046036923473708
10247,0.4922998371837266
10248,1.3680871094953713
10249,1.1169472280434252
10250,1.2388591110139975
10251,1.199739261665128
10252,1.9890147893342986
10253,1.3933861369271057
10254,0.7633486929838473
10255,1.6579938369957528
10256,1.180296545063436
10257,0.8371919169985821
10258,1.328258426600779
10259,0.894056536406336
10260,2.460835623873406
10261,1.2742165574724686
10262,0.1534376474909093
10263,1.135923744599718
10264,0.3855826943109753
10265,0.26049909663389015
10266,0.41170419365841293
10267,1.1201820864503689
10268,0.8240474305011156
10269,1.104949311602994
10270,-0.05820425360548791
10271,0.82071392504159
10272,0.7359291205116771
10273,0.059185361028379874
10274,1.4549878263353346
10275,0.45915804610658795
10276,1.2885793842120206
10277,1.5751748664714371
10278,0.4109738055201584
10279,1.027945392810465
10280,0.38867836356559915
10281,1.2932617317919923
10282,0.31830885552197974
10283,0.23292456955902893
10284,1.4529101719775663
10285,0.3281138428127829
10286,0.9901608380667677
10287,1.6827542256899994
10288,0.4773107113497021
10289,1.1568409685209882
10290,0.43662961203505013
10291,0.062261752292038994
10292,1.3752219331588191
10293,0.4291493127996943
10294,0.9154726151871722
10295,1.5938477566950269
10296,1.7454651151053513
10297,1.0597365553751221
10298,1.79081754408218
10299,1.142656614514687
10300,1.143472486976849
10301,1.6869030128677012
10302,0.9263705062480032
10303,0.46914725554807607
10304,0.5928030794201882
10305,0.483231655692632
10306,0.4774172277457415
10307,0.8609420743632349
10308,1.173766472467351
10309,0.39052879028055926
10310,1.742919041788487
10311,2.0398275670277513
10312,1.214228845934137
10313,0.34814122003147074
10314,1.688626940768963
10315,1.1130324201649542
10316,0.40348413030147146
10317,1.0784377677467187
10318,0.5160042881703768
10319,1.8921773178073666
10320,0.6342469978895007
10321,1.3585311362280095
10322,0.7885215232686378
10323,1.137732347096126
10324,1.5093909465230246
10325,1.6057047699207658
10326,0.30784003725494824
10327,2.3782235398372125
10328,1.4757185938377204
10329,0.41463836610597216
10330,0.09271393395248709
10331,1.1529233470360876
10332,1.2954285473180782
10333,0.7030376140227617
10334,0.7369732347388451
10335,0.025386632620308894
10336,0.283481772578366
10337,1.6858752304086757
10338,1.1669960495460403
10339,1.3477588328731078
10340,1.2062504741669107
10341,-0.22754100640582478
10342,1.7557852687937907
10343,1.1207389049067318
10344,1.8459830246311302
10345,0.2688622151544235
10346,0.06998223142510189
10347,1.2001399882542176
10348,1.274839490908521
10349,0.9758350621784186
10350,1.1633683684464315
10351,1.664905181899388
10352,1.4646806561839165
10353,1.5017211608292964
10354,2.0699477727016635
10355,0.6929994532518312
10356,-0.21142159234332303
10357,0.9131871239832775
10358,1.8893972935149088
10359,1.4176124034289508
10360,1.1074689997503904
10361,0.4971843159939609
10362,-0.006510058780218583
10363,1.7339461022607612
10364,1.6332522487039562
10365,0.4767811404395794
10366,1.7605538954446465
10367,1.866567702220189
10368,1.4724657133107226
10369,2.262221014688567
10370,1.5913798404333142
10371,0.7912745676351336
10372,0.4495961884511906
10373,2.003760386534452
10374,1.1641016372031963
10375,1.7921046477511369
10376,-0.3226061126638525
10377,0.45813006791370325
10378,-0.11979784108366748
10379,-0.06906456031734584
10380,1.8488417392170786
10381,0.19755686118280624
10382,0.8166711746080486
10383,1.6257574056451305
10384,1.6380137708968994
10385,0.5299286933773366
10386,2.2290379187482112
10387,0.01390062873661381
10388,0.17307488629991358
10389,-0.08419372865948466
10390,0.1181801549948412
10391,0.323453972510103
10392,1.7933663721217026
10393,1.6247515576196883
10394,2.143728444051587
10395,-0.06335353713941716
10396,0.43141385570118324
10397,0.3495386239928684
10398,1.0811908879271708
10399,2.2439821046867605
10400,1.4566506049099206
10401,1.5008034004440707
10402,1.7568442234005583
10403,1.1120829110991945
10404,2.1592357317724034
10405,0.18817522937955766
10406,0.8844904865352998
10407,0.49795445920495984
10408,0.3369062889407021
10409,0.3907998856847073
10410,1.2459308601325518
10411,1.3334051119634687
10412,1.770353330853123
10413,1.250574854385171
10414,0.8868897897436508
10415,0.3519956422415712
10416,1.0273042071212128
10417,0.4598592164212334
10418,0.07823893265177441
10419,1.011295043809206
10420,1.0001432466312055
10421,1.7523660284378257
10422,0.41622930789315105
10423,1.1713567632642117
10424,0.16716671014762516
10425,1.155302267298498
10426,1.0947046799129239
10427,1.6165894582179265
10428,2.4098186350374275
10429,1.2195984330837026
10430,0.8911875973040482
10431,1.6172125643855577
10432,1.740191105486343
10433,1.0918741798783163
10434,0.3309544162652844
10435,-0.1568756321264535
10436,1.4999204107880595
10437,1.556421818219547
10438,1.018368982739503
10439,0.953552478777938
10440,1.4069699117511723
10441,0.7645053428534498
10442,1.2666414902344545
10443,0.15842924671138783
10444,0.4418894792878779
10445,0.10872556767807326
10446,-0.3972873216268892
10447,1.980735231583663
10448,1.2748833114278901
10449,1.5648610692114429
10450,-0.34086533056077944
10451,1.9141785384626795
10452,0.36038991291217126
10453,0.891429452914577
10454,0.5769206443539848
10455,2.048830579714726
10456,-0.024349822449683506
10457,0.36546352579793207
10458,1.77946434149044
10459,2.330848956774702
10460,0.8547504114533446
10461,-0.32709379779645587
10462,1.389430208387894
10463,-0.008087489445326015
10464,0.2368707003407241
10465,1.9418147486100032
10466,0.9671984367915851
10467,-0.0700473090818671
10468,1.7450434319660706
10469,1.3067191228712725
10470,1.5599147962757962
10471,1.1916387105277768
10472,1.255568956746213
10473,0.9432889986384478
10474,1.506232820931743
10475,0.9373902435054021
10476,1.6884293804473482
10477,0.9595077499717695
10478,1.2228010402508127
10479,0.5286440588162933
10480,0.4712580511518375
10481,1.933405583322953
10482,-0.2564602457676792
10483,1.9728616828828722
10484,1.3809569951641336
10485,1.2544012511796698
10486,1.7459114057340257
10487,0.37082457136618335
10488,0.8894682049432201
10489,1.8292654442891891
10490,0.3946311600531088
10491,0.1641974589164722
10492,1.6628902019809564
10493,1.2493530150110435
10494,0.9371273894342373
10495,0.7968396010196415
10496,1.0877310714202812
10497,0.5198800988685294
10498,0.9407623807267994
10499,1.356552860836025
10500,0.8860712772018948
10501,1.965391422844027
10502,1.2911887039661818
10503,0.8073747731301586
10504,1.0692691334464677
10505,1.6363877721389395
10506,1.5753717888982912
10507,0.9945002100520909
10508,0.8211583305641501
10509,0.6595814972292421
10510,1.031961893155474
10511,1.1651235604811778
10512,-0.12804625770026765
10513,2.28393553077726
10514,1.5179223169954736
10515,-0.30187922135511935
10516,1.1056140913495045
10517,0.24862838102063314
10518,0.7016808088698686
10519,0.991006908697329
10520,0.960862955815939
10521,-0.03755511401901404
10522,-0.1510034146002843
10523,-0.09183000735713537
10524,1.1036482092631401
10525,1.1574681288505646
10526,1.011117139580888
10527,-0.051918179193036484
10528,0.6995132163354257
10529,1.4313600218658196
10530,1.3403336901917156
10531,0.6955397467029749
10532,1.0280742575926451
10533,1.4371507264039187
10534,1.1877748079469668
10535,0.21374029806674053
10536,0.7545432127482059
10537,1.4741391032242042
10538,0.8477951282088985
10539,1.235610645061375
10540,0.5149211169039573
10541,0.168497536734568
10542,0.961012153688946
10543,-0.17547012648316743
10544,0.798995473838531
10545,1.4335943097648647
10546,1.6674302593891595
10547,0.40079446726538176
10548,0.7852380450453113
10549,0.34367967982435776
10550,1.0456497427202986
10551,0.6850281399921594
10552,1.3639858821688047
10553,2.5172776977415086
10554,1.4913075159792752
10555,1.1672516550129428
10556,1.4202131435031287
10557,0.7650602208331914
10558,1.3943853869477574
10559,-0.16817963938535546
10560,0.5922117872633796
10561,1.9197644468717674
10562,1.1543756484310945
10563,0.5861850022283682
10564,1.9976589159578484
10565,0.8730432063543357
10566,0.05306214712888925
10567,1.4556313178657414
10568,0.8781373128133071
10569,1.5796363351985236
10570,-0.6878945599179178
10571,1.009575970971403
10572,0.6200518567592046
10573,0.1486152121509069
10574,1.1869474241602371
10575,0.30053042789203654
10576,0.427418052504621
10577,1.0332615696743161
10578,0.9511256248605775
10579,1.543806159156608
10580,1.1014503046571624
10581,0.5767381633781395
10582,1.9303103228722716
10583,0.425007460019266
10584,0.4125510253775266
10585,0.4890741835124455
10586,-0.18220112343108896
10587,0.39622392281360536
10588,0.40849891867638166
10589,1.4878901317297843
10590,1.1574183112325187
10591,0.6360012341450708
10592,-0.043184623136740305
10593,2.2730513472281455
10594,0.6140631669203271
10595,0.13103265534967723
10596,0.7295381152601675
10597,0.7329067977672664
10598,1.3374500637592983
10599,1.1246610612129768
10600,2.2488029097470936
10601,0.9322706089412209
10602,1.2404756570873203
10603,1.9097628909616122
10604,0.5289296951557865
10605,0.7155087481697426
10606,0.6236680105441588
10607,0.3164238480416243
10608,0.5600545243442079
10609,1.4301178975547213
10610,1.9376868180477127
10611,1.934560135351835
10612,0.19587040695147237
10613,-0.1929764650029609
10614,0.03301722312952858
10615,1.5075642274260588
10616,0.7788807489782633
10617,1.9019111073068578
10618,1.044168552123662
10619,1.3585324869833553
10620,0.9686004651766266
10621,1.9749494798960259
10622,0.4036069724508366
10623,2.022989650956152
10624,0.4836450130598905
10625,1.133824475436048
10626,1.6761554767825575
10627,0.18725974959934127
10628,0.9739644857735142
10629,1.0022835061001316
10630,1.5541550686422887
10631,0.4048311715979762
10632,1.3533025893961725
10633,0.3748623279846634
10634,0.02387101405379996
10635,0.17025110714263916
10636,2.1745010375563334
10637,1.3522358999943718
10638,1.281631808829543
10639,2.2639953068054823
10640,0.9163650109142715
10641,0.4465208255841095
10642,1.3921751829758287
10643,0.6222233989678714
10644,1.7597482675676281
10645,0.5077956939714477
10646,0.7125747307026622
10647,0.4474755363906602
10648,0.3808559406507872
10649,0.7162544137736668
10650,1.6480596419843987
10651,1.969083493043866
10652,1.3074216877595357
10653,0.14824666738971196
10654,0.8288828194901376
10655,0.7640299726143969
10656,1.054130552083414
10657,2.5589209458133024
10658,0.66138273353524
10659,0.3561654688443641
10660,0.5290816801308119
10661,0.9669672808564874
10662,2.1700636145347176
10663,1.4993405590365878
10664,0.24481463255894403
10665,0.8649626101399684
10666,2.246457453098838
10667,0.7409255758231457
10668,-0.12617378677391566
10669,0.396697029573436
10670,0.8299710426865439
10671,1.5826356363332723
10672,0.39876902020432625
10673,1.5610913414266785
10674,0.2516914278154062
10675,0.6250616207964772
10676,0.3632264478641141
10677,1.2165273958820642
10678,1.745401210785174
10679,0.9037210275330252
10680,-0.19339428777226558
10681,0.43496619941701425
10682,0.4049399869788274
10683,0.6252221747703202
10684,1.9057011604559297
10685,1.5904575670803012
10686,0.1264667406668837
10687,1.5162580916300281
10688,0.8507074428324062
10689,0.6847828705861725
10690,0.9367361235177387
10691,1.1602147549029764
10692,0.7900473171735438
10693,0.6683719338119587
10694,0.03344998320744214
10695,1.1676106175364531
10696,1.3226157183029437
10697,0.5173675717789439
10698,0.6267953210951642
10699,0.28488603700612475
10700,0.9491187713930505
10701,1.2924388408104088
10702,1.416496280506973
10703,1.9678801338838983
10704,2.029316212527418
10705,-0.07351946418575239
10706,2.029472816673241
10707,0.1910663338247217
10708,0.2721183979500038
10709,0.09075614886741515
10710,0.4170380388093648
10711,1.4158970952139276
10712,0.9460635139153991
10713,0.9491666962032761
10714,1.6628324211995773
10715,2.1585808689121673
10716,0.7842956694208982
10717,0.5886568293605057
10718,-0.009080231642565183
10719,1.1035288954824838
10720,1.6689003205165633
10721,1.4450609818232434
10722,2.082721546749464
10723,0.6303397880352095
10724,1.1137028789273307
10725,0.003206733662637795
10726,0.4187601452257277
10727,-0.14791060484059165
10728,0.3661576281534055
10729,1.8656248234217088
10730,1.28335998055243
10731,0.523216216073345
10732,0.1765636276306295
10733,1.6703611017322042
10734,0.9077786989917658
10735,1.0884874348928668
10736,0.9651091749138618
10737,1.1856009000024514
10738,2.131242471055327
10739,1.3249688215424469
10740,1.1958015494913248
10741,0.4501150662690005
10742,1.8594328825981363
10743,0.8032035930344126
10744,0.20159657505899847
10745,0.7358007833542244
10746,0.0727932049682603
10747,0.29301339681097693
10748,1.776412274187757
10749,1.1562916582817024
10750,0.08401663573789325
10751,-0.05092855452216713
10752,1.126701447973255
10753,-0.6167701904768561
10754,-0.07477791950841861
10755,0.48766238452620186
10756,0.7551443286828389
10757,0.429940053726535
10758,1.728702523819981
10759,1.2602779057583813
10760,0.8814971163312193
10761,0.8484040971744462
10762,1.3310949228503257
10763,0.7144420585885833
10764,1.4710915066652486
10765,-0.11815739737100125
10766,1.872145497085795
10767,0.7596891562636079
10768,0.9912608770308347
10769,0.45610604951614775
10770,0.6581728318080484
10771,0.9933310987486617
10772,0.4901281498169694
10773,1.595304038328655
10774,0.6019690078166858
10775,1.414454642364787
10776,0.04903453813663776
10777,0.5694610594658598
10778,0.6466057244568526
10779,-0.08644797657209918
10780,0.9556737946490035
10781,0.7278581909607664
10782,0.5814231893220293
10783,1.225114666036797
10784,0.3566613958504215
10785,1.0632396545934555
10786,0.3168736553391583
10787,2.033356675195411
10788,0.16114495566535447
10789,0.5316477788831095
10790,1.2609254554570866
10791,1.2271453961714274
10792,0.2752021615012957
10793,1.9537317041597833
10794,0.7705232138839935
10795,0.7638134548571489
10796,-0.1140647413471005
10797,-0.02405000904327978
10798,1.0292652187307634
10799,0.2451786171757938
10800,-0.2597642079507465
10801,0.08801827992458042
10802,0.057289403452698257
10803,-0.09047248252558032
10804,1.76123143728546
10805,1.4322348766076234
10806,-0.12077121359541157
10807,1.4486152349003045
10808,1.2803214555105813
10809,2.077758108587285
10810,1.597344722519689
10811,1.2984608348519942
10812,2.048939645955045
10813,1.7120182863848201
10814,0.5770883924765644
10815,1.3270397873069135
10816,1.4230028120299243
10817,1.2745218378833483
10818,0.5816961247687746
10819,0.30142211667607055
10820,0.8730458354175112
10821,-0.06844766040073808
10822,1.0934154486244108
10823,0.12000193819810144
10824,1.0813309245264213
10825,0.8595917840112226
10826,1.9389963571874063
10827,1.33605145669094
10828,2.145784708061107
10829,0.15917897536420553
10830,0.9971599014010615
10831,0.11686627579061844
10832,0.5768341803904175
10833,1.2649922014874297
10834,1.7829424325313816
10835,1.109062420453491
10836,0.12095837186584987
10837,0.9734997289840103
10838,0.1792800472480136
10839,1.2166580018005642
10840,0.5141235944401638
10841,2.2090414555330797
10842,-0.15769766591991438
10843,0.986747209238418
10844,1.6366308661034434
10845,0.6065226758449095
10846,0.4038466293587536
10847,0.6124975403743038
10848,-0.013895067347418785
10849,2.715974775782724
10850,1.7852509186996086
10851,1.7569314292816576
10852,0.24950906564551498
10853,0.5854610653121685
10854,1.8657954877598304
10855,0.7424695088405131
10856,1.869024089968652
10857,0.8694431317025461
10858,0.8989627709008867
10859,1.2989312577706222
10860,0.986923681340633
10861,1.9570966924024122
10862,1.380733885730772
10863,0.35521493944765015
10864,1.838062095000946
10865,1.8208465970822008
10866,0.832752864255768
10867,2.3698858291995024
10868,1.0231540068307765
10869,0.11679505331971325
10870,-0.027701175728166272
10871,1.2219034997564497
10872,0.43494244881228095
10873,0.23515027074657577
10874,1.553187365291724
10875,2.0826286194775876
10876,0.7708719870085725
10877,0.9093878028132184
10878,0.2411518651872382
10879,1.1440790037648758
10880,0.4083162601180043
10881,0.6687167437512785
10882,0.20809085676210656
10883,1.0888143829413832
10884,0.949405994095263
10885,1.5267519403618228
10886,2.2256909428890266
10887,1.819034088786135
10888,0.36099112078095813
10889,0.721926186968686
10890,-0.4466007361741165
10891,0.4817668959074383
10892,0.4936011614411941
10893,1.3024035452427847
10894,0.0616919144738067
10895,0.9299998500480996
10896,1.0973765637045505
10897,0.1277828849881502
10898,1.3536553365630375
10899,0.324103562768744
10900,0.690364099429657
10901,0.9337387701082323
10902,0.913768755914354
10903,1.0597289363114355
10904,0.18154551252350784
10905,1.3993063805482193
10906,2.062771116476737
10907,0.7873073349993296
10908,1.3614427016015669
10909,0.24776233533603112
10910,1.456762532229896
10911,0.7704513758663327
10912,1.2846377252502936
10913,1.4637293779560432
10914,1.4190840654351757
10915,0.4449061996128175
10916,0.9088319019589253
10917,0.6659910324823743
10918,1.4986137016783654
10919,1.986821164989672
10920,1.8057378019855774
10921,0.4867186823240649
10922,0.8685306440432993
10923,0.040143100848014784
10924,1.5305398322643324
10925,1.1652002783275728
10926,0.9203295892074455
10927,1.2968478773967114
10928,0.7316460752380354
10929,1.5183069995034346
10930,1.5314697125358572
10931,0.42898174119115856
10932,1.4566909887924815
10933,1.2433175374649925
10934,-0.08107421577786328
10935,0.27506192870846957
10936,1.3814530705226367
10937,1.4789167616258445
10938,-0.16841460688362206
10939,1.1486190688793618
10940,1.3845894550430617
10941,1.3850225841473756
10942,0.3150911321619512
10943,1.8615026000834567
10944,0.6896815182692522
10945,2.2323334481489776
10946,0.4001128011580036
10947,-0.033420693370137894
10948,1.7785715217196887
10949,0.8950834344386581
10950,0.7770175681266878
10951,1.167669157102238
10952,1.1527857539928252
10953,2.4272720034663506
10954,1.2556450981099907
10955,0.502403621895533
10956,2.1284595251203187
10957,0.6819385262193702
10958,0.13075001479182363
10959,0.21915721921857442
10960,0.5491119559577989
10961,1.5796306924967516
10962,0.41578753265503704
10963,0.7897120098333654
10964,0.7949183321264521
10965,0.4144684732622246
10966,1.588083001021763
10967,1.603887753871981
10968,0.7291751795515239
10969,0.9430771543008565
10970,0.6870292463213992
10971,2.028516242666074
10972,1.9562030261720793
10973,0.4010009194212487
10974,1.4466441713740528
10975,1.414792683709853
10976,0.08352161078217626
10977,1.4164284522537502
10978,1.397650428548509
10979,-0.024285883547528905
10980,1.8720076805374124
10981,0.6876260307871664
10982,0.019244437880168462
10983,0.45948925309679617
10984,0.0009752460273489
10985,1.1283416780199962
10986,1.8857826064989072
10987,2.3945992612935103
10988,2.299981702371956
10989,0.3093151106194111
10990,0.3021439323955828
10991,0.1572320549791844
10992,1.3541078971561573
10993,0.4553976933386211
10994,0.9039085793237762
10995,0.2765604291318138
10996,1.2295512043847419
10997,1.1201170430429197
10998,1.8228550324278718
10999,1.9899101220375337
11000,0.001254434191750503
11001,1.3247570596878862
11002,1.3360377331542062
11003,0.7708323678736811
11004,-0.09271059255743783
11005,0.9987765761978986
11006,1.6826925096784757
11007,-0.21955186270099367
11008,0.6463844316326823
11009,0.9889023613347094
11010,-0.05407069102175982
11011,1.2019152619852578
11012,1.1437614890237369
11013,0.8919382878094075
11014,1.2460456281068328
11015,0.5201863691923063
11016,0.8522996995135942
11017,1.8792863021594322
11018,0.801088291005399
11019,1.5848926465566398
11020,1.1564420512015436
11021,0.06677283857959335
11022,0.5752373047333132
11023,1.6464336345805424
11024,1.665272794768079
11025,-0.18999737405820727
11026,1.6421172571196525
11027,1.7160511464144037
11028,0.9591697896646281
11029,1.1909647896460556
11030,1.3515977226303522
11031,1.5008706037019588
11032,1.9305591687331987
11033,-0.03469885507626852
11034,0.6411635330458554
11035,1.7558198021181823
11036,0.8711732084031446
11037,1.497125968116354
11038,1.053359061873124
11039,1.500961833999185
11040,0.043972262643026505
11041,0.029301798568473772
11042,-0.26940444717644485
11043,0.33876018327877144
11044,0.6832989709353341
11045,1.1184198745136398
11046,1.075005830228546
11047,0.4484159785035731
11048,1.873439172635082
11049,1.9166540909654746
11050,0.7414047870108122
11051,0.23525737896551155
11052,2.233001867187343
11053,0.7601440983949925
11054,1.782343457295502
11055,2.0943619827871345
11056,1.8461362683920364
11057,0.3907662945065763
11058,0.9247272176084881
11059,0.9007209261080181
11060,0.504125098122203
11061,1.1641374698145437
11062,0.613912046021772
11063,0.8623870796443799
11064,1.3268399884049726
11065,0.8868000345190966
11066,1.2673474606609871
11067,0.46883610609704596
11068,1.0158976418985384
11069,0.5873641876459458
11070,1.0539812288687418
11071,0.963664257845522
11072,-0.37533009594343303
11073,0.2506875552245683
11074,0.8241370286265901
11075,0.7396781885539367
11076,0.4589528028521826
11077,0.8544816361243941
11078,1.9426470681184533
11079,0.32735210252212055
11080,0.026096991608116252
11081,2.051196674339224
11082,0.9552643063529378
11083,0.5822880861673968
11084,0.8578416491855348
11085,1.4062009612346713
11086,1.2978947262869929
11087,1.6005319279074055
11088,0.6841724573752344
11089,1.0131774639948183
11090,0.4078455454653098
11091,0.07587656210059789
11092,1.8748363877527385
11093,0.5373040905254334
11094,0.18641156985975602
11095,0.4864027310843552
11096,0.1726846279692278
11097,1.371546313473887
11098,0.5368357036972782
11099,1.2475077062071362
11100,-0.18994950669144067
11101,2.727217098985421
11102,0.4117393672263331
11103,0.451146550020459
11104,1.9750340124885564
11105,1.3685594290030965
11106,0.602021818998246
11107,1.7293807247245507
11108,0.07211118242736714
11109,1.9373587062798316
11110,0.004543431154315908
11111,-0.10917374695043588
11112,1.379302528513207
11113,0.8828218821752087
11114,-0.4204872932215602
11115,1.7818959892289847
11116,-0.06745722533806955
11117,-0.025854746473151127
11118,1.5240418555668112
11119,1.4952794394637865
11120,0.9542828480329916
11121,0.5208358728125696
11122,1.6580793104850882
11123,1.187975692460105
11124,2.231767699205315
11125,0.6665187069330677
11126,1.2050357772856286
11127,0.9643260717011417
11128,0.7983013484563639
11129,1.5882938026464646
11130,1.2808955133402506
11131,0.8931204656570476
11132,0.49219753184133963
11133,0.34035769032907887
11134,0.8590615099348544
11135,1.6866698079483067
11136,0.4504155467069372
11137,1.0953831858554697
11138,2.1143513356919987
11139,0.7358253585847148
11140,1.5757768440691946
11141,0.756375224982526
11142,0.3211789545583446
11143,1.5715532579360758
11144,0.8452738622269058
11145,0.6879511487158305
11146,1.3548969326614753
11147,0.47322063233576867
11148,1.4309058793582847
11149,2.0605555969169025
11150,0.2582857608873925
11151,1.104503038541251
11152,0.994666804329948
11153,0.7545506575116538
11154,0.4742222783585568
11155,1.4763297446934445
11156,0.7078359831786457
11157,1.3662241628724048
11158,1.5791698200783824
11159,0.10819832690132894
11160,1.6947664180828304
11161,2.1170097905240506
11162,0.6073618043142799
11163,0.4790117455752165
11164,1.6091138147544335
11165,0.4771338944998198
11166,1.3452683495402402
11167,0.6409177384586375
11168,0.7808565778291144
11169,-0.24770503527818022
11170,1.0026542662020728
11171,1.0832583109557459
11172,1.3199554615874223
11173,2.217477044602142
11174,0.7723185875289855
11175,-0.01151927693293521
11176,0.17659468430128472
11177,0.5276834169462278
11178,1.1971250459231073
11179,1.1302798601376336
11180,0.17650844061470758
11181,1.5878663679356875
11182,-0.20164530802441544
11183,0.4475419106515885
11184,0.6263260830084081
11185,0.8031790890806528
11186,0.7715407680676574
11187,0.27583673253050495
11188,1.1939567348539146
11189,1.1185223980038967
11190,-0.1510344164452325
11191,0.8475210652137324
11192,1.2188337252810688
11193,1.0941057698755543
11194,1.0321953357920761
11195,0.9092020599734199
11196,0.2864594518725072
11197,0.4452058597023804
11198,2.14224692646871
11199,1.3638042931708783
11200,0.6254390795262234
11201,0.588959026026581
11202,-0.09354633542655147
11203,-0.5163888210173428
11204,1.943242440510721
11205,2.4240946128475516
11206,1.1259891436507312
11207,0.11892347598955172
11208,0.9376308843220957
11209,2.2845876745999907
11210,1.7666983891742138
11211,0.7935741022463181
11212,0.06678802117673228
11213,0.3414621960726169
11214,1.3693365648539741
11215,1.6652177745327392
11216,0.4993749964631762
11217,1.5316245726190547
11218,1.6268260622828425
11219,1.6851025375974402
11220,0.8903614951876132
11221,0.495896075110989
11222,1.8808295896839147
11223,2.2069712119802647
11224,0.42841672027384214
11225,2.3450269649401596
11226,1.740167366327055
11227,-0.11177790791475334
11228,1.3207461028813552
11229,0.5508848530652067
11230,1.0688499024045763
11231,2.052045542182047
11232,1.7405497090898032
11233,1.3292090544335955
11234,1.0355649650390357
11235,1.9489319243530945
11236,1.2648642181112713
11237,0.9591284105246043
11238,1.928051724133693
11239,1.3174776975069702
11240,1.0651335993011943
11241,1.318898128088297
11242,0.8231690918836685
11243,0.7128131798632106
11244,1.6945602035870888
11245,-0.3521680063514974
11246,0.5739058309945493
11247,1.1072485611706673
11248,0.0913734539157004
11249,0.2378180352277601
11250,1.3401198953168025
11251,0.7911772018500667
11252,2.1088062889662216
11253,1.2642419277860162
11254,1.8657796097367247
11255,0.23739752444689227
11256,1.4196524469292449
11257,1.6033446126667692
11258,0.8226450538032061
11259,1.4422391713600866
11260,0.03097043823742668
11261,0.2380800716140714
11262,0.6697076087744763
11263,0.3272959017070323
11264,0.8345025537941151
11265,1.5737023484307924
11266,0.6541084663013861
11267,0.12014048582127526
11268,1.7235507549725686
11269,0.7521379918449917
11270,1.3428943000989824
11271,1.0540625881548242
11272,0.9896602616613002
11273,1.3420807673659345
11274,1.6954775366302748
11275,1.416766479726632
11276,0.05150111137355181
11277,0.46095531564463865
11278,1.409423845719819
11279,-0.046207275593457
11280,1.4584808068855777
11281,0.3089195731621317
11282,1.0554720483217859
11283,1.6098759776107965
11284,0.30441041809221553
11285,0.7728029193048624
11286,1.9599328472199138
11287,1.2366235381467612
11288,1.0858847589348382
11289,1.1290315790523648
11290,0.6762615006169344
11291,1.1668896681626568
11292,1.8370003362526508
11293,0.23044072009071476
11294,1.0073597193000514
11295,0.6442769745337524
11296,1.9751767936805844
11297,0.7937692373197901
11298,1.1035998806647078
11299,1.539264308763277
11300,1.4614760781004614
11301,1.4890116386636079
11302,2.596970256861127
11303,2.1907566668768723
11304,0.13493824775373509
11305,1.3158552631118927
11306,1.543234476536488
11307,1.6315012133704505
11308,1.6276365844619212
11309,0.7137682137068377
11310,0.8204950882613862
11311,0.49417265563008994
11312,0.7205653013480078
11313,0.9362903231437889
11314,1.6055953257363607
11315,1.6947327296904544
11316,1.481184953704536
11317,1.4840294022056335
11318,0.37916882107820177
11319,0.7632375830724267
11320,0.957398219732974
11321,0.25863139888882225
11322,1.8838536497897098
11323,0.15961827873172957
11324,1.3063067134529183
11325,-0.11774122984770788
11326,0.37173331282978317
11327,0.5500091782266303
11328,1.0899937512277271
11329,1.304219365628659
11330,1.9618778845499547
11331,1.248377738108393
11332,-0.15080685095705426
11333,1.4517385912950866
11334,0.9205945157190499
11335,1.8013895174530168
11336,1.0480572987723562
11337,1.9247809263040885
11338,0.7063319425810034
11339,1.7008499398425798
11340,0.5178769881068332
11341,1.5939813341669617
11342,-0.5215315014443425
11343,1.24380747963707
11344,0.31209991824371974
11345,1.4151752767654502
11346,0.9566101508057416
11347,2.2470809885423964
11348,0.003182784431075447
11349,1.8290677020606614
11350,0.8656685206190879
11351,0.062457065313212275
11352,1.9894884385884863
11353,0.1519397409720794
11354,1.054043059602649
11355,0.3844487663367126
11356,0.3553780601514164
11357,0.14172481025952927
11358,1.2864071894121196
11359,2.067492394814147
11360,0.3086074964586812
11361,0.13102307017543566
11362,-0.2419559427709858
11363,0.42080560052236704
11364,0.1335155019135008
11365,2.1186559611778613
11366,1.2201436577354015
11367,0.5258645638829046
11368,0.5121121313436892
11369,1.0342029663024337
11370,0.5076602591399826
11371,1.2138436467876927
11372,0.24172312039361488
11373,-0.4444251259082185
11374,1.6709844984569253
11375,1.8672260998710475
11376,1.4507135978422503
11377,2.250602772247724
11378,1.4016551472153052
11379,0.7736156899138991
11380,0.06080853427424484
11381,1.4522951745487707
11382,1.8245345771969192
11383,0.7981045455683554
11384,2.6041886303828754
11385,0.687327769122247
11386,1.9573191854915994
11387,2.246012153725591
11388,1.2189996810561958
11389,0.6682449334828
11390,2.193735694768565
11391,1.7580225987364724
11392,1.2470076259677731
11393,-0.23222864175085983
11394,3.0947367274680935
11395,-0.06293940983148516
11396,0.792071461651382
11397,0.7478681885723881
11398,1.4347123547963476
11399,0.8875695407864088
11400,1.1780213536096265
11401,1.4751483830763943
11402,1.7160280224535391
11403,0.3835866072692319
11404,1.476696090412842
11405,1.472378740583832
11406,1.8396694686803252
11407,1.6259014011124615
11408,1.6753956668158945
11409,2.7030823265868085
11410,1.894920344252373
11411,1.2368607348976266
11412,1.125411320145447
11413,1.9816784272978933
11414,0.7871226626735117
11415,0.8020939138953889
11416,0.5066382657490744
11417,2.0830114074310186
11418,0.945126088361868
11419,0.14909782511070202
11420,0.25312372707286823
11421,-0.4294451177731118
11422,0.540646425491405
11423,-0.08159927852179885
11424,0.16333724540992167
11425,0.23737934693843205
11426,1.7034598725012706
11427,2.0590077644045484
11428,1.9758182868163763
11429,1.4038074085349148
11430,2.0238320129750655
11431,0.8253340479676152
11432,1.3839967764223748
11433,0.334194470822116
11434,0.0195968129071035
11435,0.36960491539034274
11436,0.5541491789441322
11437,-0.10092149913125711
11438,1.007845630861709
11439,0.3887539375602378
11440,0.3467063692193751
11441,1.2556481631251628
11442,0.6705993874041791
11443,0.8341986606541548
11444,1.1388555563253917
11445,1.6171956672448389
11446,1.560111613913922
11447,0.3027283314648087
11448,0.6879847206306495
11449,-0.0380709879494644
11450,0.6483504825177859
11451,-0.18651445466057157
11452,-0.1287318218727496
11453,0.5850917912877835
11454,0.030873792031696982
11455,1.9705026670420547
11456,1.7769066259940398
11457,1.7718568878513299
11458,1.0024348590991823
11459,-0.16681076008536155
11460,0.2793509931305799
11461,1.6341970851778382
11462,0.4799283716058682
11463,1.951298086235015
11464,1.8565144137341383
11465,0.029069816537847938
11466,1.8154907342702933
11467,0.6101555772007649
11468,0.9304159145137341
11469,1.3043868763051956
11470,1.30920534276765
11471,2.2737630011381516
11472,2.1205215599724703
11473,0.5899062177273224
11474,1.3221097284021093
11475,0.34807048292166254
11476,0.1662521900708977
11477,1.0225260064535489
11478,-0.3177637928483897
11479,1.4848039940736901
11480,1.119480316752474
11481,1.5404886241539069
11482,1.4765993925004162
11483,0.0005658760740693269
11484,1.299072771989643
11485,0.4894546389826876
11486,0.3403165154194855
11487,2.034929202443313
11488,0.5930213707147627
11489,2.0961098714283075
11490,1.2638579155974297
11491,0.20442713421982023
11492,1.4875943164278342
11493,1.176096824229245
11494,-0.05349458634513638
11495,0.9033365371274471
11496,0.03127616284475328
11497,1.2380897217595659
11498,0.892846269545637
11499,0.7196874851011305
11500,0.6478815731160252
11501,-0.0580093583342548
11502,0.4765026510286515
11503,0.04154328342848002
11504,-0.142799569380754
11505,0.061349317232681534
11506,0.9971520986518507
11507,1.194249247038365
11508,1.486523486709046
11509,1.3042776996071257
11510,1.3721092835882567
11511,0.28097985938254066
11512,0.5046867761752742
11513,1.1884493078971834
11514,1.4547128513917986
11515,0.603751853686679
11516,0.5028104491943091
11517,0.3857812050979432
11518,0.20097359034191115
11519,1.1198782064814397
11520,1.136161247186346
11521,0.0012674921005027262
11522,1.1394030308782455
11523,1.7914780183332542
11524,1.2565747052811431
11525,1.8067900831581523
11526,2.296859110803139
11527,2.2572629205842913
11528,1.9029130157325227
11529,1.4999328071301419
11530,0.8616681650561782
11531,0.9962263305791195
11532,1.326561775733677
11533,0.9354374597171358
11534,1.5644132639258765
11535,0.576523428746959
11536,-0.03786933832049616
11537,0.2758978383690657
11538,0.42181757243407125
11539,0.21176968874151877
11540,0.7470738340597343
11541,2.1012689372771494
11542,1.2755178376774683
11543,1.4693463771150004
11544,1.9404253021405764
11545,1.8909526408845068
11546,1.5677444453314466
11547,-0.035463786096356295
11548,0.24546818836484544
11549,0.30957559470702856
11550,0.7282840739642171
11551,1.0732884769031552
11552,0.5137698664211465
11553,-0.564208654562733
11554,0.5536207927638386
11555,2.171974180830322
11556,1.472790843345039
11557,1.0226777084646796
11558,1.139024867861111
11559,0.11188116829763026
11560,0.27099176705183914
11561,0.8793987856015547
11562,1.868071040813763
11563,1.5807370262596394
11564,0.7447293367403378
11565,1.8351243888003632
11566,-0.1315031414662014
11567,1.0860651297221309
11568,0.2626694412670395
11569,0.3487459026195844
11570,2.018638140270324
11571,0.8795947157448643
11572,0.7419249531856114
11573,1.9789204720273847
11574,0.3240939393701795
11575,0.34413522646225464
11576,1.054268209281056
11577,1.395808443165283
11578,1.0782567271997583
11579,-0.1790332535055211
11580,-0.17468932747932145
11581,0.3218388948059544
11582,1.760464973791846
11583,1.1677988140774238
11584,1.8315004225007865
11585,1.4692547524991793
11586,0.6505506606025981
11587,0.25962874340767017
11588,0.7781649142725384
11589,0.880939053296143
11590,-0.2124020503813437
11591,0.8543764115833776
11592,0.11743801782480615
11593,-0.125463048199761
11594,0.6422811074993415
11595,0.7059632294345852
11596,0.5404622154586637
11597,0.4370270816835376
11598,0.09673386002861822
11599,0.8949141355308405
11600,0.9792166310242132
11601,-0.02653203799329694
11602,0.2652859133230918
11603,0.11949806799545953
11604,0.858899667066582
11605,0.7142155287793297
11606,0.850662342301068
11607,0.8862442676114753
11608,0.38502892809365447
11609,1.9008424888281237
11610,1.0346669138860254
11611,1.5532404245428233
11612,1.011855801978668
11613,0.41068879993209084
11614,0.4834791100569086
11615,2.1916009290626857
11616,0.2905742193824491
11617,0.4624330304263482
11618,0.3357571754965471
11619,-0.08492406943173764
11620,0.9699654818564678
11621,0.4218754187849574
11622,1.568995477487751
11623,1.8926042249148542
11624,2.0309452677774744
11625,2.1020560941136583
11626,0.15320650853056056
11627,-0.026457447551503283
11628,-0.5418709004620386
11629,2.225866705866199
11630,0.9125716078317192
11631,0.4764862302409737
11632,0.4981045160168637
11633,1.7199627843863732
11634,1.250482900934966
11635,1.176378237766506
11636,1.0847784596713796
11637,0.9052698124686314
11638,1.4920892530156886
11639,1.2468602124386996
11640,1.5156551303499293
11641,1.8371721087855364
11642,-0.2341433794390752
11643,0.3462923121981767
11644,0.1272187454908138
11645,1.452857015024062
11646,1.2895100158941244
11647,0.5503860392980497
11648,1.290107083723309
11649,0.7921839072261821
11650,1.891293240888337
11651,0.6487529509708105
11652,0.800239442771431
11653,1.3100379702436227
11654,0.3055633217731553
11655,1.8139652592904665
11656,1.7907387944329893
11657,2.1761620000667654
11658,0.7655474965169352
11659,1.3714163541017261
11660,1.8545862824699977
11661,1.0594551257385867
11662,1.2280918511474601
11663,-0.049509422062911854
11664,0.31368253945535995
11665,1.696813773982779
11666,1.7657258140533825
11667,2.1838949375719827
11668,1.429083378302687
11669,1.524356513587004
11670,0.48768028226740323
11671,-0.20274411195541076
11672,0.8090261429186102
11673,0.3973867688140742
11674,0.0375671051322419
11675,2.8059093955842176
11676,1.2809572054042024
11677,1.8830224291637363
11678,1.390002113303274
11679,-0.28630042421800295
11680,1.3280759585527306
11681,2.203476362527561
11682,0.5597752557561649
11683,0.5024250516391416
11684,-0.3790220345628582
11685,0.4881603559559638
11686,0.5878571518965705
11687,0.5852233233187274
11688,1.358841440941216
11689,2.5940390444566526
11690,0.6365116314572707
11691,-0.19340412219441322
11692,-0.02753734018391535
11693,1.2479406485113405
11694,0.8999189830593058
11695,0.7489244926029934
11696,0.4151935143061278
11697,0.44480593856067296
11698,0.3445850089854628
11699,0.6517611445747638
11700,1.6767929280824325
11701,0.26845201794003565
11702,0.6325060512861279
11703,0.8975968824543672
11704,0.6294254945531004
11705,0.7922864691134721
11706,2.085714970759695
11707,2.0612833964375783
11708,0.34992815570302327
11709,1.676028263579712
11710,0.45918436313771904
11711,0.2794639844687066
11712,0.48594288753089704
11713,0.9648811149341279
11714,1.934181652696714
11715,0.5824548814301063
11716,2.3881149010341645
11717,1.2999570021378872
11718,0.8821894469766347
11719,0.41797019344362196
11720,0.7999682463434432
11721,0.39785967764665
11722,1.6158154729667444
11723,0.9405957284292574
11724,0.7652324264633263
11725,0.45013605826491554
11726,0.8698142830722831
11727,3.200799337350526
11728,1.3405938552141845
11729,0.6683167264337773
11730,1.6717965386876819
11731,1.3704153161720902
11732,1.1817423333574308
11733,0.6378437084020177
11734,0.85849930321045
11735,0.6680850843828344
11736,0.290885345613382
11737,1.629630070290154
11738,1.4726983083355025
11739,1.4660276298136685
11740,0.6078644174996477
11741,1.1789553440684613
11742,2.155506872081884
11743,1.8700275543735752
11744,-0.08672401138967714
11745,0.042887114809721405
11746,1.376692764971246
11747,1.893811026254073
11748,-0.13100884427452442
11749,1.938943489353341
11750,0.5610908120376217
11751,2.2618881698925004
11752,0.8880281554341835
11753,0.8669058012027051
11754,-0.03611816376067047
11755,0.4641239666654596
11756,0.16453200068884424
11757,1.0332088525541618
11758,1.4855648883123145
11759,1.1839157910708171
11760,0.7270749803625405
11761,1.695444259442338
11762,1.0005265704533384
11763,0.8042220260161201
11764,1.760136885225088
11765,-0.6836404210902984
11766,1.652008690719963
11767,0.4221910659151849
11768,0.1828905753836787
11769,0.25775339588063917
11770,0.7779738532524171
11771,1.3248520233052492
11772,1.609200295045861
11773,1.9294025160282053
11774,1.5726733894156293
11775,1.0682559807498706
11776,0.29813189731216805
11777,0.08752356686248841
11778,-0.2650700236910719
11779,0.4281778719590599
11780,0.8582930333917385
11781,2.0468052332387665
11782,1.5366089404907572
11783,0.09201079932687253
11784,0.153389156900408
11785,1.5659036123574306
11786,2.02013850634688
11787,-0.1689340347580444
11788,0.6371001106849501
11789,2.078590897369988
11790,0.856189544529935
11791,-0.029885121935248976
11792,0.20209540882216462
11793,1.8138490182734877
11794,0.49582309515761164
11795,1.3756280936888794
11796,0.14520401311384407
11797,0.4870142181353945
11798,1.211356776096618
11799,0.9554926081850037
11800,1.152238666105807
11801,0.6104636093125183
11802,1.3026766554495317
11803,-0.218575809047254
11804,0.989401043064004
11805,0.9373068632085738
11806,1.1946159692824838
11807,1.5850559399425757
11808,2.127890676618868
11809,1.3322029448232717
11810,-0.06848126295311743
11811,0.9355910072196529
11812,0.22469713940993585
11813,0.7445595345460887
11814,0.9989798618604537
11815,0.6162864473808825
11816,1.180494108664896
11817,1.4080042616017876
11818,1.0731712538956466
11819,2.007981324005339
11820,0.2410388610784408
11821,1.121632809069667
11822,0.2909261125608787
11823,0.2820444128496434
11824,-0.07010763424093627
11825,1.1930943752375494
11826,0.05564109497885594
11827,1.437661792236344
11828,0.33804748715551053
11829,0.7396664664258141
11830,0.6134155689101463
11831,0.7576446001796724
11832,1.9904406494330875
11833,0.39989460028613233
11834,0.7333285892020207
11835,1.6061336584133763
11836,0.5562412212523333
11837,2.1435728597230517
11838,0.49864483502557033
11839,1.0092919174943247
11840,0.9273886585527312
11841,0.6924376232979259
11842,1.2336944714082776
11843,1.4075761151379178
11844,1.2266662708452842
11845,0.8817142522025381
11846,0.8681176651817047
11847,0.059310046401472076
11848,-0.20603308179988586
11849,1.490731563108406
11850,0.9052223727504893
11851,0.7418561771327714
11852,0.5828605682592736
11853,2.302435945120819
11854,1.0424443430113197
11855,0.7940312124858231
11856,1.4295005893880937
11857,0.9450416032248725
11858,1.7091961568905114
11859,0.9580312834519735
11860,-0.022717518020388336
11861,0.31193448867461915
11862,1.137191020981819
11863,0.3839545836257122
11864,0.12082302057566216
11865,-0.07153254249072627
11866,1.281090519497951
11867,0.8161198484526837
11868,0.18437997004321793
11869,0.38856708773050236
11870,1.5590903359627108
11871,1.9394530458037316
11872,1.080145866117498
11873,-0.1250186624896503
11874,1.3890017634153935
11875,0.8728938767447213
11876,1.2433264461750415
11877,0.818949907066536
11878,1.377443412144193
11879,1.4059416222170975
11880,0.23715164579710443
11881,1.4397482943343813
11882,1.4055809015070708
11883,-0.07736360708472213
11884,2.163962870183267
11885,-0.1209525242167881
11886,1.0562394603633485
11887,1.803700506249075
11888,0.3155872391836593
11889,0.539991173286815
11890,2.2494856935212844
11891,0.8772912841936609
11892,0.14598461596437093
11893,0.8403071893116554
11894,1.1667939537840275
11895,0.7134337501240182
11896,1.5672518158510431
11897,0.6761901616508394
11898,0.9934950388469317
11899,0.8882098370200988
11900,0.4649381285831001
11901,1.0403026678407534
11902,1.3426423190416765
11903,0.9034815939603041
11904,1.209412188379147
11905,2.0679747376293234
11906,1.4448717610266455
11907,1.8996944149494728
11908,1.78240203758371
11909,-0.017574513326383157
11910,0.9206738129086804
11911,2.227933254827791
11912,0.5411574474593781
11913,0.7358671241725265
11914,0.7679629736067612
11915,0.25077023981835395
11916,0.3400523288236098
11917,1.8909565697549964
11918,1.9203222288910637
11919,0.702194466882649
11920,1.3188320614009892
11921,1.3964457883828314
11922,1.2810814555137537
11923,1.3477234099750295
11924,1.1250963895615516
11925,0.24939725022550255
11926,1.4064988175541926
11927,0.5288093245325557
11928,0.9219614831532866
11929,1.1167884995377684
11930,0.16633941399185107
11931,0.5273798571550506
11932,0.5710313518659772
11933,1.605206332009089
11934,-0.48177192109782635
11935,0.24264329855964206
11936,1.5338044744740327
11937,2.0155903839265825
11938,1.4426412162825164
11939,1.1529077131857144
11940,0.9222864039973622
11941,0.847411910428205
11942,2.0075401339982153
11943,1.76137681808545
11944,1.1753725972413929
11945,0.5074457954120323
11946,0.25207816558298324
11947,-0.0387266758026982
11948,1.164779807853359
11949,0.7096029313151375
11950,1.0338115480730163
11951,0.9567816247828914
11952,1.159218884290779
11953,0.7584414268186819
11954,1.1185960489538984
11955,0.8786860700008009
11956,0.6686841240472576
11957,0.7520967951217338
11958,-0.20572990784856354
11959,1.2929599384040311
11960,1.3400364076945002
11961,1.6085544944229908
11962,1.0600768655776145
11963,0.553140088064876
11964,0.22725347966461995
11965,2.144198010750043
11966,1.9186096531129682
11967,0.13773747443268297
11968,1.4492047662092946
11969,1.3514495173821484
11970,1.2427345727541326
11971,0.8772439050691228
11972,0.9991502307388371
11973,0.16696085142418665
11974,1.1537065442250451
11975,1.6786903723330955
11976,1.828878175670529
11977,-0.11492578695476188
11978,1.1487163761183399
11979,1.1010269895595794
11980,0.4362307329942282
11981,0.12851197152474766
11982,1.5294457602682183
11983,0.17553814400674372
11984,1.0473941578064765
11985,0.9083285119192992
11986,0.4608472335467567
11987,0.11046375018796031
11988,1.7783573029448816
11989,0.1016214789684995
11990,1.757340229813477
11991,0.7328721627871178
11992,1.4348449552306124
11993,0.16099079214603523
11994,1.3367232656028591
11995,0.7183015198145285
11996,0.7834631147337257
11997,0.6332405970107834
11998,0.4691651009945041
11999,0.4649567212395395
12000,0.944190390158387
12001,2.297624495408434
12002,1.1076296207205425
12003,0.615896839114518
12004,0.42058809438735134
12005,1.174253471763089
12006,0.405732550685369
12007,1.7816173790045764
12008,1.1621039857888313
12009,-0.10924804838170274
12010,-0.18956180212946916
12011,0.8860323715708631
12012,0.9069361860875966
12013,1.2676236827644258
12014,-0.015525166971877197
12015,1.667521002874361
12016,2.006156619311643
12017,0.2899608983493309
12018,1.3967952757118027
12019,1.088964106514482
12020,1.6439937754368306
12021,0.1708641267858894
12022,1.6030211720195442
12023,-0.05153282655948563
12024,0.8856083583397015
12025,0.7429477478510542
12026,1.7106475994994077
12027,1.6499562594555828
12028,1.2697692946442838
12029,0.04533312820427256
12030,0.8040526865478589
12031,1.3240686867729994
12032,0.9092875508800473
12033,0.060666063464031056
12034,-0.0006930349205798714
12035,-0.03895068846116484
12036,0.2725672805374298
12037,0.8956103657683621
12038,0.8452298896178416
12039,0.7148985509838972
12040,1.9383372550531717
12041,1.6723353130648873
12042,0.9727230316399436
12043,0.194333598514636
12044,0.6149139012764928
12045,1.210360105991656
12046,1.6654279055313594
12047,1.9784581571310598
12048,-0.18999471089721337
12049,0.4927791465731568
12050,1.413099674994907
12051,0.8942691056295952
12052,1.1238375840707775
12053,0.8594516280556675
12054,1.004137452570068
12055,1.540652944481208
12056,0.9789735083487416
12057,1.1351934631217715
12058,1.3052002734098294
12059,0.8132035582186716
12060,0.5007072405319093
12061,2.034232427806437
12062,1.7561019255515156
12063,0.7923428980599327
12064,1.3532124805998134
12065,1.5364336742783093
12066,0.6353216398293642
12067,0.525771641275141
12068,-0.03783724842361516
12069,1.2107980247298298
12070,-0.004262964318071008
12071,1.9238654957753036
12072,0.5909793518882687
12073,0.6955728789887304
12074,2.181897619053585
12075,1.7331756008114314
12076,0.47341752710055146
12077,0.5709390659205182
12078,0.5404493606217837
12079,0.8381635753107567
12080,2.0857681043884786
12081,0.04520070845870465
12082,2.313514906109554
12083,0.12739562022282597
12084,2.6238031029430586
12085,2.1429194241954668
12086,1.1279224324214325
12087,1.487507820384974
12088,2.0931924572151845
12089,0.25343973412851334
12090,1.134676269060919
12091,0.7480274938362399
12092,1.4102927853344762
12093,1.402475641073246
12094,1.5571986433886325
12095,0.4875357702608645
12096,1.9481561901303275
12097,1.0582520571699316
12098,1.8991790152219032
12099,0.11688322754726048
12100,1.2948289696069635
12101,1.9255370761122146
12102,1.8437537240589668
12103,2.3644934898428698
12104,1.288121939174886
12105,1.0596071736969273
12106,1.8840698373414062
12107,0.16489014376429229
12108,0.06571180513202612
12109,0.00022449561871115686
12110,0.5251650730657111
12111,3.1964960913507654
12112,0.31091737666674185
12113,0.7886229518532542
12114,0.6966524493319919
12115,0.9346632985119547
12116,0.6116728204814212
12117,0.5089126727019717
12118,2.2522780835819125
12119,-0.03629572709909462
12120,1.7049428005810685
12121,0.16386680833664802
12122,2.361788233565589
12123,1.2290713949692091
12124,1.0383783718307362
12125,1.6208411855670921
12126,0.449551222385057
12127,0.6212365685303018
12128,1.2694633248291216
12129,0.40920742617563083
12130,0.46574166331318156
12131,-0.02573770851711181
12132,0.20081483163745312
12133,0.46998329227601265
12134,-0.04511449368997586
12135,1.117819660880922
12136,2.0498430011156796
12137,2.1970021328263694
12138,1.3417203816408003
12139,0.9578501679532825
12140,1.1054404438842542
12141,-0.09670466386996923
12142,0.331538023307255
12143,0.3689699256981902
12144,1.9648989032478807
12145,-0.03481308153742888
12146,1.1019587657586385
12147,1.9365646141018003
12148,0.9552205391609804
12149,1.217616107176955
12150,0.32220816604231745
12151,0.49071113312288483
12152,0.08933101310832926
12153,1.6394935811903057
12154,1.1466673652899713
12155,0.10989743794272812
12156,-0.030477666024218433
12157,-0.044347725457476214
12158,-0.10404392161901174
12159,1.2619114551895354
12160,1.2744916450286374
12161,1.641913840231735
12162,1.1633813177345689
12163,0.4752073885672706
12164,1.367519446185496
12165,0.7157283414023008
12166,0.5095770321238025
12167,0.6757790680579785
12168,0.8760818008453326
12169,-0.32609247242290373
12170,1.2276269317195114
12171,0.06644679906410038
12172,1.3095725813952037
12173,1.3067709129216858
12174,1.8924104588143937
12175,1.366929489541987
12176,0.8910520543623177
12177,1.9494063619230504
12178,1.241091880800968
12179,-0.21941053957888157
12180,0.8882210165240181
12181,1.3817333275640813
12182,0.9703157589735367
12183,0.34844004701740106
12184,0.2555764872450357
12185,1.287959387693487
12186,1.3838633671028675
12187,0.09563080421375146
12188,0.4312385652605115
12189,-0.18718990091130377
12190,0.3110639638529715
12191,1.6191284128798025
12192,2.141798760691753
12193,0.5866398463454057
12194,0.4491259396378716
12195,1.5524279296498058
12196,1.2066121169612976
12197,0.951682846062126
12198,1.955430176112103
12199,1.5222659307595603
12200,1.48755171801084
12201,0.23253186881685844
12202,0.04406161881586411
12203,1.7389833266050032
12204,1.2994349704788843
12205,1.6549366537564871
12206,0.1733949972608305
12207,1.3065871189596374
12208,0.5472497112257775
12209,0.010807810395838162
12210,1.3474326124487528
12211,1.8966916737000006
12212,1.1118531410115144
12213,0.3149516584328747
12214,1.222019807150462
12215,-0.050287432721747294
12216,2.059788993021702
12217,1.8569032030432735
12218,0.20267299243361253
12219,2.0975536257702205
12220,-0.15320213183819123
12221,0.05994391859252422
12222,-0.1345303369997367
12223,0.9364152163513334
12224,1.5910719953082875
12225,1.1437105387888686
12226,0.9031871421570039
12227,1.9272530804457704
12228,0.44327929163142443
12229,0.9420032381244408
12230,0.9541180451519524
12231,1.0073908444380442
12232,1.7380635521055319
12233,2.066213622337142
12234,0.12909271303448858
12235,0.9727572878981596
12236,1.065872999940094
12237,-0.04241614791791341
12238,1.002341471850429
12239,1.647406042448989
12240,1.3797779350547332
12241,1.1130447121203946
12242,0.8396862846906561
12243,0.693027057143093
12244,1.8347305639184792
12245,1.1887233782089661
12246,0.5361828659434329
12247,1.1104359575197253
12248,1.6605628407058617
12249,1.6146112964985893
12250,1.245161590816698
12251,2.0389484323454496
12252,0.8261168224015671
12253,1.816249762097265
12254,0.7919851351336469
12255,0.8580144908348608
12256,1.1137623067530318
12257,1.7716829870709927
12258,0.06331045546226685
12259,0.6016461000042505
12260,0.34394800874854936
12261,-0.2739418149486438
12262,0.8054855844000399
12263,1.2553048385676167
12264,0.07685043023313792
12265,2.003938620779973
12266,0.5789671147529805
12267,1.6742675780809138
12268,0.57906804996341
12269,-0.5250424739920099
12270,0.5731844773792794
12271,1.4160145601099527
12272,0.4463642570299349
12273,0.8498669367452633
12274,1.0972921449117674
12275,1.165837185810398
12276,0.16541731929881512
12277,0.7579593552318376
12278,1.8639166600115782
12279,1.237783404220549
12280,0.0006720776804402945
12281,1.2651078818365025
12282,-0.05099982579525651
12283,1.4594324575816895
12284,-0.0750448916633985
12285,0.3451134545237506
12286,1.217817601202973
12287,2.172132800915636
12288,1.0269002526095299
12289,1.9115459958471366
12290,0.5299689617618277
12291,0.6412952925932707
12292,2.247855847559339
12293,0.5343915465183572
12294,0.3743585718795893
12295,1.1343002816535657
12296,0.6318035283988335
12297,1.3382643554349258
12298,0.33097195242037325
12299,1.0424863014095211
12300,1.2797827034928988
12301,0.38321716980248943
12302,0.02843402446174928
12303,0.9469308827050094
12304,0.1981521124011669
12305,1.3816253539780123
12306,1.90513476706628
12307,0.650389219620816
12308,2.6065700290990605
12309,0.6120697586575414
12310,0.8709721062491163
12311,0.4757380725646748
12312,0.6995440053759167
12313,1.2710825215948747
12314,1.3024493543249858
12315,1.869834870281595
12316,-0.09051128774554207
12317,-0.0011563855823806396
12318,0.6012332463732786
12319,1.0613857507332014
12320,1.0563377741818103
12321,1.350485393680497
12322,0.42746447648949426
12323,-0.3017036679822914
12324,1.5258131063666174
12325,1.426422041124704
12326,0.21439765362648766
12327,1.422520825034408
12328,2.1666805832621607
12329,0.6335086234904912
12330,0.4030268925579078
12331,1.320205851517285
12332,0.4556038088951542
12333,0.29253931478355266
12334,1.6211818557768054
12335,1.5151337904299798
12336,1.4225220371228697
12337,2.1133117989681316
12338,0.9158797615847153
12339,-0.11579544331801019
12340,-0.12431226741129744
12341,1.187086864002946
12342,1.2069219610435444
12343,0.08219493389626303
12344,1.4616110390301045
12345,0.3115738870828699
12346,0.9022003699342691
12347,1.2919247125616555
12348,-0.17003865630016626
12349,-0.19179269502382917
12350,0.4969793864732232
12351,1.2878416079234478
12352,0.9996175585618909
12353,0.11204210646390861
12354,1.149103186636419
12355,0.6427571703527725
12356,2.044247524572605
12357,0.7784745268753369
12358,0.23195996798044458
12359,2.0382149855814276
12360,-0.08939391205773975
12361,1.1611371630005713
12362,1.3345569053332373
12363,0.7061246189640635
12364,0.4119048666837399
12365,1.6163445572745971
12366,0.7089682556651162
12367,0.8940511644475697
12368,0.26879197336583976
12369,1.0033830498277767
12370,1.333393086321097
12371,0.856053186605389
12372,2.1197637883232
12373,1.6822469477275634
12374,2.0200732845923266
12375,1.7137058110563024
12376,1.4557521283988781
12377,0.9861489618873869
12378,1.4944882865696012
12379,0.47501066508707435
12380,-0.14093227965500432
12381,0.6825318236232747
12382,0.982507615742569
12383,0.348462766994548
12384,1.087082034037978
12385,1.7689943564368735
12386,2.450838743742741
12387,0.9216378960359906
12388,-0.3309509624977639
12389,2.369736971113254
12390,0.3314692532643219
12391,1.26023202781098
12392,1.7008817479670522
12393,0.5927010326004282
12394,-0.13871144787550585
12395,1.7057697726549155
12396,0.04213156285307679
12397,-0.4125439656877854
12398,-0.07762917868602393
12399,1.3681110569936212
12400,1.4741022917877058
12401,0.2583135962517885
12402,1.0363144949191212
12403,1.3970900179477752
12404,1.1043553265903852
12405,0.9273186007355061
12406,0.12290694565188097
12407,0.09956053894161362
12408,1.2280096292408422
12409,1.6075326315577976
12410,1.2838292032801235
12411,0.4288551946538914
12412,0.29810939321963836
12413,-0.036561799311338405
12414,1.5147943886062467
12415,0.4656412721056953
12416,0.790272906387157
12417,-0.10923148928693655
12418,1.0046704303369902
12419,2.3289906518997774
12420,1.2570998421712714
12421,0.2992665370455385
12422,1.047426514827391
12423,0.9581719755320931
12424,0.0034678975534703366
12425,1.3898240240065158
12426,1.0881603330035066
12427,2.301059604974782
12428,0.8161238251948779
12429,1.5057069372071061
12430,2.322899280984009
12431,-0.3204557283098532
12432,1.7061096161286977
12433,1.3775165595387553
12434,1.2261680577338079
12435,0.36718735181653667
12436,1.356725231844037
12437,1.40972299486688
12438,0.30518071770092225
12439,1.2950162515148262
12440,1.0936015078205592
12441,0.08688665764018345
12442,0.8803548586122967
12443,1.7014890751700797
12444,0.5952363327045094
12445,1.4181859487633368
12446,1.9656358945012298
12447,1.4064835371476947
12448,0.5835812610396786
12449,0.8075732663793798
12450,0.4879621326699194
12451,0.2797926416708615
12452,0.6683414390392037
12453,0.41084831292883406
12454,0.8667349458080338
12455,1.2882283624877664
12456,1.0647155516103626
12457,1.4259899122097106
12458,1.244976032917171
12459,1.0399315494514931
12460,1.3430355748958358
12461,0.8697688473107821
12462,1.9456869651441604
12463,1.1787585842255195
12464,2.25281219634036
12465,0.8113635454600545
12466,1.285460548825193
12467,0.42809852322706354
12468,0.4885646895346556
12469,0.3713185936186307
12470,0.8564361276625659
12471,0.5237428071046517
12472,-0.12382694044258288
12473,0.43701734280625437
12474,1.2099221819474097
12475,1.7629358127756194
12476,2.124277334839534
12477,-0.09111490972561634
12478,0.6901106905514274
12479,1.0161768780912324
12480,0.782235885801349
12481,2.3231339391776387
12482,1.2814678756520992
12483,0.09343871641358867
12484,2.0611462983175173
12485,0.0524503444304967
12486,0.7143014748090127
12487,0.08167530781852822
12488,1.6389917660699764
12489,0.3871279502553873
12490,0.11365546253566754
12491,1.1383532905665896
12492,0.864836071073523
12493,-0.05464410432530581
12494,-0.17325954995088208
12495,1.2944641449463832
12496,0.9084712152239336
12497,1.7201939511214273
12498,1.446279220780562
12499,1.2246549964232456
12500,0.9272246491663734
12501,1.8593107739918315
12502,1.0649657666152292
12503,1.3147117114446485
12504,0.1567014377260897
12505,0.23277004101250529
12506,0.5680698662539787
12507,0.3873449091572333
12508,1.7754238167359881
12509,0.09789631183524086
12510,1.608040636362206
12511,1.23962441955216
12512,0.7049834338938594
12513,1.4615555517002914
12514,1.3718694396471502
12515,0.5182188751189354
12516,1.6598277170100486
12517,0.8679245165419422
12518,0.17080436502384205
12519,2.2737726786597645
12520,1.2805254560979646
12521,0.9731788270473352
12522,1.7663438355797358
12523,0.7461216292600416
12524,0.6849425128235174
12525,1.2412014285594233
12526,0.13795953142460401
12527,0.20959156844374405
12528,1.131308678663561
12529,0.29837620870992704
12530,1.3036966392809788
12531,0.9768368349976214
12532,1.7706023051984467
12533,0.5433960872881841
12534,1.1524341631090471
12535,1.3195479466111821
12536,1.3676301447311512
12537,0.8878285411687126
12538,1.4436503136797503
12539,2.263914628331428
12540,2.134875067755245
12541,1.0575501533795695
12542,0.8137716590607917
12543,2.072765683945833
12544,1.9214104172206405
12545,1.398357335721049
12546,0.1575307561809294
12547,1.8950736058953954
12548,0.16027946876940224
12549,0.6337946510931836
12550,1.0252932309199894
12551,0.2876448241821787
12552,0.30682355826083657
12553,1.2793696032097808
12554,0.5069105395665237
12555,0.4218084896364371
12556,0.9039548872533784
12557,0.43688670793031414
12558,0.4838153104304892
12559,0.9660618385618319
12560,2.058592748462145
12561,1.9030106551168642
12562,0.3153197258660769
12563,0.22745958945442513
12564,1.6389436828917339
12565,0.97800501220949
12566,1.8482888896777976
12567,0.8011347236292145
12568,2.259988495529945
12569,1.4640534809654497
12570,1.1526378591347741
12571,1.9130839624900644
12572,1.006871524190365
12573,2.4538647445547177
12574,0.6232821317052211
12575,0.6432344474183215
12576,0.3950041111630582
12577,0.9365001802304666
12578,0.6516868443101365
12579,1.9348407828758187
12580,0.5045227094866369
12581,1.617072883301519
12582,0.0861796387150519
12583,-0.05503683157855856
12584,0.3834038412400679
12585,2.3522320019420073
12586,1.4451543436128351
12587,1.3477134033984264
12588,0.24351088206648486
12589,-0.06374260682378
12590,1.619179888139386
12591,1.0949802670210378
12592,1.133663414148519
12593,2.1158534015638004
12594,1.6170344310875329
12595,0.3060051624844218
12596,0.7075861276823459
12597,1.7587028203616069
12598,0.9856138047860055
12599,-0.3221613702411972
12600,1.722431295046579
12601,1.7105798045496068
12602,0.15013741998190483
12603,0.2245691421585982
12604,1.2055600319090274
12605,1.3000352709260814
12606,0.0225943465931706
12607,1.432986380836066
12608,1.3309435218997132
12609,0.7945595958488294
12610,1.2850873240046436
12611,0.36487001906643296
12612,1.295524231966539
12613,0.3420784993161768
12614,1.1380049871553346
12615,1.3013802584322072
12616,0.885340224450434
12617,0.9034245831570795
12618,1.809961469680294
12619,0.15174920697179717
12620,1.3900888449138542
12621,0.9352792366532756
12622,0.361749599870987
12623,1.8893735684258712
12624,-0.05438377634062365
12625,0.5836086399211422
12626,0.38909644513250946
12627,0.23561241662865545
12628,1.213689809059323
12629,0.8645133195414083
12630,1.7356245342188588
12631,0.41801447681408294
12632,0.8294124241433045
12633,1.0404358234458484
12634,2.1829711570083314
12635,0.7510317806863154
12636,0.08822422510255727
12637,0.4696761362521556
12638,0.5491949667784317
12639,1.3114746040855831
12640,0.9268699675662647
12641,1.5394304406894446
12642,1.9369525053973875
12643,1.7638027350821932
12644,0.22222694000729273
12645,0.6587978514400374
12646,0.5105712367955251
12647,1.8420721682473813
12648,2.0830099980160126
12649,0.08648499473905255
12650,1.1145077413527213
12651,1.6583735985500927
12652,0.8562873373973732
12653,0.7631669470928257
12654,0.41337403863418126
12655,0.35577142610419876
12656,2.5899426072738727
12657,-0.2891375177972758
12658,0.5218808547185485
12659,0.6003023368154938
12660,1.3939618127672422
12661,0.1739861569064797
12662,0.6549644263913623
12663,1.1403390240108413
12664,1.3733327349964701
12665,1.2007039281969696
12666,1.1053367263627414
12667,0.21107384731868148
12668,0.21116347580603292
12669,1.6901214869696024
12670,0.3388818567702876
12671,1.6711753148795991
12672,-0.5503760137929138
12673,1.741661477736598
12674,1.695012593658487
12675,0.1378337969258288
12676,1.6654890966344809
12677,2.229530986294395
12678,1.2540202259444646
12679,1.2681919346202108
12680,1.5285023989053155
12681,1.247685048886538
12682,1.4397912691083226
12683,0.14205807682254395
12684,1.1459360285898383
12685,0.7912733732091084
12686,2.0291070493088927
12687,0.705976292586709
12688,1.8566458270737756
12689,0.874104135225811
12690,1.3141047056130473
12691,1.467570043987423
12692,1.0650265846352542
12693,0.6251245650611096
12694,1.4586529013858334
12695,2.2959375861797913
12696,-0.05788218754936525
12697,1.8351784554139237
12698,1.5745744664192656
12699,1.0594987859780638
12700,0.8168626739514184
12701,-0.14609940959912165
12702,1.653966871698567
12703,0.730030374951459
12704,0.5844085975457304
12705,0.23703211009719374
12706,3.055037667567884
12707,-0.14476145681370242
12708,1.6729163942313432
12709,1.1453430660154869
12710,0.9361507002621593
12711,0.7987159199007006
12712,0.867766324138741
12713,-0.16275176132159866
12714,0.3381928073051714
12715,1.0698613043776488
12716,1.2554823785731675
12717,0.6783040469276416
12718,1.965872223133612
12719,1.7533044513582787
12720,-0.05572548922941386
12721,1.143037268148452
12722,0.06684603540949506
12723,0.7599204541647467
12724,0.8485986248281442
12725,0.07694512961055926
12726,0.8674139027666847
12727,0.868116198816312
12728,0.3604331996261671
12729,0.6529328622959969
12730,0.12455260094305158
12731,1.2830751500619664
12732,0.30006657258988606
12733,0.7529205809857225
12734,-0.07996518127101664
12735,1.2807298785075552
12736,0.9291008110506158
12737,0.9612433226219324
12738,1.326802667607446
12739,1.8783474354685543
12740,1.0750729488735793
12741,1.8346644634999265
12742,1.2829312425867985
12743,1.139637241964834
12744,-0.11927668958327986
12745,1.9194392109705174
12746,-0.19111662192349477
12747,0.9626993516651909
12748,0.2228686786617947
12749,0.5538957791799625
12750,1.0050324803786848
12751,-0.07078624146658849
12752,0.7616776835656243
12753,1.4171633704495123
12754,1.0918105662035802
12755,1.1556032992707257
12756,0.3336551876156215
12757,0.37693943046050643
12758,0.5907407442750631
12759,1.542874804801706
12760,-0.006201957222968235
12761,1.791811200956228
12762,0.3011876636558818
12763,1.1737081851947402
12764,1.0677102822805606
12765,1.8133836883784178
12766,1.8008865269029395
12767,0.8735857164180862
12768,0.1139620424462223
12769,0.3975854900310315
12770,0.5509579793014628
12771,0.6670488753592961
12772,-0.04976400587668628
12773,0.5367527111141837
12774,0.8462350782753644
12775,0.7781213524698314
12776,0.9439117754263492
12777,0.30339291592933065
12778,0.4753632236242058
12779,2.005093490630928
12780,0.9713243829874934
12781,1.0428170451054455
12782,0.5571714746265919
12783,1.225281240569704
12784,2.1886385350721405
12785,1.4490496096723393
12786,1.0876390054739282
12787,0.645119949172842
12788,1.764391323889038
12789,1.161287437785297
12790,2.170709788030975
12791,0.4369928425916703
12792,1.4346315214981464
12793,-0.17470198438620296
12794,1.842230656920077
12795,1.8963758822497776
12796,0.6705823421813505
12797,0.8856172289656399
12798,0.4592090529609112
12799,1.4058723099554753
12800,2.3912819928172517
12801,1.1427838090330977
12802,0.3557557088083131
12803,0.5678351472742671
12804,1.9460033881061396
12805,1.5723956662296037
12806,0.732461349951897
12807,0.08470084619468751
12808,0.7902161098914458
12809,2.013041755002177
12810,0.2902307148726872
12811,0.30650549556347195
12812,0.17771157225783032
12813,0.7640904991458307
12814,-0.3954270770687967
12815,0.6989248595005777
12816,1.2032058002742658
12817,1.4376369316653965
12818,1.2746263832800449
12819,0.5277234115663654
12820,0.5169651380082755
12821,0.8305781305661009
12822,1.5177531141955356
12823,1.0484351678751191
12824,1.1824091575161924
12825,0.4679826237930679
12826,0.2736478187097435
12827,0.0553564232694164
12828,-0.046291312385768175
12829,0.22875911866698628
12830,1.2056851567148834
12831,0.9780532734557211
12832,1.2573781481727528
12833,2.2764129071296737
12834,2.141268543204743
12835,1.1971649944517446
12836,1.2417537207700506
12837,1.3533553992595977
12838,1.493975690486914
12839,1.7971545643321836
12840,1.7313231520223733
12841,1.4946965397190841
12842,1.343851309642093
12843,1.7524703099141832
12844,1.67862579622269
12845,0.02686566044800022
12846,0.32100791181653326
12847,1.7323033776149364
12848,1.3902382982638888
12849,1.5517132514883403
12850,0.11925349717190788
12851,-0.04736995140126404
12852,1.1416753882216273
12853,1.5700908678412382
12854,-0.07371196616044431
12855,0.9214269057725721
12856,0.20836699335157288
12857,2.03822786521661
12858,1.7839507137187236
12859,1.2728579766294366
12860,1.1055639065396259
12861,1.0987434697419203
12862,1.8649809544693636
12863,1.8609626998993738
12864,-0.031974248559671396
12865,0.16078365859154706
12866,1.2274976779818354
12867,1.5219838571542477
12868,0.8999240773550801
12869,1.1017325837495056
12870,0.9662293664911373
12871,0.7486552742190087
12872,0.9499001860866181
12873,1.051408491987975
12874,0.5523739946951859
12875,1.5773656091102073
12876,0.7589898811028324
12877,1.6007077299924013
12878,1.4983759688642977
12879,0.06488355290324915
12880,0.29608344104053225
12881,1.5321519335051033
12882,0.8497168993978385
12883,0.317685905044507
12884,1.6215739552008641
12885,0.99224690552577
12886,1.418893220719896
12887,2.2671300897533895
12888,-0.1007373209563504
12889,1.12721187941443
12890,0.7228414273878968
12891,0.21205332405979557
12892,1.6511454208209089
12893,2.304516102895504
12894,-0.1053629438766073
12895,1.7464380936024897
12896,1.1217205774608585
12897,0.3778948840069952
12898,1.4557695771458696
12899,2.0934232674763007
12900,-0.07686394891418619
12901,1.4154354017799582
12902,0.5415712651491096
12903,0.9793602219752667
12904,1.3854079525709235
12905,0.25230893885837113
12906,1.5790736512939711
12907,1.8458427842566645
12908,0.9765807471768078
12909,2.929355037073553
12910,0.2731778493366065
12911,1.2939524247112244
12912,-0.15354813603344192
12913,1.7691827283832573
12914,1.8764229452594727
12915,1.059569452266599
12916,0.5048960893263743
12917,0.730727800447762
12918,1.187385963322244
12919,0.15482061511441358
12920,0.43476783242485245
12921,1.8461171540895036
12922,1.9726389759110854
12923,0.9875912706109211
12924,0.9927514479465793
12925,2.1610226153453898
12926,1.9784571937552013
12927,0.0723889822728829
12928,1.792304662522965
12929,1.935178012888565
12930,2.417761799466872
12931,2.4495456629306043
12932,1.8544032144812252
12933,0.25944795531236153
12934,1.6916877605511993
12935,1.926671522427677
12936,0.4720000702572678
12937,1.3613490274999038
12938,1.6539830426630044
12939,1.2859005777697436
12940,1.3223251623636672
12941,0.656704851694222
12942,1.9034620520626575
12943,0.9670450410389093
12944,1.2783375385088058
12945,1.8341506398300684
12946,-0.150545631738611
12947,1.831134143856275
12948,0.2714655760835393
12949,1.6338561394192592
12950,0.335375937485314
12951,-0.17068780661971208
12952,1.789361660554456
12953,0.5698037086935492
12954,1.1383773043674923
12955,0.5838146023563403
12956,1.7308567096446896
12957,1.9657753364306976
12958,0.56069617227043
12959,0.39355647638922364
12960,0.8971006833441704
12961,1.7302880412116497
12962,2.6587915914095817
12963,1.9951147773416738
12964,0.6234178170699849
12965,1.2262581872128273
12966,0.8460863106738613
12967,1.907731038682235
12968,0.6010961052042954
12969,1.4034198912670486
12970,0.5205761302173677
12971,-0.07701957133019033
12972,1.857762566971809
12973,0.4532206713189456
12974,1.0224043715597306
12975,-0.0515339707544018
12976,0.33929944176779747
12977,1.1221775741328608
12978,0.5535081737452471
12979,0.29436309145638695
12980,0.614345955264074
12981,-0.13434579098622007
12982,1.5445953146937974
12983,0.41464710267716903
12984,0.2838383342738676
12985,1.6596114534862965
12986,1.7634279283301315
12987,1.738827130986246
12988,1.9726848291716899
12989,-0.6524915793554782
12990,1.3597023717572403
12991,1.1254848512162436
12992,1.889077700563579
12993,0.9505805268883863
12994,0.08677400611569366
12995,0.6245127453726989
12996,1.8724294157948407
12997,0.9171193765848822
12998,1.6679235521573914
12999,1.2803694255833584
13000,1.2593469130384614
13001,2.0966881542184854
13002,1.1806600920898922
13003,-0.11661787782210481
13004,0.39786647514353546
13005,0.18701913232255135
13006,0.37669584979506704
13007,1.6285216031100216
13008,1.8613900966483587
13009,0.24449920274303205
13010,0.9331356950952159
13011,0.011428481278357095
13012,1.921905289880362
13013,0.1311150881279758
13014,-0.2130748237800839
13015,0.8209965647052428
13016,2.020879675789651
13017,1.3233574363820104
13018,1.3732685465623782
13019,0.5116264141086835
13020,0.915445617886891
13021,0.9740513752964755
13022,1.0655854534239682
13023,0.46583055458639316
13024,0.3976456727530716
13025,0.2497969372198703
13026,0.39574937648896147
13027,0.9453962201151112
13028,1.056834338922635
13029,1.7562285002069196
13030,2.174385021507873
13031,1.1445048458084692
13032,1.9564455215008634
13033,1.2675734544869073
13034,0.44153094225189854
13035,1.3031974241215236
13036,0.009859463854244327
13037,1.0516546726265832
13038,1.273249549925766
13039,0.4305147277856963
13040,1.7748736184285971
13041,0.8374845511674238
13042,0.6016091966169002
13043,1.6791492581090979
13044,1.2658161723541008
13045,0.47183986319911053
13046,0.32865120638254763
13047,0.13857718270662606
13048,1.7650815686124675
13049,-0.023862147321568605
13050,-0.2685488220063293
13051,0.27305821049467194
13052,0.052647002381708996
13053,0.6033748879285674
13054,1.6817432695895387
13055,0.296242906652898
13056,2.031995697381903
13057,0.6046531970123397
13058,0.17646376599616825
13059,0.7094563768944224
13060,1.964826095506148
13061,0.24504705890732226
13062,1.0659586309824873
13063,0.5182996958259612
13064,1.4180136634317535
13065,0.9639106922063952
13066,1.2181809379957516
13067,-0.05617078259854144
13068,-0.10633961240635947
13069,1.238735444815305
13070,1.4783854104849639
13071,1.5025315733609346
13072,0.8782355777538986
13073,0.22494551573757732
13074,0.4254816304950514
13075,1.3780962808881907
13076,0.04176212953148982
13077,-0.138855786292927
13078,1.9391489905436494
13079,0.7830535423438065
13080,2.1215882200994147
13081,1.103258249871548
13082,-0.15156391104171674
13083,1.047208739193933
13084,1.4802276710277695
13085,1.280797840842803
13086,0.9644141674114264
13087,0.1869675006586224
13088,-0.061449991186902975
13089,1.0247202531822923
13090,0.7870939263040826
13091,0.0189276319177717
13092,0.9192511909846913
13093,1.4655370339395528
13094,0.1946811698259225
13095,2.2372352626059793
13096,0.3384881550488544
13097,1.057431219374663
13098,1.9534820387965859
13099,0.9477403502891866
13100,1.0849267697950753
13101,1.352085113977688
13102,0.11436550266293175
13103,-0.3442486419641212
13104,1.1367539559847581
13105,-0.347222281370843
13106,2.5187088085615446
13107,0.44301095556655234
13108,1.1162225384246671
13109,1.1059029787316759
13110,1.9117839426778556
13111,0.6379194578307235
13112,0.10693429744184416
13113,0.09945066874277068
13114,0.15490046994458206
13115,1.3981186514257484
13116,1.943823071753485
13117,0.26448720372778123
13118,0.27721819046798846
13119,1.3372228323572535
13120,0.5809427402397322
13121,2.1003218153277565
13122,0.8000143822581853
13123,0.4804808049510669
13124,0.011215230067806073
13125,0.5675246244587017
13126,1.6412902965018341
13127,0.9780984164766664
13128,1.0593995955269162
13129,1.9054274100603332
13130,1.1364305888214132
13131,0.526373943640874
13132,1.1466826768890606
13133,1.044105850625631
13134,1.175364424462709
13135,1.2347093181347903
13136,1.4240097195046357
13137,1.011390688480258
13138,1.5586870454470991
13139,0.7103075190427912
13140,1.6566723511503574
13141,0.8724601009543995
13142,-0.20792483530610245
13143,0.3771697835271887
13144,0.5426379578879159
13145,1.5516435463335674
13146,0.725839849560028
13147,1.3200153682871145
13148,0.7673740262264918
13149,0.2623489303595726
13150,1.400053121097664
13151,1.7902659816024273
13152,1.4258521194034497
13153,0.31552725487216005
13154,0.691881912186787
13155,1.8777890945717732
13156,1.5061918140212782
13157,0.7505658549342726
13158,-0.0570598235530793
13159,1.2190362765740521
13160,0.9515915956401951
13161,-0.0014152170461619457
13162,0.6882378429751009
13163,1.1059713922971908
13164,1.0524058507791763
13165,0.5812112993855438
13166,0.1485932598109494
13167,1.9816678256912068
13168,0.9474582183654137
13169,1.1798366472279476
13170,1.6500076756102733
13171,1.9900019050037407
13172,1.3225862890913964
13173,0.4285882763181138
13174,1.0894495095562982
13175,0.8001409972116851
13176,2.3334501603923825
13177,0.7434309627431352
13178,-0.15174530013048004
13179,1.3634253952882438
13180,2.5881195260446637
13181,1.791434603769146
13182,0.7139724953203467
13183,1.9173669234647137
13184,0.9439228586969021
13185,0.17567558481094595
13186,1.6773207153622574
13187,0.3332723509440038
13188,1.5331904550518123
13189,0.4617524180576492
13190,0.8754974507431221
13191,0.02496852153535563
13192,1.557102186209349
13193,0.21985290604337027
13194,1.2281103363331776
13195,1.003633076242219
13196,0.5187243219792912
13197,0.9802304961980044
13198,2.160750461766674
13199,0.6951685609865148
13200,2.0151282802696384
13201,2.415267400244833
13202,1.232400337738151
13203,1.7979270819773299
13204,0.07433837130473635
13205,0.5907111845727739
13206,1.0153348271073666
13207,2.2384342514216873
13208,0.3934658087338313
13209,2.0610427044561104
13210,0.7022998452810549
13211,0.42027746413728606
13212,1.9507413866325836
13213,2.100461532407771
13214,1.0083656049786371
13215,0.08154943893968776
13216,0.8843911819656076
13217,0.8959332137003585
13218,-0.052052107074683135
13219,1.4755077384467719
13220,1.1802082377691112
13221,0.3781774551589059
13222,0.3812033496662458
13223,1.9553116931603403
13224,1.561270586847245
13225,0.4668133334205905
13226,0.2930969604526156
13227,0.550944065858207
13228,0.9982084901231743
13229,0.5701346637788298
13230,0.25231249928786414
13231,1.327494643181109
13232,2.17109379157462
13233,0.8452584526557411
13234,0.6261769030290265
13235,1.0024177057479617
13236,0.6089660963792746
13237,0.8369992516011012
13238,0.5875113293176069
13239,0.979539500891359
13240,1.4016908255314433
13241,0.5244218752212486
13242,0.1751377835078216
13243,1.1370623204836388
13244,0.7938878888201168
13245,1.2315646745593678
13246,1.2879318172799739
13247,1.1195535003986943
13248,0.9650597574018245
13249,0.31566888565817586
13250,1.369780618202015
13251,1.53358290258194
13252,0.15539957526341802
13253,0.9232935490770688
13254,2.114357885056441
13255,1.0948062114036439
13256,2.2049951815298794
13257,0.8045263619023674
13258,-0.044101797254064184
13259,0.37384697575474185
13260,0.07043356548432778
13261,-0.18889926836891457
13262,0.19685939269499003
13263,0.6723418529158791
13264,1.3253355787852592
13265,1.7171896447597002
13266,0.3977866173728345
13267,1.4585062743154413
13268,0.5616818196368373
13269,0.9179554895332889
13270,1.9500328020205149
13271,0.8294178964518774
13272,1.8571638387436908
13273,-0.11020344904433696
13274,1.8770171150351145
13275,0.8563390979272039
13276,0.3845387981068126
13277,0.4929321904465897
13278,1.538726707436723
13279,1.718383100699627
13280,0.00011825500943776768
13281,1.0246089278776038
13282,0.5500682670678518
13283,2.145838025467897
13284,0.4217317983370024
13285,1.1240859440801307
13286,1.8531697446984174
13287,1.0224751317151564
13288,0.4118909771717128
13289,1.3837509696031192
13290,0.5499279529535842
13291,0.9106398219179118
13292,0.2122800994467696
13293,-0.5776256125437991
13294,0.26365329533356163
13295,2.5208221748483335
13296,0.43643240451441523
13297,1.8212609617989182
13298,1.8640025368332251
13299,0.6926701852460058
13300,1.5421590335383282
13301,1.7844995492969027
13302,1.9408839873541854
13303,1.6251011499158254
13304,0.6847835428562022
13305,0.1007994558274428
13306,0.41348440344975146
13307,1.1177436639033929
13308,1.268337767188996
13309,0.32282872618104347
13310,0.7943169554887947
13311,0.4012257745059802
13312,0.2044625327047902
13313,2.410951878351385
13314,1.1482997088617246
13315,1.2915818089145303
13316,1.3949170829359956
13317,0.2688774590205856
13318,0.49418175968814504
13319,0.1381422023555173
13320,1.9008320909770413
13321,0.8088535450286575
13322,1.367109408588781
13323,1.8088700117183198
13324,0.9664688777233199
13325,0.32846881044170345
13326,1.0048267609239385
13327,1.3246482890358902
13328,-0.08302722536925547
13329,0.811101703289514
13330,0.9676834755489363
13331,0.35466829931025934
13332,1.1115308683278944
13333,0.9128877966819402
13334,1.32075656069026
13335,1.1457124399549636
13336,0.4229651681344349
13337,1.3019669202940616
13338,1.1454121676772417
13339,0.8835474927016922
13340,0.34975795093175355
13341,0.10461317702934225
13342,1.0312867327169972
13343,1.3979390383335588
13344,2.3481643699985995
13345,1.311157698572758
13346,0.26101287274171137
13347,0.2732577453859977
13348,-0.1142854910403415
13349,0.3703154158265767
13350,1.0220100415772437
13351,0.9150623463390448
13352,0.9452605793505752
13353,1.6264865870034182
13354,1.2310369409470008
13355,1.89071565614952
13356,1.3460623316372662
13357,-0.049379337463210694
13358,0.1881873158527835
13359,1.251711313628068
13360,1.3224527094920702
13361,0.5644188219470649
13362,1.027139146746003
13363,0.9895994988369752
13364,0.40283482822757505
13365,0.24694753814791637
13366,1.5189615892355062
13367,1.0554829653603415
13368,0.4557638649918373
13369,0.767828117221258
13370,1.8967373382821568
13371,0.5859683504510517
13372,1.084917558095001
13373,0.23825135955460625
13374,1.6568213715900675
13375,0.8002994097434204
13376,0.4587746950421247
13377,0.6396812240872913
13378,0.4356909999599001
13379,1.57293738706714
13380,0.5329545453183491
13381,0.94682080953211
13382,0.14352930710301545
13383,0.13150536951856617
13384,1.9692790292510356
13385,0.6094270915754403
13386,1.5218810753350351
13387,0.3840797752455656
13388,0.987169255806813
13389,0.198291293217427
13390,0.7311008970939706
13391,1.026390926641401
13392,0.381508523447905
13393,1.0403364812705147
13394,1.459988821974659
13395,0.8244586552959418
13396,2.311749893624961
13397,1.9161736569690793
13398,1.0768404381660932
13399,1.5491505552676794
13400,2.0696021484076828
13401,1.3378386788523986
13402,0.8883054950894621
13403,0.971489642177435
13404,1.5085216316957282
13405,1.2419549919165118
13406,0.9855261482165715
13407,1.2091643669476237
13408,-0.0950941478881343
13409,1.0535593501042957
13410,0.9736362730632877
13411,1.3021519293677832
13412,0.8814436440602533
13413,0.8320209166505903
13414,1.7600414478163653
13415,2.0397756548535932
13416,0.8471799458903941
13417,0.8488348416164313
13418,0.9939720726544892
13419,0.5954909674490501
13420,0.7939690754529609
13421,1.8764892466053154
13422,1.8939934766779627
13423,2.026603142406638
13424,0.9120479181891368
13425,0.851176732023015
13426,0.6389648257041023
13427,0.25856217462235387
13428,0.4488790101509727
13429,1.0571147211327334
13430,-0.4009074161841118
13431,0.5099521802653537
13432,1.780876238426305
13433,0.22548064182238653
13434,1.5522143849738117
13435,-0.5487720138767604
13436,1.4900084887589087
13437,0.5889580744693375
13438,1.8794618030691381
13439,1.6224202888956514
13440,0.7944403583850255
13441,0.8592123272958843
13442,0.4709698222905999
13443,0.354985609385455
13444,2.0071695417467046
13445,0.9982207072302993
13446,2.1993879756184542
13447,1.002451051585508
13448,0.9282877282362838
13449,0.3890500974728004
13450,-0.0882626779780612
13451,1.2479077758506936
13452,0.5885535418138832
13453,1.5460522460201036
13454,1.5127554992757621
13455,1.419271669826676
13456,1.5196550110169722
13457,1.4974855793844122
13458,2.3769247216601626
13459,0.8299140758588603
13460,2.1651799483450986
13461,1.7108227491340722
13462,1.9736862943967926
13463,1.4765896378429921
13464,0.30476981449653073
13465,1.1923340947526793
13466,1.7360776937398217
13467,1.099758799121607
13468,0.4258508190944915
13469,-0.30405493200388234
13470,1.1114081970188783
13471,1.007597601970569
13472,1.7768341711173017
13473,1.750145452613399
13474,0.5727209707579122
13475,1.295187369011522
13476,0.2343669497282845
13477,0.7553662488357384
13478,1.7360724838327029
13479,1.8595747947225245
13480,0.6891316151553448
13481,0.2999925866249822
13482,0.6682166201884926
13483,2.332844178092278
13484,1.0908259674023928
13485,1.6791271652588258
13486,2.1637106712638277
13487,1.0266899752023102
13488,0.6205647375671377
13489,1.8860734747353292
13490,1.0829079323843416
13491,0.11506167418613447
13492,1.1229709031507829
13493,0.7797310997756621
13494,1.3051495374512898
13495,0.694691649935007
13496,1.1954869231815601
13497,1.2098130138596064
13498,0.13678233953959526
13499,0.797763533075745
13500,1.9023498610313694
13501,1.559198235274096
13502,0.583616188328999
13503,1.094500120612676
13504,0.7823425168358631
13505,1.4507769799324888
13506,1.65264552806743
13507,0.09082896611401535
13508,0.9929922529830573
13509,2.0232065602030236
13510,0.23018010284827892
13511,0.9897123643877197
13512,0.37966829840863314
13513,-0.03639722746154985
13514,0.5967287700470454
13515,0.27246981282823923
13516,0.7852624635371726
13517,-0.25393440120776106
13518,1.057405438273522
13519,1.1386803311401652
13520,0.9133952414847313
13521,0.400440959691318
13522,0.93886926883183
13523,1.3198118330315354
13524,1.4027022881863898
13525,0.9252105981061844
13526,2.157819014163576
13527,0.5528069065871564
13528,2.0348409497380664
13529,0.4959673116725114
13530,1.7409491599729414
13531,1.1744422827280632
13532,0.06905418520933257
13533,0.9483043506826287
13534,0.14450510812061848
13535,1.8793692305535714
13536,1.5955426873410667
13537,1.053299777012674
13538,1.6192008044755464
13539,1.0771994992923752
13540,0.870521808146229
13541,0.653456680259225
13542,1.3041184625959434
13543,1.0734729162871512
13544,0.4633901276274314
13545,0.4703742207782135
13546,1.4132327068179058
13547,0.003113414162569904
13548,1.5155977920882784
13549,2.0354046113276127
13550,1.1788478069485573
13551,0.1858063767136907
13552,1.970281541060031
13553,1.8870219390380751
13554,0.3099531355064262
13555,0.04795727730484864
13556,0.06575901214369147
13557,1.2084660019430413
13558,0.5392195752774132
13559,1.2409596631432045
13560,1.0604897089348524
13561,1.1884195908938655
13562,0.03736047100468355
13563,1.183410809892905
13564,1.339846650132568
13565,0.92954658053819
13566,0.352843822665116
13567,1.193101960303614
13568,0.5541871739051878
13569,1.3508180794063183
13570,0.44265403491297955
13571,0.7235474546987986
13572,0.3911520313062355
13573,0.28235119439325596
13574,0.12363426531439363
13575,0.3250802364119554
13576,0.47602402944350186
13577,0.831173481433322
13578,1.110166285549468
13579,1.9038890763094962
13580,1.4136623326270163
13581,1.5640402785440353
13582,0.7804161441788717
13583,0.8648099323035097
13584,1.1358513186599406
13585,0.32068928913544736
13586,2.386686628766225
13587,0.554301097953771
13588,0.3103373281801406
13589,1.7358195296593577
13590,2.2014706459651725
13591,-0.11050590466317764
13592,-0.006879489069538919
13593,0.9427040687093935
13594,-0.16090007579249077
13595,0.7963712124877604
13596,2.371080661491919
13597,1.0053449892202584
13598,1.250657261813053
13599,2.300822530576274
13600,1.4809134133115425
13601,0.27198791165183117
13602,0.7280055961252356
13603,-0.24729661673081565
13604,1.8453967909022746
13605,0.04338017690500609
13606,1.5198025331160157
13607,0.21207675616204047
13608,0.4063964544338811
13609,1.7598774801362538
13610,1.5132973776316831
13611,1.8749106698889364
13612,0.8157602420419106
13613,1.601331097222102
13614,-0.09116878660310956
13615,2.0692030877744734
13616,0.1864606480798027
13617,1.1852930247214024
13618,1.813561885531582
13619,2.0226581063835054
13620,1.3843081154606776
13621,1.00487221662191
13622,1.1774485782841861
13623,2.2123445591475956
13624,1.5240197106314564
13625,1.888709755623207
13626,1.242596710963332
13627,1.6035851010007922
13628,1.6840653883328922
13629,1.057975354812936
13630,0.23532462099757243
13631,2.0319174068463624
13632,-0.18634533012804622
13633,1.8129303605437137
13634,1.0588789511523087
13635,1.0670493074296368
13636,0.10722212396680392
13637,0.7458700599241903
13638,1.406701435725078
13639,0.04956977125106578
13640,0.7535394226636442
13641,1.2098189402073816
13642,1.5126695634398009
13643,1.3262397204397938
13644,1.5006050266068363
13645,2.077287237644152
13646,0.6303469289671981
13647,1.6051464589449185
13648,0.3459877674191052
13649,-0.31855096810563527
13650,1.0763963337443463
13651,1.2013866451728636
13652,1.4771573357918821
13653,0.09204775504136618
13654,0.4698850166321158
13655,0.8199970594997591
13656,1.3152809731132173
13657,0.613819217048861
13658,2.9287480673156003
13659,0.3806549711844458
13660,0.34714068175275636
13661,0.08196334156142146
13662,0.5581612931607924
13663,-0.08308332647225794
13664,1.8397362441190959
13665,1.1527165726987234
13666,-0.10605701236156748
13667,0.9007310846129359
13668,1.2026542349419767
13669,0.38156625174226416
13670,0.8804929882302897
13671,0.4673442737502407
13672,1.7603007485837072
13673,2.08841417516498
13674,1.2694076428585683
13675,1.0105547916024953
13676,0.7974558675309524
13677,-0.620782475427941
13678,0.8879805062882522
13679,1.0105852231854708
13680,0.3188376832686777
13681,0.09268979521845114
13682,1.6940425232436578
13683,0.8642632735390604
13684,2.062005217682145
13685,0.40514775963960514
13686,2.4089186860174476
13687,1.8280439692836268
13688,1.957809910527668
13689,1.6114080120900327
13690,0.45054417421424925
13691,0.5835428699207318
13692,-0.09101431942337601
13693,1.6797528412062852
13694,2.0672521847656413
13695,0.7217786817698748
13696,0.3658371833768072
13697,1.5572963117915557
13698,2.1238709330929777
13699,0.3025275007204934
13700,1.23341877883158
13701,1.1840244140269098
13702,0.007319491786256724
13703,0.04605225004584646
13704,0.9264500254925387
13705,-0.1587900647982283
13706,0.9591010999861436
13707,0.04664288093201274
13708,1.903526417776064
13709,1.9088317372345776
13710,1.167228620413037
13711,1.2822789904332959
13712,0.5169466410139504
13713,0.4562768268427802
13714,1.2635930409536162
13715,1.1115970140754308
13716,0.8212050000116777
13717,0.33171166255103895
13718,1.967531583474215
13719,0.27635816242812533
13720,0.18053971958156795
13721,2.1008348747999173
13722,1.0700435138106954
13723,1.3092569878673512
13724,1.1778119790633759
13725,1.6843111686232644
13726,0.3001603415166971
13727,0.8926689484947954
13728,0.8934981286005357
13729,2.247141856325502
13730,0.43206730991109205
13731,1.5545154905956724
13732,1.7140747588999063
13733,1.130087696515932
13734,2.201304805173197
13735,-0.15805357635065193
13736,1.3937305477452995
13737,0.9573050124273002
13738,1.9744090563256953
13739,0.7066472281044027
13740,1.5898784648395488
13741,-0.05581192327791172
13742,0.32824769776935464
13743,1.6344989427606316
13744,1.452380206724542
13745,0.8497236257683687
13746,1.8356533240883552
13747,1.397503287710688
13748,0.6566495027400596
13749,0.22720277493773156
13750,0.9239028491773873
13751,1.2438901727020653
13752,-0.07475853728051199
13753,1.0692586519516338
13754,0.8820602201531049
13755,0.3310563509705891
13756,1.7021421344289034
13757,1.2787918226757726
13758,2.0351412883114506
13759,0.7134643331248827
13760,-0.10711193454802798
13761,0.3610933701110099
13762,0.9826018301502704
13763,0.40598983519711507
13764,0.3632146059402278
13765,0.7770990256515796
13766,1.6483270771562029
13767,1.2331740922027743
13768,1.1320575944814264
13769,0.8784141682096208
13770,1.4091266253253467
13771,1.0438926664904093
13772,1.009698863372464
13773,1.6568015216426955
13774,1.3174598283238657
13775,1.5146268372184464
13776,-0.05211924966670209
13777,-0.02450459190299252
13778,0.6955250473654917
13779,0.7067483868725908
13780,0.014102448052491681
13781,1.1962396958123596
13782,1.6064451969170612
13783,0.7586696795480155
13784,0.31954861735110035
13785,1.994749007726763
13786,1.061406499285308
13787,0.7799929283519615
13788,0.6730783199545471
13789,1.8118534770539894
13790,0.4510032554512513
13791,0.32288375542906644
13792,1.5856903667683337
13793,0.6027823570053794
13794,1.7055417404469975
13795,1.7464536836303244
13796,2.010410426926199
13797,2.330345732549626
13798,0.8656556063340671
13799,-0.14128276022263586
13800,1.7002002454240774
13801,1.797579737741839
13802,2.3103934672943733
13803,1.279645879674088
13804,-0.16464836082107856
13805,0.041655498781121784
13806,1.521774739589005
13807,2.177357105326786
13808,1.0878483640697467
13809,1.189847205394601
13810,1.3030022566461235
13811,1.8254338323977364
13812,-0.0740380151307155
13813,0.42337871972648244
13814,0.7538302569335589
13815,2.1196634908608476
13816,1.5067339095088759
13817,0.038252789963056394
13818,0.9307528346845328
13819,-0.08966808063248105
13820,0.4219780968303115
13821,2.1217095813992253
13822,1.7313102514530587
13823,1.9415911582079013
13824,0.5654943059238944
13825,0.8471761330650127
13826,0.7719919799385746
13827,1.4434467572782799
13828,1.3083492348064094
13829,0.855842389728219
13830,1.176556422935087
13831,1.335694464036487
13832,0.7224681087396829
13833,0.5779280221068337
13834,0.7513308747562525
13835,1.3947129776976857
13836,0.7559863636253625
13837,0.4987053376666288
13838,0.4078602420271832
13839,0.7382359132815892
13840,1.7445298742273008
13841,0.4475314948884377
13842,-0.2280446791073463
13843,2.0454661020572114
13844,1.9754157634795606
13845,1.9566549810368512
13846,0.7645169474078333
13847,2.3418539007126724
13848,0.7924204931320818
13849,0.7092832396104775
13850,0.8627377082318202
13851,0.14886417678820862
13852,0.7735321299925104
13853,0.7315926558673063
13854,1.089065880053577
13855,0.9285192911722082
13856,1.5945375586740997
13857,0.9349711664380496
13858,0.8802271021276566
13859,0.1467287806697072
13860,0.359484744347757
13861,0.6424680810338177
13862,0.442260570085253
13863,1.4113719124723603
13864,0.43296662101575123
13865,0.45935398484499446
13866,0.47930863931303735
13867,0.22134008540970623
13868,0.3830074410221166
13869,2.5650705400884966
13870,0.4784575301873781
13871,1.2480060492175582
13872,1.7130338881146845
13873,0.46139970152092147
13874,0.7428338384975146
13875,0.9381111767410282
13876,0.05429381727628825
13877,0.0671429778743003
13878,0.7045608637400325
13879,0.374649977136679
13880,0.4508395635450828
13881,1.1159012690672114
13882,1.381632671042779
13883,1.0456442488614441
13884,1.2035817232058488
13885,0.7357994607020917
13886,1.101413530857247
13887,-0.10584903221708863
13888,1.6626958922446209
13889,2.2191828003317133
13890,1.1052412627189887
13891,1.1205297398284662
13892,1.301158200974784
13893,1.375044141718149
13894,-0.005492834942615918
13895,2.1014448948286497
13896,0.8243514524441415
13897,0.9042425428891824
13898,1.6798118598460972
13899,1.2067982394377685
13900,2.07101944014051
13901,0.2684721676820447
13902,0.9737246843629482
13903,2.4182442766557606
13904,0.36541911494538887
13905,0.6749154203254679
13906,0.8679128031835869
13907,0.5718757381636559
13908,1.898470173729553
13909,-0.08114406387240922
13910,1.2596619857803328
13911,0.42521938107182633
13912,1.1547896832557332
13913,0.27952229836451525
13914,1.1165111826297816
13915,0.05693463567702828
13916,-0.08156729664828624
13917,1.4109422656678448
13918,0.546381007725611
13919,1.1025603549833816
13920,0.5879861580561482
13921,0.6343683809387948
13922,0.14175592106960772
13923,2.2807842782708407
13924,0.8058941223396026
13925,1.7681740245281423
13926,0.7901113150831351
13927,1.5435764777512972
13928,1.1634568966271894
13929,-0.35791990070805857
13930,0.19889890486009085
13931,0.10191111179442454
13932,2.1736945233862253
13933,1.4493747010282103
13934,2.0964544307333086
13935,1.7606983724076044
13936,1.378038512410164
13937,-0.12029677920284332
13938,0.6872167965656751
13939,0.46903432518801447
13940,0.11291892336301519
13941,0.5351885994797658
13942,0.44773828008295175
13943,0.0639905332979359
13944,1.1653154026427612
13945,0.7752849655814562
13946,1.3346089049367336
13947,0.09936799430503467
13948,1.16240567067702
13949,1.3318263870307687
13950,0.5159010658334501
13951,0.2482018139951821
13952,1.2278014283100114
13953,0.8110125343117733
13954,0.8323021671834885
13955,1.7119788248874164
13956,-0.11689355048172884
13957,0.11001378978285833
13958,0.3030363974073046
13959,1.7748815525608563
13960,1.3352550337002576
13961,0.5264559003455668
13962,0.6995094134010751
13963,0.7129537699228359
13964,1.7103671764682995
13965,1.1046188389862952
13966,-0.3480331052478486
13967,0.3385522354738474
13968,0.8004824490947047
13969,1.600727453274405
13970,3.854056717664016
13971,2.0869132520155476
13972,1.2746715363594991
13973,0.061395289800404984
13974,0.6235313164882565
13975,0.8286539468496509
13976,0.17374780247173
13977,1.247560528660434
13978,0.4631782142922692
13979,1.3083637823105985
13980,0.9777443933189112
13981,-0.13405607118282978
13982,1.1631941936263763
13983,-0.10147749038041193
13984,0.34835734623378717
13985,-0.14068032734084823
13986,0.31706466236534553
13987,1.1398899985168152
13988,1.6647821944597454
13989,0.6019545810672005
13990,0.30178745321228156
13991,0.05889612903525576
13992,1.1202296545714372
13993,0.21073514360474385
13994,1.1640251281636924
13995,0.771286634481581
13996,0.33028339498159837
13997,0.396636492519684
13998,0.45879992683350035
13999,0.44237018213233903
14000,0.6160544010222324
14001,0.381542965960261
14002,1.039744546038893
14003,0.9912968132989458
14004,0.85132681137375
14005,0.3256612601260382
14006,1.209253049796461
14007,0.4147659085798687
14008,1.402643351426031
14009,0.9339959783700074
14010,1.9940008412717232
14011,1.7297206346396299
14012,0.7613889291785985
14013,1.8653507975887027
14014,0.5658077150027985
14015,0.74778289973083
14016,0.27810019319523677
14017,1.7794060778544127
14018,1.4821760740932663
14019,0.7780721270657458
14020,0.20610990538572865
14021,0.2487641181391242
14022,0.6534842262982705
14023,1.531085104153068
14024,0.11831174695994398
14025,0.7215428824194526
14026,-0.5490594243428721
14027,1.300809069860397
14028,0.42098362539488454
14029,0.7598853172292999
14030,1.163307461710334
14031,1.29170480661947
14032,1.1526071449863347
14033,1.1209193081915918
14034,0.051465488364630996
14035,0.7086659560935874
14036,1.9677451906806689
14037,1.2164033501139142
14038,0.3237282376022605
14039,0.4199917131404214
14040,1.5489375830827998
14041,0.20620916236245357
14042,1.586354409949633
14043,1.483690261526292
14044,0.3005342063403364
14045,0.764577508894662
14046,1.986566642087731
14047,1.1699649828750844
14048,0.7135565511299552
14049,1.3596318094967457
14050,1.4320982164156393
14051,0.3618498534389841
14052,1.4086130157573098
14053,0.3678627786804072
14054,0.6158245233849355
14055,0.7648476580867204
14056,2.062740185401186
14057,0.5156532711897758
14058,-0.3119858087480458
14059,0.2883772941011175
14060,0.25134307951296364
14061,1.5723373460987147
14062,1.0358282231425446
14063,1.400844954536425
14064,0.9967668649255935
14065,0.7436367236888115
14066,0.28312722754078223
14067,2.008638460554238
14068,1.450640648538719
14069,1.3652751075811753
14070,1.8567804731837785
14071,1.0354853623232187
14072,0.7193867244413867
14073,0.9653070150419298
14074,1.8379918582855197
14075,0.7539277974303927
14076,1.8125787706772287
14077,0.2594256943722681
14078,1.3515103802703199
14079,0.1373980694439026
14080,1.6179667067045933
14081,0.03234877937308844
14082,1.411061213723466
14083,-0.06318301869835882
14084,1.8496537815328484
14085,0.3933897160231255
14086,1.181959462656343
14087,-0.24398650200550442
14088,0.6224537573731563
14089,0.1640048955075274
14090,0.32396636450082955
14091,0.8533783937160013
14092,1.193662236232898
14093,0.15313448426193726
14094,0.06344388661254849
14095,2.013139977863225
14096,2.0011076508586654
14097,0.9376333713009866
14098,1.6537959315959716
14099,0.554807349113082
14100,1.1766392407190742
14101,1.0476972025469757
14102,0.16902083283999314
14103,1.7330082614894058
14104,0.7589010252183752
14105,0.30183045478855963
14106,0.5709961734260143
14107,-0.2151737909078448
14108,1.3109283986566003
14109,0.9286803843733679
14110,0.39779497261488983
14111,1.484915674265005
14112,-0.014578676156032172
14113,0.6105664565297609
14114,0.4460309054489547
14115,1.2070644779364936
14116,1.6862431722773707
14117,1.9355092927539443
14118,1.1000960385936598
14119,2.0170837104980657
14120,0.9668031419280145
14121,0.8278750037456075
14122,2.413652470679522
14123,1.6285467801561242
14124,1.5214676730664844
14125,1.4877335659235813
14126,0.23162384355064225
14127,0.37306817434128814
14128,2.680636933882856
14129,0.06883027969552395
14130,0.40634130517728717
14131,0.7069008581016887
14132,1.291521018855762
14133,1.492083846243017
14134,0.859711692966427
14135,2.0448669878375885
14136,0.8839373282782359
14137,1.9965033667045833
14138,1.3484442184495562
14139,1.2720076995746712
14140,0.8990743601744335
14141,1.5063668617835564
14142,1.935766672611343
14143,-0.1482282641848117
14144,0.5494748724777001
14145,0.5395333301577202
14146,0.20189598010576515
14147,1.9145131708317604
14148,1.7569330012171118
14149,1.2349496615423552
14150,1.369734367658213
14151,1.9599394459658965
14152,1.3838476775664745
14153,0.7488870978629099
14154,1.9649214605856489
14155,1.574445854325027
14156,1.1273762218179562
14157,0.15587169637412843
14158,0.536484325709311
14159,1.9180629559345233
14160,1.6091020714650344
14161,1.0634456709143585
14162,0.951065094658381
14163,1.0696059661499964
14164,1.284732465586853
14165,1.501718829753089
14166,0.22516607747889422
14167,2.025127294907757
14168,0.4614387922965959
14169,2.3983651468453013
14170,0.6290840932662831
14171,1.0852353984484626
14172,0.6858067275723823
14173,1.6313983929999645
14174,0.1198600388398438
14175,1.5575501123392885
14176,0.4764276341754629
14177,1.4918486377706777
14178,0.411891409342803
14179,1.1286574285147908
14180,1.8828984728768767
14181,0.3966453121386526
14182,-0.01662170029293962
14183,1.9776692284402886
14184,1.0818212051368714
14185,0.8490898846096386
14186,1.063409080806932
14187,0.41224250720620714
14188,1.3511706104441359
14189,0.13966662976244298
14190,1.09943452863557
14191,0.6229138834941763
14192,0.360562334075062
14193,1.7695794844855604
14194,0.3803001401192705
14195,0.163867408636488
14196,-0.24140874757542205
14197,0.4724662958074765
14198,-0.2276008938978099
14199,0.523455965718181
14200,1.133020032956145
14201,1.3291394651557522
14202,0.015145034676182584
14203,0.7316628424813236
14204,1.0391928961278845
14205,1.7973608770054013
14206,2.1712437049422704
14207,1.1169443948128936
14208,1.3835923679115194
14209,1.4654308497723867
14210,1.0878674940885322
14211,0.9052207108483334
14212,1.1219780038146814
14213,-0.4295849145928826
14214,1.8942047392634316
14215,0.045562550297869334
14216,0.280373962109718
14217,1.207314560608988
14218,1.0995871587240853
14219,-0.0782422777853818
14220,0.17661713670578127
14221,-0.0233129453018857
14222,1.024981622321427
14223,0.9206080064175101
14224,0.8735358575565613
14225,-0.12477897563135298
14226,0.05151627467859682
14227,1.272441827521367
14228,1.8275535323534997
14229,1.23147027265432
14230,1.704592177855627
14231,0.1953742567272081
14232,0.8140456779487882
14233,1.580265472102297
14234,0.6695744080849272
14235,0.42596466779168174
14236,0.4724552362607541
14237,1.1960362695314088
14238,0.10162957322509583
14239,1.0763581713213426
14240,1.783541787369669
14241,1.5951261976924764
14242,0.8628112528537724
14243,1.1985446856579536
14244,-0.16876525250635485
14245,1.6476538414212776
14246,1.7406106893396236
14247,1.7939931993727396
14248,0.38304266128716824
14249,1.5684857730035737
14250,1.6621822661253263
14251,1.2468720297319997
14252,-0.5332521816875367
14253,1.6829426426104674
14254,1.449369544220639
14255,1.4626479337505562
14256,1.045048298053671
14257,-0.015825219106280985
14258,0.6954981128327954
14259,0.040766623766626695
14260,0.22474379170817693
14261,0.674785774885726
14262,1.9645935684356515
14263,1.793907716443712
14264,1.4938047984609149
14265,1.0969680198323424
14266,2.1380517718718863
14267,0.6453797214999908
14268,0.85315265193741
14269,0.5596935552472094
14270,0.7461342508771678
14271,-0.02214726928262284
14272,0.7178064361176655
14273,1.5467046461703413
14274,1.811851783949916
14275,1.9558908005301867
14276,0.5451590422343631
14277,1.213495888222227
14278,0.7664432780415531
14279,-0.0923603528772787
14280,1.5568755424760874
14281,0.6881567855127889
14282,2.13079511168781
14283,0.9106242494194168
14284,0.5115764100529744
14285,1.6582925466279377
14286,1.3718604283001217
14287,1.1474899969060361
14288,0.7169198043236791
14289,1.8567227357389775
14290,1.3024026352157576
14291,0.8946340552194197
14292,1.2038529003708605
14293,0.305985848428558
14294,2.030107807068639
14295,0.44530511737178835
14296,1.7758829573907238
14297,1.515066375851387
14298,1.3833771346449784
14299,1.021343881322185
14300,1.7796857209477208
14301,1.03529207254595
14302,2.482958806435868
14303,1.127879934068812
14304,0.5894569480556338
14305,1.6794943002220382
14306,1.3930109589730213
14307,0.334631326941879
14308,1.1239332044656782
14309,0.6129080995301612
14310,1.566161073114328
14311,1.0388315849882523
14312,1.2368069631801977
14313,1.0692015541658046
14314,0.8204801922898872
14315,1.0621508349205149
14316,1.1132792858568432
14317,1.9933738161347538
14318,-0.5217608693913505
14319,0.04129622293835215
14320,1.5582632463222912
14321,-0.13143787239100319
14322,1.5464640259920046
14323,1.7859232025239251
14324,0.6281028207376378
14325,1.3858353309553852
14326,1.8768353845093744
14327,1.6701171814665625
14328,0.6422547260268774
14329,1.134361446671483
14330,1.3773334172450633
14331,0.8348162859078121
14332,1.185040277434131
14333,0.9723497993280473
14334,1.3493743905683595
14335,1.2952499672894149
14336,-0.12063206804812623
14337,0.7988051368502326
14338,1.4203144483786898
14339,0.9042989311738487
14340,0.7073291813247466
14341,2.0620479593620624
14342,0.1811660988587452
14343,-0.09991662597702256
14344,-0.07721265458311849
14345,0.5492352762024636
14346,0.020228321278350267
14347,0.5970045664969847
14348,1.672837144747838
14349,1.6277843993426224
14350,1.3411162531575158
14351,1.149846792176723
14352,1.794844380458966
14353,0.15231963548357055
14354,1.2661351525652633
14355,1.0742185314727006
14356,0.9323557144516901
14357,1.0751017982027664
14358,0.6336860079627333
14359,1.0221705844447255
14360,1.0794447524187336
14361,1.3796829340081773
14362,1.2876617939116641
14363,0.24421790300297425
14364,2.422128736940544
14365,1.5263808898957414
14366,-0.005779830835680053
14367,0.2909317058096566
14368,0.8903276008529282
14369,0.4833659911394413
14370,1.9339376346373545
14371,0.006697948672951065
14372,0.6793543353718238
14373,0.5002548177537468
14374,0.5984001479561453
14375,1.31369684326422
14376,0.9473152724268357
14377,0.7280430076540242
14378,0.8422530078657142
14379,1.930874784136003
14380,0.3740774963542714
14381,1.3407357267302442
14382,0.4449221636539369
14383,1.6469129891538503
14384,1.342819293965974
14385,1.5737818626690854
14386,1.415514876857732
14387,2.0456376356724006
14388,1.0814275082418678
14389,1.9349733914214897
14390,-0.10300161415392164
14391,0.09180828377802974
14392,0.43562379614625624
14393,2.3814091271372404
14394,1.9370231860494824
14395,0.19281877787516222
14396,0.11883074645416969
14397,0.36478584513661083
14398,0.08334836972377421
14399,1.3902049883409144
14400,0.4975397883357052
14401,1.7995514938378248
14402,1.4789830756964573
14403,0.5482697877226943
14404,1.2908948530920994
14405,1.8170327738086325
14406,2.1395796029959517
14407,1.3506766434277329
14408,0.8323373296163858
14409,2.073958423174394
14410,0.8458124351521449
14411,1.950846117222215
14412,2.041330332356714
14413,1.27490559761103
14414,0.03246283688349602
14415,2.139322006415756
14416,0.6678960928278306
14417,0.5063126845659371
14418,1.153891783415629
14419,0.37748343289204767
14420,1.3021525608058029
14421,-0.05658327245314126
14422,1.341882314919275
14423,0.7300031927973212
14424,0.31127388621946833
14425,0.2667803275746018
14426,1.1030737729318316
14427,1.33148580893414
14428,0.7270792931301249
14429,0.7110994823474399
14430,2.058575257495839
14431,1.8561859238267742
14432,0.9779070478251397
14433,1.2718987443528542
14434,0.22891342871137627
14435,0.6311024624393091
14436,-0.41874362406442917
14437,1.2308213803111587
14438,1.4103204990517253
14439,1.0406041335394807
14440,0.4479468020237952
14441,0.4676657051503285
14442,0.2906017019337191
14443,0.5236494979461026
14444,0.8752995581322515
14445,0.7231635952404368
14446,1.783307573328452
14447,0.788646680727288
14448,1.2098628815836476
14449,1.3784433698357685
14450,0.16178184720185074
14451,1.0885964749481043
14452,0.49753560872927655
14453,1.1743045853344407
14454,0.6004599176532284
14455,0.7949613154291123
14456,0.18922406054205929
14457,0.9096277914272881
14458,1.232486998648515
14459,1.0631271603686252
14460,0.0888484279287875
14461,1.5737719240180919
14462,1.5103368405250388
14463,-0.11500423339081017
14464,0.3729506542761618
14465,0.871829107348303
14466,1.1205151783940577
14467,0.9372745215168576
14468,0.6539259196534981
14469,1.503282158773841
14470,0.3680604251338092
14471,0.7585992653607345
14472,2.1328378570796565
14473,1.7708041187128163
14474,0.010060626371902005
14475,0.26963353957103947
14476,0.18556293096464915
14477,0.5196205074962497
14478,0.8433546114117786
14479,1.0107393990398945
14480,0.8916343869942127
14481,2.030210970241389
14482,0.31817036310121916
14483,1.1094670014239838
14484,2.4578828747002044
14485,0.7739233099342254
14486,1.873490946104304
14487,0.446959114423268
14488,0.5348758807509038
14489,1.6923766478864979
14490,1.495964488714895
14491,1.026709904451161
14492,-0.13498648679004988
14493,1.1314497319610055
14494,-0.28950992035319273
14495,1.3291131980737745
14496,1.3884821366715787
14497,2.1434513725550595
14498,0.45256334059342573
14499,0.4055482457995191
14500,1.2359717194020394
14501,0.015144540537635212
14502,1.261480434949693
14503,2.08699965183369
14504,-0.08597854159765186
14505,0.0900339321299911
14506,1.8430393138730188
14507,0.4064693784870251
14508,2.1218931633361304
14509,0.6140714974533104
14510,-0.02235063420407077
14511,1.6614404098158655
14512,0.8009927865498541
14513,0.9516009416089021
14514,0.12344973257341064
14515,1.09196524034343
14516,1.6169903641745782
14517,1.3743343221204398
14518,0.27770120733247555
14519,1.3390528730738651
14520,0.7482941658028803
14521,1.1094809344621503
14522,-0.11430562273077663
14523,1.2350838664809907
14524,1.0731101662774607
14525,1.9594876849039429
14526,1.9220769350660343
14527,1.5019333901475418
14528,-0.1751367053397739
14529,0.2871124735030008
14530,1.6430784110503684
14531,1.5319745282547712
14532,1.245103240587272
14533,1.9954337367674342
14534,2.3753222018982756
14535,1.504203482985872
14536,0.8384801204588122
14537,0.21160047412888341
14538,0.3690234251609499
14539,-0.7870819390731512
14540,0.3311993811526584
14541,0.5515563931820349
14542,0.09873385573333224
14543,0.2166067689655868
14544,1.3039872115736921
14545,1.4347114769007276
14546,1.243930151798536
14547,1.9793802533140734
14548,1.132757874094832
14549,0.7211500816506939
14550,1.0579866974255092
14551,0.14874430542195885
14552,-0.18493326349441258
14553,1.5638931504259326
14554,0.832223990851408
14555,1.6535428058857782
14556,-0.016210404370950005
14557,-0.10203604652651757
14558,1.7618043016206224
14559,0.17749277669558017
14560,0.6813575287311668
14561,0.46028236969805764
14562,0.6746640389118179
14563,0.4372459131795826
14564,-0.008920614795769388
14565,0.9779343506907272
14566,0.3176843470835299
14567,0.6918943604413477
14568,2.196656393843408
14569,0.3743170190716649
14570,0.8361178467941434
14571,1.5735124805295264
14572,0.46840715233110325
14573,1.6337066120160888
14574,1.1711078053944353
14575,2.0980064261236655
14576,0.4172882154901876
14577,0.9164681351738483
14578,2.0378221735830673
14579,0.7140930642865132
14580,0.47409776889909594
14581,0.8129305531365851
14582,1.337649740001469
14583,1.4608722095911382
14584,1.4457131568186452
14585,0.557365916307973
14586,1.3700411196713755
14587,1.2653630796249857
14588,0.3009503278394521
14589,1.2902109244217908
14590,0.5979087272880317
14591,3.051036200187205
14592,0.11565325543768532
14593,1.0552292322037875
14594,2.478942308049401
14595,1.7855471494481576
14596,-0.02499316383761066
14597,0.13464182109675085
14598,1.967543859090434
14599,0.4565862544058061
14600,0.6903861844224034
14601,1.5918274190661919
14602,1.7840287395674002
14603,2.2362496672689076
14604,1.8043386157926167
14605,0.7435160256779856
14606,0.6768350104876623
14607,1.294835924449137
14608,1.1479460877746226
14609,1.5436999546514811
14610,0.7643191731727494
14611,1.9906006363252364
14612,1.5720907111286793
14613,1.4226667284840353
14614,0.6746152731755721
14615,-0.3529912313401431
14616,0.23446773816267558
14617,0.7964269731765985
14618,0.4848285544276859
14619,0.6605324436837205
14620,0.28613323134503027
14621,0.16253422863793376
14622,2.412847514111738
14623,1.26440565185957
14624,1.7787873519432233
14625,1.66413614089322
14626,0.9730485241918829
14627,1.3485371142301308
14628,1.1822297641443538
14629,0.7420708716198385
14630,1.0671891241473321
14631,1.9288011291324665
14632,0.35929429940825197
14633,1.193811867679218
14634,2.5524750439173247
14635,0.11118199898319192
14636,1.466003000409787
14637,1.3384570245846399
14638,1.6117574579415122
14639,0.5274652323178983
14640,2.0423051239967167
14641,0.1536243765346122
14642,0.28813514403852275
14643,1.9294632893243475
14644,1.2927847319180985
14645,0.31396148622786946
14646,0.14335407864688093
14647,0.08614707364571322
14648,-0.052249982836562694
14649,0.1751573896922227
14650,0.10637569085135015
14651,1.1431448182693642
14652,1.8383966765321977
14653,1.4311727095142988
14654,-0.13308753540420307
14655,1.783401650608694
14656,1.5165307614421673
14657,0.7121939226658032
14658,0.19829262442782009
14659,2.059222897612419
14660,0.3281469446234986
14661,0.3940843219138561
14662,1.224344399620612
14663,0.6075339310828445
14664,0.879852545844436
14665,-0.19382112882035923
14666,0.563561287366323
14667,-0.20084548978344013
14668,0.4770173244594669
14669,0.5806761184352205
14670,1.6643616702062107
14671,2.019986044212162
14672,1.232450660339663
14673,1.045846870795647
14674,-0.16266186103129288
14675,-0.1771532595547057
14676,0.2805618439496168
14677,0.02794353587791376
14678,1.2519723186786937
14679,0.9706918744846451
14680,-0.2769721225764304
14681,2.4727861001714477
14682,0.11042760580126301
14683,-0.09285922919696774
14684,0.39861897004085983
14685,0.3288631395820777
14686,1.9187488117631788
14687,1.2668826612732424
14688,-0.1977911771932393
14689,-0.11545920736581339
14690,0.8117336880894209
14691,1.1527595901746257
14692,1.0548847521954636
14693,1.626755814185569
14694,1.1127662648585424
14695,1.6299491984904204
14696,0.10873557843653822
14697,-0.00018051581583540532
14698,1.1250784725429874
14699,0.7279890864063004
14700,1.647500503595057
14701,0.6477530381018421
14702,0.8275414263141129
14703,1.7969334656756157
14704,2.396556333572643
14705,1.6607770593872884
14706,2.090019182475138
14707,-0.056588838133192335
14708,1.071432422182206
14709,0.4337898401027112
14710,2.1290631511847575
14711,0.7644848429351518
14712,1.8058484184387464
14713,1.135262286360102
14714,1.1553486612298578
14715,0.3008846724611016
14716,0.7847405052057113
14717,0.9575440541438784
14718,0.909995492632249
14719,1.1503846255181942
14720,0.46369304605521
14721,0.465980013355195
14722,1.3773737127366514
14723,1.5183593667231248
14724,1.0047027594785842
14725,1.546963656201049
14726,1.0394731710738045
14727,1.9404921454323387
14728,-0.036980768200076244
14729,2.20297571411328
14730,-0.4104143113952771
14731,0.8441772085296918
14732,0.4677006462989527
14733,0.7384355617233607
14734,0.980584135708694
14735,0.8636546114212886
14736,0.38527484042014726
14737,1.4028683329939988
14738,0.358105971525295
14739,1.9589579228220182
14740,0.6208597692360447
14741,0.26275472992103943
14742,0.08223382503681817
14743,1.0783266859980272
14744,0.39391928651926933
14745,1.0899058254286196
14746,0.4462125676365574
14747,0.16179637468522115
14748,1.680017755897743
14749,1.058611242712279
14750,0.629416983423408
14751,0.4626542672283232
14752,-0.12404936123439818
14753,0.6826757952081728
14754,1.5972149557351876
14755,-0.06558985532579786
14756,1.7004790088763246
14757,0.8825396641697498
14758,0.2875215319313872
14759,1.6275837933431154
14760,1.0879755699904887
14761,0.5576045619862764
14762,1.3953786881292531
14763,0.12046972018136307
14764,0.05842838638209898
14765,1.0903923107916376
14766,0.5432367068488902
14767,1.7683166270835053
14768,0.7849643420338734
14769,0.8426898650227923
14770,0.16102734072334565
14771,1.7897267392838596
14772,1.4312639519799406
14773,1.9109681522668234
14774,1.5933306188402137
14775,0.9956354376367966
14776,1.2842315278145031
14777,1.6707220609602926
14778,-0.013407813474686392
14779,0.1506672363987301
14780,0.898943266923337
14781,0.7068703449611267
14782,1.0870339825383875
14783,0.2918365970100632
14784,0.7807525264029553
14785,1.362556737162407
14786,1.9872311544946932
14787,1.0834051747946152
14788,0.5413426692516581
14789,1.0043284708613816
14790,1.0452876746475261
14791,2.6879881153619993
14792,0.14225084962026685
14793,1.3749937098125553
14794,1.3684238045607022
14795,1.500573285645829
14796,1.245760500673762
14797,2.0678258563391454
14798,-0.49644864231612756
14799,1.4879938361742358
14800,1.15252126740618
14801,-0.3980793459436046
14802,0.7750449097873053
14803,-0.11043363381055255
14804,0.17712418269749053
14805,-0.005542572175909859
14806,1.1767088127914718
14807,1.1239991479535372
14808,0.7745708378730501
14809,0.7663523985836732
14810,0.017643991435252707
14811,0.9167847198269192
14812,1.3434183017843442
14813,1.3791660897909024
14814,-0.15276100614792015
14815,0.3711697119514487
14816,1.3322986458848984
14817,1.6979330444342524
14818,1.9624090696155774
14819,0.9881464305597669
14820,0.03693003828609588
14821,0.7440818218469554
14822,0.7804081927457106
14823,1.2268340191546283
14824,0.8255955368569494
14825,-0.16193232238664637
14826,1.530020933049289
14827,1.7811408243325157
14828,0.300418174070339
14829,0.3109482610850765
14830,0.735639656517477
14831,2.115204345940822
14832,0.5785265695318069
14833,0.3157836328251028
14834,1.6591060256416916
14835,-0.05885830390276797
14836,1.2531165012588037
14837,2.0892701376901543
14838,2.1663499099616006
14839,1.9544256460741272
14840,0.6051371966076593
14841,0.806919419682574
14842,1.4197765078859927
14843,1.8201090317696984
14844,2.058484851266315
14845,1.8547603075029155
14846,1.753243864280157
14847,1.9891666373786467
14848,1.2863726222782268
14849,1.1094113291737133
14850,2.0499094499025294
14851,-0.03165816166486085
14852,0.42151884418954294
14853,0.04420392913215611
14854,0.28949685760463395
14855,0.6301945611446782
14856,0.8363870607994393
14857,0.8255460503577163
14858,0.988821893009568
14859,1.4633779361286265
14860,1.3590475606490593
14861,1.5989994464597594
14862,-0.03470286190682821
14863,-0.12378314356819953
14864,1.0547878926861411
14865,0.08655727291213246
14866,1.4362827652036412
14867,0.30984162859303294
14868,0.6930105572944023
14869,0.8288290200188744
14870,2.2218102376888424
14871,0.39442609959976876
14872,0.7765983106131706
14873,1.5595160564310504
14874,0.13214623715473484
14875,1.327144735523569
14876,1.914927842470979
14877,1.203474631633507
14878,-0.044530933171122014
14879,0.816237506246102
14880,0.2097880971067329
14881,0.22302225123046374
14882,0.3747279823757092
14883,1.3515312838081994
14884,-0.08037878052618083
14885,0.746902996094906
14886,0.435112274027699
14887,0.33005755354616695
14888,1.9611049928750908
14889,0.389934968768607
14890,1.0801956701916786
14891,0.8784695027233046
14892,1.6276919134234804
14893,-0.1373488594391696
14894,1.4517123729268726
14895,1.3440616195429334
14896,0.9431804570537865
14897,0.6476191694634338
14898,0.42514982880528873
14899,-0.19699987766789634
14900,1.5743208807759457
14901,0.33450620062980346
14902,0.5532043623633733
14903,0.2912042107728114
14904,0.5684426054885996
14905,-0.07477685996819528
14906,2.0982782780952904
14907,0.28094637554453794
14908,0.27051732748080415
14909,1.0083281521636323
14910,2.1954431215702708
14911,-0.16380475779887985
14912,2.0545109940936133
14913,2.246577917031342
14914,0.7203128273971046
14915,1.3425172910961123
14916,0.9829151420914263
14917,0.40149440257143937
14918,1.3528567462366043
14919,0.7594719044253693
14920,0.7961970105754426
14921,1.7499224735628647
14922,0.8143764315533986
14923,1.4589307417268242
14924,1.1572762904476876
14925,1.4855826420704672
14926,0.42239106371203566
14927,1.4462431431424474
14928,0.7727407925219503
14929,1.3093053401514751
14930,2.1692295283549
14931,1.4713523979165875
14932,0.23161689065478258
14933,1.021935346045707
14934,1.7608813183439325
14935,0.9769353724680184
14936,2.067550636041881
14937,1.517662633127439
14938,0.8523416835520454
14939,0.2880958170435506
14940,1.3079224151270747
14941,0.4424795554426828
14942,1.19019763430347
14943,1.9912757978911715
14944,2.0552488506743254
14945,0.8828717178636112
14946,1.5237237189097825
14947,1.4453158315871846
14948,2.193071758966759
14949,0.31929087803629064
14950,0.77766704501493
14951,1.3414219231588789
14952,1.4103668519462935
14953,1.9412406397734152
14954,0.04039935730371309
14955,0.1536356354393185
14956,0.8011520579466636
14957,0.9305099962595591
14958,1.5761975646066595
14959,-0.22912221465465415
14960,1.4088529541007844
14961,1.273598565173885
14962,0.24214685947961342
14963,1.255025417380087
14964,0.01654970690574628
14965,0.8035864060118474
14966,1.2306620080967547
14967,2.0881486320256344
14968,1.2523285029533908
14969,-0.14296701661969266
14970,1.5195864877712615
14971,0.47712146697910285
14972,-0.05061947507299833
14973,1.082375260485362
14974,0.3695693163962928
14975,0.1611139084124545
14976,1.338859816488226
14977,1.2639142602337055
14978,1.2641875814227415
14979,0.7936810303917102
14980,0.19697301621539107
14981,0.03278348668984901
14982,0.9991409671615615
14983,0.6849727371654699
14984,1.0216509487597616
14985,1.1035919098320626
14986,1.9918905640335596
14987,2.600842058430378
14988,1.3980999451663845
14989,0.6352892586007375
14990,1.6519090969754957
14991,0.6023171024166857
14992,0.718160558695369
14993,0.510482453798196
14994,0.8842787951280429
14995,1.888554226425641
14996,1.5650451350882568
14997,-0.05132471547311876
14998,0.8637806615237452
14999,2.7631899226448082
15000,1.1168867813378847
15001,2.332028978609601
15002,0.6376827730483816
15003,-0.008147373404810747
15004,-0.0832645631200124
15005,1.4461469853786992
15006,0.9930660743401485
15007,1.3168288022514174
15008,1.0187963158666091
15009,1.3386308133835865
15010,1.5685748400685864
15011,1.7947187864127128
15012,1.5840073873273133
15013,0.029685581568666325
15014,1.7671966028872033
15015,0.7956903756458749
15016,1.5123963231263697
15017,2.7214385118797937
15018,1.0725797605823297
15019,0.08371142920723876
15020,-0.03889107802713426
15021,0.09642069665652253
15022,1.517718937483746
15023,1.3007075253587388
15024,0.10071868055675529
15025,2.6021729846736132
15026,0.7368263341539241
15027,0.6605436181852258
15028,1.0283922499484028
15029,-0.10219455588474025
15030,1.8262345223077312
15031,0.18204467573836544
15032,0.01782609807689397
15033,1.3215087597323036
15034,0.45746700574063204
15035,1.3334376317045884
15036,1.2493211855435282
15037,0.6894799582978536
15038,1.498295272849376
15039,0.09453686998211557
15040,0.7567218540570979
15041,1.200764113526096
15042,0.8413632016515917
15043,2.042352450605091
15044,1.2021137860706954
15045,0.8251541377763204
15046,0.7420430491070944
15047,0.49124767687728577
15048,1.037280304051075
15049,-0.0008905062562198016
15050,0.4592961689597644
15051,0.029237711994999367
15052,0.37905554631759963
15053,1.5612766791400816
15054,0.14639576986769226
15055,-0.2266182459703882
15056,0.8259704836350406
15057,1.2459656740388731
15058,1.2090987528214772
15059,0.06834678640524408
15060,0.7314513944064547
15061,1.959695914218198
15062,0.039496138904244346
15063,1.0065133181875574
15064,1.1877838520099764
15065,1.1712368316773647
15066,1.0338015630164543
15067,0.7497501306192007
15068,-0.14114177029278832
15069,1.2312426188060228
15070,0.4102517503850197
15071,0.3103766239674773
15072,0.7733720555035951
15073,1.5677275779467126
15074,0.9735610697835138
15075,1.766373061221279
15076,0.4410014799084836
15077,0.6169215068782465
15078,0.0859630051691106
15079,-0.01638810272863281
15080,0.00551244398238937
15081,0.10572844595913772
15082,0.8948079953221604
15083,0.9246979904475594
15084,0.9994075477045687
15085,0.9037951614367947
15086,1.6911706135481837
15087,0.5237891701375366
15088,0.30467607424438764
15089,0.8170423573107051
15090,1.007404106346529
15091,1.035262259942922
15092,2.7150892064866587
15093,1.331002537624307
15094,0.3307147523584829
15095,1.500989610628284
15096,2.0487167221160347
15097,0.8904514066503582
15098,1.1057038793617986
15099,0.12169105051849388
15100,0.05457145397685577
15101,1.3920319906063439
15102,1.8080458986959862
15103,0.6950006844485307
15104,2.199517621773074
15105,1.136131031777222
15106,-0.1663343353076209
15107,2.1302893396973466
15108,0.43686554297053903
15109,0.660095509066932
15110,-0.06845367954401693
15111,1.431213503956297
15112,1.5184843429635744
15113,0.13775161857217738
15114,0.7248553124555908
15115,0.4233374070707546
15116,1.170711290732359
15117,0.18863113970313664
15118,1.8513154386041564
15119,1.418081688920375
15120,1.4259162402324481
15121,0.9870726504057421
15122,1.768862385478149
15123,1.9283654590775865
15124,2.1588627302549814
15125,1.2229840665774525
15126,0.3878989559139911
15127,1.074357306923726
15128,1.8289367234443967
15129,0.45984242663601893
15130,1.064720157213785
15131,1.312126151748144
15132,1.4194727425570135
15133,1.4275146071397753
15134,1.5091101191612135
15135,0.1219233029748513
15136,0.6115207864550272
15137,1.0492432199956632
15138,-0.6285631449242497
15139,1.8104644856588537
15140,0.9497825608987565
15141,2.0341859252022454
15142,1.1613632499906448
15143,1.2307995940018084
15144,0.9256649749115988
15145,1.1471894628283597
15146,-0.13083485686154417
15147,0.9165558421995254
15148,0.1472024964157702
15149,1.6658649182689118
15150,0.19417327226322506
15151,1.465637283018853
15152,0.08405156266407235
15153,0.458437451316104
15154,0.36833958983341913
15155,0.22332422427282092
15156,0.27855190934952706
15157,1.2601920448153974
15158,1.1918077117989196
15159,0.6482736399062974
15160,0.5582698463617578
15161,1.184739320955122
15162,1.9966427846763417
15163,0.9102660074396491
15164,0.6335591845500614
15165,-0.39873721501213844
15166,0.43872028030554083
15167,2.050885007098066
15168,-0.0009115959787003997
15169,0.9346080840013704
15170,0.8046593841972369
15171,-0.006391078753654973
15172,-0.18833088338845505
15173,-0.30135089491909484
15174,-0.3109352804108673
15175,-0.45386924472645634
15176,0.13373964139769748
15177,0.36379843076938156
15178,0.20804822874503848
15179,1.374473489121272
15180,1.1379740545318318
15181,-0.123461246371361
15182,0.8557833662120844
15183,0.15630109087904778
15184,1.6285758647458326
15185,1.2274261976384362
15186,1.6046918080922774
15187,1.5466375799864334
15188,2.317272389934243
15189,1.6549687102881565
15190,0.3328649768222922
15191,0.9233958967196529
15192,-0.17629732851270463
15193,0.8602505525281785
15194,1.328304385793825
15195,1.0073757585627152
15196,1.8783298189555042
15197,0.8353913521681868
15198,1.2378273068515202
15199,0.04931372143434284
15200,0.6645507578796084
15201,0.38396630472946397
15202,2.420642754165389
15203,0.804670316536072
15204,1.2007681716251157
15205,0.7890603828791694
15206,0.6054841176538018
15207,0.8478392152641765
15208,1.7969991345667495
15209,0.7193250799457713
15210,1.206535474514538
15211,1.7978287255600371
15212,1.6949908816507717
15213,0.24039330864622133
15214,0.26689589646922035
15215,0.098590838908216
15216,0.3140132826255768
15217,-0.001322994899808888
15218,0.7123242623141784
15219,2.053395892279915
15220,0.3563436888397631
15221,0.014976952301318874
15222,1.696618069973031
15223,2.4970620565423167
15224,2.0265312723992484
15225,-0.12350014217246574
15226,1.61057675114382
15227,0.23518989663921153
15228,-0.24576964952041486
15229,0.6220473834458826
15230,2.541165666064571
15231,2.0968141991560496
15232,0.8008106913046478
15233,1.3708522316570133
15234,0.7019665442856711
15235,1.0898492728944642
15236,1.7578118452049536
15237,0.08932735507870503
15238,1.1113697846338373
15239,1.100555628436501
15240,0.30077882351961
15241,1.8034170575618766
15242,0.6856528782152056
15243,-0.11166049878234834
15244,2.29949050927476
15245,1.2688849877895525
15246,0.3550263968393981
15247,2.128331908913329
15248,0.611047793986893
15249,0.24708974269496511
15250,-0.012111038467435269
15251,0.30274407816627763
15252,0.5406252766718256
15253,-0.06690250775232306
15254,-0.022615697621381797
15255,-0.12880679336787426
15256,1.3978771830786847
15257,0.3243310759547759
15258,1.4980327663960442
15259,1.5209573153698912
15260,1.8685830457235353
15261,0.2216883471086558
15262,1.0964298857466448
15263,0.9268760928308508
15264,1.3355286354084868
15265,0.7792074353392447
15266,0.3979626079042253
15267,0.10867420147124458
15268,0.771927351621976
15269,0.1304114939687709
15270,1.8803369332032005
15271,1.4888022570683557
15272,0.7265355921766639
15273,0.6337532157840102
15274,1.3391810463508438
15275,0.5350461860312419
15276,0.8831724398657463
15277,0.8577853530364021
15278,0.08793730534876865
15279,0.9087869084767124
15280,1.9882277895656202
15281,0.1296698409959916
15282,2.1452613971504553
15283,0.06798831243610665
15284,1.3785988761780472
15285,1.8409018896043545
15286,0.4079413439438256
15287,1.594151464747615
15288,1.2400676194441955
15289,1.8557706075166553
15290,1.3828642036706018
15291,0.7648067627653226
15292,0.1753281838657632
15293,0.7013073599973285
15294,0.37464323591211857
15295,1.7494152420521987
15296,0.2608933512835261
15297,0.040089913695862345
15298,0.7510177968999754
15299,-0.18267004985974175
15300,1.7132181196016543
15301,1.6908517277922308
15302,0.11690420225492656
15303,0.1121882821683145
15304,0.22544615926155545
15305,0.33440458002757195
15306,2.2079316298060037
15307,0.12239937481746979
15308,-0.3366178877702055
15309,1.95323905240297
15310,0.6402304957206542
15311,2.118147004827109
15312,1.8501560593834108
15313,2.203255641461619
15314,0.9297499270324878
15315,-0.07746170568641472
15316,2.3202731249217554
15317,0.3898723148315515
15318,0.026033412554316904
15319,0.12146536249655893
15320,1.3748890166357577
15321,1.1273238318140826
15322,0.442171567657476
15323,0.9523086077745684
15324,0.4931858541823076
15325,1.7102980582566476
15326,1.465668845100316
15327,-0.005953799043150548
15328,1.5654494994115045
15329,1.4126901477961988
15330,0.9056805229270259
15331,1.1078370621070937
15332,0.4763748106755456
15333,0.9812586802137242
15334,0.3285006232567912
15335,0.5528817784110563
15336,1.4045659317029164
15337,1.4586498034750517
15338,1.8840544578646432
15339,1.602180844439385
15340,-0.20330860207804552
15341,0.15921177170344178
15342,0.3366508987817979
15343,1.8486520012048546
15344,0.7641242723455388
15345,0.8594105486673151
15346,1.3476023734751559
15347,0.5837953101260701
15348,1.373012602859014
15349,0.019011961031672908
15350,0.39867375987265863
15351,1.275424595339084
15352,1.822652201001146
15353,0.18308391779635638
15354,0.6154305138702084
15355,0.23577947351927261
15356,1.6263500120260173
15357,0.17002733908628764
15358,1.1863156007566047
15359,0.07873132933402516
15360,1.3844805721376667
15361,1.0486492849982803
15362,0.8420335514632026
15363,0.5960438942472759
15364,1.207043945750992
15365,1.2672488856718436
15366,1.320870033829974
15367,1.238541503181887
15368,0.6443220137723717
15369,1.3018985174528106
15370,0.25854908738407745
15371,1.5735507343325488
15372,0.6482372261835829
15373,1.1789845234123273
15374,0.1022047127694929
15375,0.8724082686285365
15376,1.2905827714324665
15377,0.016369002938970246
15378,2.033619751419812
15379,1.883479389292692
15380,1.9430517413500865
15381,0.277867794758035
15382,1.799777329416226
15383,-0.01918687247058605
15384,0.7971070524799807
15385,0.9122530245739096
15386,0.37284384808152526
15387,1.737533586339123
15388,1.3056823712360859
15389,0.278990168862031
15390,-0.23155536110629
15391,0.9879004917993102
15392,2.1027011694672515
15393,2.133241642627729
15394,0.23639095737051122
15395,1.374122806405368
15396,0.8222868765751683
15397,0.571054254100718
15398,0.09487071508204006
15399,1.1355407061781142
15400,0.08360112325289065
15401,0.7805444999007287
15402,1.5433688992307935
15403,0.19153805078904687
15404,-0.06740221884315425
15405,1.2392610893342455
15406,0.3941156821375513
15407,1.3797636088758578
15408,1.9787551765362867
15409,1.4613891206305942
15410,1.794784006815772
15411,0.7626250331299227
15412,1.8909474968281923
15413,0.7954186517388107
15414,0.3766075737692149
15415,1.0405623044215182
15416,0.7529006238139525
15417,0.5475403864117111
15418,1.8359557574750445
15419,0.9288119709118221
15420,0.48407913729125285
15421,1.3809710352856381
15422,0.3054965167456621
15423,-0.01663389737778828
15424,-0.36800570559894835
15425,1.1424405538427256
15426,0.4827293782244267
15427,1.8768958316821571
15428,1.5359415490560664
15429,2.2434784680570607
15430,0.6746836920908033
15431,1.1073768837353635
15432,1.3938562097527831
15433,1.5738971523102736
15434,0.32662576166707313
15435,1.1970123954203404
15436,0.06105610639185529
15437,0.5646282856571678
15438,0.7513336513427251
15439,0.5246906941421823
15440,0.0887350250681393
15441,1.5708622646898742
15442,1.4062763285137907
15443,-0.09179770988887137
15444,2.2632897069603706
15445,0.514307644039979
15446,-0.36658568254776147
15447,1.1876582843196752
15448,-0.0327163196068309
15449,1.4769268045586632
15450,-0.1843259500967814
15451,0.37340782281562884
15452,1.4120235584898144
15453,1.6733765935689093
15454,-0.00401566337115003
15455,0.9005987365182262
15456,1.720267753059465
15457,0.8602591835197764
15458,1.6409936312874291
15459,0.8897372659322951
15460,2.1538715725209006
15461,1.9406676144055197
15462,0.7340158374792671
15463,2.2793283108852638
15464,0.8717295346501086
15465,1.9487096796095786
15466,1.14918210116758
15467,0.060477403792055545
15468,1.5310930290421467
15469,0.008005412206049403
15470,0.9179664219054675
15471,0.3402609768816443
15472,0.5240130964932247
15473,1.58217357001282
15474,0.11251638586962354
15475,1.4501499399855085
15476,2.1073379915843073
15477,2.100478399680327
15478,0.8159403122401849
15479,-0.07090091415093866
15480,0.3406851490056716
15481,0.9333118390925159
15482,-0.27687686391979377
15483,0.23006152339393998
15484,0.5254269209849312
15485,0.3048835846795649
15486,1.083306811263066
15487,0.23342451590383015
15488,0.12077833492154237
15489,1.4949422859451205
15490,0.6914871237153182
15491,1.4365628251561904
15492,1.5052432399558693
15493,-0.025058781523950843
15494,1.0283885317907713
15495,1.105396409699353
15496,2.096635849648404
15497,0.12713929800557236
15498,2.238316917684869
15499,0.44074756011647254
15500,0.41249281788041453
15501,1.2733380998065522
15502,1.5019563664395823
15503,1.615598375542105
15504,1.4247162491462244
15505,-0.2711449448838918
15506,1.1308041566004394
15507,2.253409124917935
15508,1.5922160025815406
15509,1.8704050124363674
15510,1.9467299380622545
15511,0.8728136919513415
15512,0.2533194922258165
15513,1.2533645776696216
15514,1.779144955020655
15515,0.07179382973591972
15516,0.2669854535093449
15517,1.0664922847727247
15518,0.5100169808871297
15519,1.6271334431203168
15520,1.6902370310759736
15521,0.6721956839428542
15522,1.1043129746686657
15523,-0.16943886643795628
15524,1.2199493987654444
15525,0.7581915449527635
15526,0.26626205214618526
15527,2.4575697388829454
15528,1.1730615332492158
15529,0.16031559148248709
15530,1.42574367251305
15531,1.8612707357154714
15532,1.0616771051187468
15533,1.3106454682610746
15534,0.530268889535332
15535,0.25632155186510175
15536,0.5518326029185003
15537,1.5116605529443612
15538,1.6718705089352301
15539,0.8979269937061283
15540,0.9213358769948854
15541,0.14157356921516295
15542,-0.030915036336830792
15543,2.2512132537086553
15544,0.7294235686995179
15545,1.4346987962935789
15546,0.09958098244740819
15547,1.7208154915581706
15548,0.18716332779802022
15549,0.26900805450455406
15550,0.3638364865804636
15551,1.7174574560526685
15552,1.1422401827085487
15553,0.15283747360182906
15554,1.3948769973644461
15555,0.9870818062587723
15556,1.4253870215250928
15557,1.5826518487796382
15558,1.2272234801653095
15559,0.6916737836203644
15560,1.141055865204895
15561,0.023349879748975885
15562,1.9334644493261839
15563,-0.43851609330620167
15564,1.0763784353028265
15565,1.5391069558379753
15566,0.03136694505472777
15567,0.6842039321800422
15568,1.76513574619643
15569,2.0261009633851153
15570,0.2133291697337649
15571,1.634142295365292
15572,1.1605111259920724
15573,0.1758548094769264
15574,1.2699598331737634
15575,0.015814261277844188
15576,1.263973538496584
15577,1.9423055933207831
15578,0.05392199560023623
15579,2.6766541027381523
15580,1.0140765317977527
15581,1.7766964125339326
15582,0.18997153817328566
15583,0.9431231114555663
15584,0.8968882747277761
15585,1.588524431317112
15586,1.3009017006462495
15587,2.0796337273087393
15588,-0.7049148261525182
15589,-0.052994913275437816
15590,1.0710201895438485
15591,0.6214049443553961
15592,0.7984287550675959
15593,0.3232715290820424
15594,0.5275480693819212
15595,1.8951275031447208
15596,0.12503524560731596
15597,1.5672507245955023
15598,-0.5746211147598571
15599,0.5287889981875806
15600,1.4885619527863234
15601,0.9857874660910175
15602,0.09688597316945714
15603,1.4906314032354469
15604,1.6246191502452632
15605,1.1178590973113067
15606,1.2887401946050643
15607,1.116543578294167
15608,1.4414181192079127
15609,1.362239343016178
15610,0.43043767061867705
15611,0.8023522036785513
15612,1.0834672645298995
15613,1.8835073772424444
15614,-0.16691673899764353
15615,1.1872764192751948
15616,1.585720454239914
15617,1.6055225556270298
15618,1.013795777339755
15619,0.7789075620442952
15620,-0.006620524835531688
15621,1.5877806615905765
15622,0.7402744932177656
15623,1.9522033066012172
15624,-0.057468987870638116
15625,0.9241912081474821
15626,0.20587559639783126
15627,0.9024495691946304
15628,1.8866027602269266
15629,-0.10698388023030869
15630,1.1764905056526789
15631,1.4691659509186321
15632,1.4429579046440386
15633,1.5173836578241264
15634,0.38287933827256204
15635,0.8405061618602898
15636,1.4228293239928038
15637,1.029206317892556
15638,-0.11127258696977543
15639,0.7639569001039666
15640,0.5879594031849769
15641,-0.07167447223292109
15642,1.4944137201863088
15643,0.4362541451243279
15644,0.17763291365549613
15645,0.7702767569526673
15646,0.5247104212170063
15647,2.0662138080291577
15648,2.0276572584412618
15649,-0.003446026617350023
15650,1.0788683940084813
15651,2.498871298648879
15652,0.6181098234330179
15653,0.08579205956595624
15654,1.332514122363674
15655,0.664675625967994
15656,2.323881020031454
15657,1.5842430599710418
15658,1.369653825103055
15659,0.5328843905413321
15660,1.4055128646267334
15661,0.04392876235045458
15662,0.1690796126101937
15663,1.3223966551948416
15664,1.415094731093061
15665,0.20081549233167023
15666,0.3207946509351989
15667,0.9412836421077505
15668,0.5293217142842395
15669,2.0606296097018033
15670,1.2846592917443542
15671,0.9711561927236219
15672,2.038918657964382
15673,1.3824691299375016
15674,2.015567424286731
15675,1.373076541361058
15676,0.8220289565879184
15677,0.9956800427571508
15678,0.24408784267893777
15679,1.9953139453017137
15680,0.9358028837413753
15681,0.03936776981484211
15682,0.44939783355786006
15683,0.9822013122768212
15684,1.9026481867749014
15685,0.7053962276264373
15686,-0.10544034652555687
15687,1.5807131010858821
15688,1.9070508670074688
15689,-0.2580137900970001
15690,1.4499740291249685
15691,0.7900109124660408
15692,1.639952559113178
15693,0.8162406618937008
15694,0.0804413850219208
15695,1.1084616948589399
15696,1.035071409272268
15697,0.354590679844174
15698,0.989287177249832
15699,0.3770550554829177
15700,1.5410672683965347
15701,0.6856733238414787
15702,0.6747666864957679
15703,2.3983288900836266
15704,0.7983838780417775
15705,0.5506034773916761
15706,0.34765273872570224
15707,0.7699026938231233
15708,0.7832896460896935
15709,0.6808435051703621
15710,0.5995037345635126
15711,0.06182732713115619
15712,-0.15301843508628313
15713,0.579381079756861
15714,0.4335231974920626
15715,1.1581910766425876
15716,1.2838636074644387
15717,0.4034183020143763
15718,0.7445279466481718
15719,1.1786515664763222
15720,0.49583654771091346
15721,0.8297631466425884
15722,-0.056785359331177725
15723,0.6891415464387765
15724,1.1898908616648205
15725,1.966806582566796
15726,1.207750360643067
15727,0.043505239811792884
15728,1.3662650317657177
15729,1.904732651539212
15730,2.24944648881482
15731,1.2918672204253594
15732,1.182997810570159
15733,2.10094260364875
15734,1.3921623536057612
15735,0.9087634986064129
15736,1.1039309023995565
15737,1.5782898062970838
15738,1.2835260614420954
15739,1.1840930197122275
15740,1.5634050670920692
15741,1.4332675339416245
15742,0.23669528743169943
15743,1.979305754988655
15744,-0.15035634168865375
15745,0.7156807169912927
15746,0.8412946481686767
15747,1.8018523966669704
15748,0.07402370141851426
15749,1.3666160597303192
15750,1.9637083549978112
15751,0.7628592084066321
15752,0.9247106628593751
15753,0.069540560522396
15754,1.7002261746193366
15755,0.21833658996627453
15756,0.5043425728510249
15757,2.1477119816759997
15758,0.3435409292805973
15759,1.6304893905381166
15760,1.4015369387711918
15761,0.9182050159378891
15762,1.381283057966503
15763,1.563167687841624
15764,-0.13782682400777013
15765,0.9108287521924932
15766,0.2651816217428342
15767,1.0121923337184695
15768,1.5354293884159884
15769,2.1815931748297492
15770,0.0006443708118978597
15771,0.6418754078569255
15772,1.370614218558409
15773,1.6602698648015275
15774,1.0342561957026193
15775,0.9255078641523619
15776,0.022815473414782288
15777,1.3677277242739339
15778,0.5923389795937677
15779,1.1081126964719152
15780,1.2478196931977754
15781,0.6334346475637291
15782,1.593263611979387
15783,1.7683326944019104
15784,0.9114227237494243
15785,1.3826752950186223
15786,0.8548446971036132
15787,0.5173799786976386
15788,1.0342837041327835
15789,1.1619373556071237
15790,1.0636745391239943
15791,-0.04368663933717501
15792,-0.21192672923382933
15793,1.1560338107989845
15794,1.4564320433148594
15795,1.0304384400655076
15796,0.31444343527883173
15797,0.7556789954629679
15798,1.5752382722707496
15799,0.6742529829664916
15800,0.7579432732679683
15801,2.230345127088434
15802,0.6167005439233476
15803,0.445261611416508
15804,1.229271349881867
15805,0.8926871359160504
15806,1.9827370745361317
15807,0.615049945322981
15808,0.39744440364404415
15809,0.815638968182815
15810,0.9137910304048262
15811,0.5465201351656079
15812,1.057426950221119
15813,0.516526508675659
15814,-0.005132788760748325
15815,1.406035252410201
15816,1.210377789422008
15817,1.8105467983984787
15818,0.5525880417763812
15819,1.5583453207678069
15820,2.3478958387560427
15821,0.6593229793269895
15822,0.04029444193105788
15823,1.2531149759701368
15824,-0.1441187515967272
15825,1.1131508642168904
15826,0.3853172161111003
15827,2.081321508521368
15828,0.9735722167037497
15829,2.077713502426756
15830,1.2832068516002813
15831,1.8350718971167848
15832,1.6522454821596435
15833,0.5718185963011528
15834,0.3359615346296338
15835,0.27855784833244285
15836,0.7847035455979108
15837,0.7454582020233693
15838,0.739793422736614
15839,0.48450791442458135
15840,1.1975982675698433
15841,0.43118140607867406
15842,0.8306562151657177
15843,-0.07136043709435896
15844,1.1963033476553826
15845,-0.0703732998648999
15846,1.731692516564519
15847,1.0565932442684987
15848,1.4805963858328735
15849,1.0576972877952664
15850,1.1013231891053266
15851,0.7801168462456697
15852,0.003240706869965894
15853,-0.1570334058259354
15854,0.7522008571421704
15855,1.4958843258312693
15856,1.2699730765906654
15857,0.5594893852970108
15858,1.8958523932818097
15859,0.15864641468751564
15860,0.8618696495256313
15861,0.19626121293352417
15862,0.9897796898690928
15863,0.34667375673504613
15864,1.194658915523728
15865,1.1087155318091806
15866,1.422589971982952
15867,-0.13011724729711244
15868,0.7298272067519072
15869,1.1812424678177669
15870,2.0649070121952793
15871,0.7890134878624638
15872,1.6137291663212963
15873,0.1713901176102013
15874,0.37322750356246087
15875,1.6463892094578854
15876,1.6659055852333846
15877,1.0748914263767424
15878,1.2993352640899465
15879,0.3944743908544602
15880,0.4162638074049412
15881,1.5810783886580602
15882,-0.18776684538179161
15883,0.11905507850187927
15884,1.2658352081686048
15885,0.3068333839311587
15886,0.8385206120867443
15887,1.861232734538864
15888,0.3580200746187382
15889,1.6769344407080091
15890,1.4172432245764672
15891,2.0025572537682246
15892,0.36827944402521046
15893,0.18414280756403073
15894,0.6624514140531936
15895,0.33153120864167457
15896,1.2191218486810755
15897,1.2276332531764504
15898,1.7081340709349617
15899,0.5685043651169521
15900,2.055349195256917
15901,1.28439143376705
15902,0.5490897529010297
15903,-0.06451103858079538
15904,0.3413176650457095
15905,0.29413908799668564
15906,0.2782612968420647
15907,2.2548749570969036
15908,0.11994416879100112
15909,1.1060130156923713
15910,0.8657326373082261
15911,1.460298541810791
15912,1.6842047688144057
15913,0.584198239474106
15914,-0.12436849104474201
15915,1.754754182255438
15916,0.5324440626731913
15917,0.3317141963166099
15918,0.28002696391496307
15919,2.1393724151629865
15920,0.7490628742024369
15921,0.022356538749534374
15922,1.5502023537964233
15923,1.4090274719927485
15924,0.7024523611693158
15925,1.6115533502031159
15926,1.612688680936085
15927,1.3676892233079934
15928,1.1151321454861405
15929,1.6904100054888986
15930,1.6040948090390355
15931,0.3066343661380584
15932,0.9460500226310185
15933,0.19222366399526952
15934,0.42439749927402615
15935,0.12937843399375643
15936,0.6751082866593994
15937,1.691714102654103
15938,1.5337737729215564
15939,2.051518589636543
15940,0.2042550107478974
15941,1.9376881598108493
15942,1.1710051285075878
15943,1.5589442334326904
15944,0.07824663027306746
15945,0.3407914067356455
15946,-0.06312706220990341
15947,1.1871545044230012
15948,0.5191480513136522
15949,0.1478994634358758
15950,1.1543475232591531
15951,1.5201630634376404
15952,1.0394343956614793
15953,1.4435528307165009
15954,1.6423160605757123
15955,0.1242144499909637
15956,1.1479184085829832
15957,0.4174107133135291
15958,2.5023984871164595
15959,0.25079491584756536
15960,1.551889262560432
15961,1.1068718730986773
15962,1.812095507207065
15963,0.47107335087070645
15964,2.0710304778030677
15965,0.40507297522418034
15966,1.6195064500749101
15967,0.6367468571342274
15968,2.1606930116693794
15969,-0.05149124426720554
15970,1.8538708655282394
15971,1.8757878230676086
15972,0.7973122944132075
15973,2.0135488013900877
15974,1.0045253229280466
15975,0.2747743966454299
15976,0.10373554363389159
15977,2.0938036059629805
15978,0.6955282640864964
15979,1.4295586417633803
15980,1.3989650529751214
15981,0.37417039389223283
15982,1.606908724958332
15983,1.0166183881543054
15984,1.4608724781845714
15985,1.6368897208069115
15986,0.44319744654788495
15987,0.9135541423986109
15988,0.8860669840619682
15989,1.3552022068774399
15990,0.9461802458461921
15991,0.6091908260817085
15992,0.9055673747842349
15993,-0.10500893630030905
15994,0.06842298516178609
15995,0.11453248700280078
15996,1.1299859378681003
15997,0.9212402590550361
15998,1.1326294046665175
15999,1.2958913199506021
16000,1.514295987407133
16001,0.6109094866648299
16002,1.150424654582026
16003,0.39982556805685854
16004,0.5145290949524002
16005,1.6604787124923546
16006,1.237893645763694
16007,0.2366385990286773
16008,0.2373994394665886
16009,0.09271469413583144
16010,1.6266010308286794
16011,0.431896696721511
16012,0.48606713335844254
16013,2.1585550512382223
16014,0.38806733199900406
16015,1.3478633491863905
16016,1.448083530581666
16017,0.059528730583702325
16018,-0.09674591850679387
16019,1.0779772708813
16020,0.9662122705319856
16021,-0.09856518192247901
16022,-0.1392897841310139
16023,0.6663305362021736
16024,0.38237584819508175
16025,2.126353160463678
16026,0.8053492106891998
16027,1.529357375689698
16028,1.491434738551714
16029,1.5256491468341844
16030,-0.24504884961397982
16031,0.5375087932333631
16032,-0.40890830862155886
16033,0.4043310953066601
16034,-0.1206733488573854
16035,-0.009868477720743701
16036,2.013959415898035
16037,0.3393693003369787
16038,0.5267337728320027
16039,1.959478626837808
16040,1.842697079593294
16041,0.7034689073176137
16042,0.29211234466297653
16043,1.3511675249373833
16044,1.4704233673384057
16045,0.7325022424488639
16046,0.6480148720009831
16047,1.3408681649482979
16048,1.8360211979097805
16049,0.3595699492382143
16050,0.055627112223248495
16051,1.6863632731579075
16052,0.2641963911173661
16053,1.652455301244842
16054,0.478484394479054
16055,2.1098950087282544
16056,0.22283654558464017
16057,0.31823948693854487
16058,0.5156834091867666
16059,1.9273007028066658
16060,-0.031151002472095846
16061,1.1845680028698868
16062,1.1239491221839415
16063,0.20490607639845576
16064,0.902311954432367
16065,0.7314925171358028
16066,0.8266647621667265
16067,0.1955283093470591
16068,1.57514371149445
16069,1.7034924149380162
16070,-0.049818882789148186
16071,1.8486830998138033
16072,1.0083760279263458
16073,-0.2731525453636281
16074,0.32129750746641994
16075,0.9081468559695001
16076,2.2812169621314267
16077,2.168261161737791
16078,0.4916978898992935
16079,0.4526716812012471
16080,0.8623431108451656
16081,0.374844217563037
16082,0.24460171338306702
16083,0.9698235041661276
16084,1.905355227365995
16085,1.9985213350357627
16086,1.0943387395840565
16087,1.9591762716526726
16088,0.4573501033832037
16089,1.4925436436038484
16090,0.535455926395923
16091,2.1520937505719204
16092,1.6908729585043603
16093,1.616345444969301
16094,2.0765104741724416
16095,-0.16361243301312595
16096,0.1528075909187951
16097,1.0142022234897807
16098,-0.18315871822824598
16099,2.5064382651671258
16100,-0.12763914569095533
16101,0.8298602841368432
16102,0.21072121286268966
16103,1.3842324960482215
16104,0.9508103169260704
16105,1.0363970591682847
16106,0.32298027505187865
16107,1.0705477736550044
16108,0.05860986250886542
16109,0.20503999232403636
16110,-0.054956724350201006
16111,0.3286804366728285
16112,1.5150735009967864
16113,0.43608117860047946
16114,0.8207050949583496
16115,0.1994582136742544
16116,1.3809485532065455
16117,0.862297729167435
16118,1.330990708548061
16119,0.4118950142794717
16120,0.24736940186373035
16121,1.594542686222514
16122,0.4259831753609314
16123,0.7596553152584635
16124,1.609799019692743
16125,1.542207228135963
16126,0.07230415777253252
16127,1.1618177604431559
16128,0.6963679884768788
16129,0.35643759794238744
16130,1.5058472579161666
16131,2.110389358577983
16132,1.6042585114212966
16133,0.9985125467373737
16134,0.10181505316354858
16135,1.51166659813403
16136,1.1315970566479967
16137,0.977621532307327
16138,1.1927852897582005
16139,0.1297209227901508
16140,0.7153984311263168
16141,1.5264999465916964
16142,0.7228415552926688
16143,0.6380859128287231
16144,-0.017013801812850143
16145,0.7277582453147329
16146,0.9774998161110338
16147,1.0847803879438418
16148,2.1166502985381137
16149,0.25922001078029405
16150,0.4815056432448842
16151,0.26041938563861455
16152,0.9522820522212315
16153,0.2693293417728222
16154,2.231092582134814
16155,-0.33772421952847426
16156,2.9642342129153043
16157,0.7409475881567134
16158,1.481433687317685
16159,1.2219295055688635
16160,1.9282108535451061
16161,0.7049988042220551
16162,1.0874756011159328
16163,1.2294037271786884
16164,0.2870827557081208
16165,0.4758007427790585
16166,0.6340793524713375
16167,0.7449963482454747
16168,1.4200515637297064
16169,0.8541903453394362
16170,0.45613989796216076
16171,1.981119160868602
16172,1.2243442635582689
16173,0.7105990315800128
16174,1.1804569276826442
16175,1.0084222407112402
16176,1.8076362414969518
16177,0.6999763731429748
16178,0.43181285941152087
16179,0.7767296807769584
16180,0.12605234019496103
16181,1.1167313032718194
16182,1.4530784455730072
16183,1.07936310015036
16184,2.3017774887739817
16185,0.6194362551336372
16186,0.028891020472733536
16187,0.600897442108413
16188,-0.14396548553389216
16189,1.253061005694318
16190,0.8668231776722362
16191,1.1506949489612928
16192,0.2287015223646407
16193,0.09511419652499323
16194,0.1961761133246062
16195,2.0336746778933747
16196,1.0653966739653529
16197,1.1209952568378718
16198,1.064630501041444
16199,0.4679216459736502
16200,1.3228248683154242
16201,0.5096733040130299
16202,1.2096030315520705
16203,-0.08098370745934472
16204,-0.5333927648307423
16205,1.1869762449151373
16206,0.6732775029215416
16207,1.491749286595901
16208,0.22968242013414542
16209,1.0584082100549224
16210,0.07937195190369582
16211,0.9117617529909325
16212,1.5497840262423341
16213,-0.23994319891340476
16214,0.3590776311277757
16215,1.392126436403063
16216,2.1107416809068016
16217,1.6830021996233937
16218,1.0576576248474878
16219,0.11067249216958422
16220,0.7550543404652301
16221,0.14242151786647292
16222,0.32668855318845097
16223,1.384645702190087
16224,1.1298645133593186
16225,0.9514839234493393
16226,3.2696044741742525
16227,1.6165630337602672
16228,0.3324227509743432
16229,0.45393441756617575
16230,1.0384510245303409
16231,0.7162660408684467
16232,1.4948959986715633
16233,0.8167339964408367
16234,-0.14204466305080712
16235,-0.07326338481408948
16236,1.1462386064446892
16237,0.6682994853681667
16238,1.0996843130905984
16239,2.0090131090231416
16240,0.4811337819429107
16241,0.4056268639956697
16242,0.35683899222111487
16243,0.7299749758906244
16244,0.2447664620333824
16245,1.5208684015824518
16246,0.02104577765129321
16247,-0.08105320267201546
16248,0.3999324384560535
16249,1.66952645259088
16250,1.046670318192552
16251,1.4215029770261487
16252,0.7168388629070039
16253,1.550001710448331
16254,0.35612463056795735
16255,0.7138258012262009
16256,1.1046982179930271
16257,1.7418230504504448
16258,0.41326863903021716
16259,1.7194107755939982
16260,0.7322044636801441
16261,1.777774159465334
16262,0.8828743683495273
16263,1.25908985763673
16264,1.2672876620232145
16265,0.2168534939300693
16266,0.8521856895547277
16267,0.8321427073161771
16268,0.6161930494982473
16269,0.8329057240134741
16270,1.963365126255321
16271,1.914008355336836
16272,0.7895530497972105
16273,0.785119129519217
16274,1.7526084656201624
16275,1.2510301309532013
16276,-0.1645114980100104
16277,2.706968423070878
16278,1.2519890816286061
16279,0.6022829197550988
16280,2.177182949735814
16281,0.2993825436804137
16282,0.5880414103236669
16283,0.45615962546217714
16284,0.5018161067449616
16285,1.0191774205452528
16286,1.697068234456388
16287,0.8081045734243724
16288,1.000549830642142
16289,2.3466079896976035
16290,1.2832260749407927
16291,-0.03476045203275814
16292,1.0254334688637912
16293,-0.13100477753569728
16294,1.350701828642793
16295,1.3613429741891774
16296,1.5084309020566509
16297,1.3289398818536207
16298,1.645369091434452
16299,0.7030713473615057
16300,0.7145279729414591
16301,1.1832129378984044
16302,0.4067622992591646
16303,0.3240050042613209
16304,1.695120779083045
16305,1.6953377275450352
16306,1.3633270178045849
16307,1.4665106955397422
16308,1.5101948457408398
16309,0.29590103307187504
16310,-0.05088516523396375
16311,1.3658884502546003
16312,1.1707425912195566
16313,1.5540955370026035
16314,0.05296105272235423
16315,2.0028064899229174
16316,0.3107221909036429
16317,1.1218788020380792
16318,2.7561894725431957
16319,-0.1019550140584502
16320,0.9043807270717591
16321,0.5072580331852308
16322,1.1805554581012494
16323,0.38157762836363035
16324,1.7183834289035655
16325,0.4011820674826756
16326,1.084437615768901
16327,0.27307068642887405
16328,0.3997484986377725
16329,1.3997542395612312
16330,0.711508910906939
16331,1.0159623223099246
16332,0.3961460771883917
16333,1.1193462330231956
16334,1.3744471412018573
16335,0.5886500648882564
16336,1.7936041408005945
16337,1.1997976967319104
16338,1.6435947930593133
16339,0.16986381716112814
16340,0.76101237649951
16341,1.2079063017440062
16342,1.700304854632315
16343,1.1433860515181535
16344,1.5535262743148315
16345,0.5149200524520068
16346,0.7696765254176036
16347,1.6754253281887463
16348,2.053469954826396
16349,1.1865064292750516
16350,1.4884233990499396
16351,1.4279476191750806
16352,0.14622973032970654
16353,1.153643726398128
16354,1.303255298758246
16355,0.40453732448168944
16356,-0.18697485279254758
16357,1.4738300020264026
16358,0.1430999294159202
16359,1.6382486561130951
16360,1.4914717778888062
16361,1.5643370575528797
16362,1.9007170878121573
16363,1.0845150271381028
16364,-0.11907928226636477
16365,0.7570705881555474
16366,0.7607126745910964
16367,0.3750743630182097
16368,1.7184906052501205
16369,0.49462410611271584
16370,0.518185669547556
16371,2.2281401901534372
16372,-0.1288783288803774
16373,0.9711499579290006
16374,1.0027526245097804
16375,0.8474076225666853
16376,1.7878298309319687
16377,2.110731892492223
16378,0.16149109933666164
16379,0.1470528572780623
16380,0.29906437476147435
16381,0.9382528405716811
16382,1.674894896345363
16383,1.3157828792163713
16384,0.6485865615730508
16385,0.5445521416945128
16386,0.21168436993868986
16387,0.13839293528470856
16388,0.5803491243959766
16389,0.3426464795125669
16390,-0.7226815116632926
16391,0.678712906730981
16392,-0.03448287764500191
16393,1.250312001935387
16394,1.8002025076824801
16395,1.5797214501390575
16396,0.5812644652899963
16397,0.0871173495919803
16398,0.6149978188741738
16399,1.1541131266346696
16400,0.7715968704317998
16401,1.9565236890738509
16402,1.1435021510712469
16403,-0.06353693027331206
16404,0.8112124899968529
16405,1.7061308771505577
16406,-0.23697533895983766
16407,0.2146726835095928
16408,0.8234344349629883
16409,1.2727153796026813
16410,1.0710379706069775
16411,1.6537280564946586
16412,0.4848649653726008
16413,0.2742365500281265
16414,1.777243136567506
16415,0.7382755529095625
16416,-0.6732993241353256
16417,1.1011810193880316
16418,1.0631916910845354
16419,0.18010878342908748
16420,0.9629908834039851
16421,-0.0429251354557781
16422,1.780731395908254
16423,1.162416962258105
16424,1.321301091091498
16425,0.9636289059749203
16426,1.1984985039720528
16427,0.3043795684499775
16428,0.811923155098431
16429,1.0517416377235176
16430,0.026603853958270786
16431,2.034059818702542
16432,1.0531452451819578
16433,1.2615937104698227
16434,-0.02445990970705559
16435,1.6888263325920225
16436,0.383608941175443
16437,1.6209826451919995
16438,0.5867891340189135
16439,2.21788385949358
16440,0.7619340346246936
16441,2.891941136019797
16442,0.3145246275124164
16443,-0.12553650946503678
16444,0.18335449077614924
16445,1.2668714827594059
16446,1.9364599111650393
16447,1.2311205569834103
16448,1.4914071713543462
16449,1.703173715412661
16450,0.10791641649488509
16451,0.21991832956070473
16452,1.184200316501387
16453,0.9005530541589473
16454,0.9914467238298836
16455,1.5679842805392847
16456,0.6246603282079815
16457,1.8183636783944759
16458,1.7780213478833002
16459,1.2503017082518455
16460,1.17170205841577
16461,1.4541206666069995
16462,1.5141503550951134
16463,1.6516311570386037
16464,-0.23048371915252844
16465,0.7877431006510858
16466,1.544782687134385
16467,0.7403992999749538
16468,1.4914066935274302
16469,1.0510024734027983
16470,0.5651378089104893
16471,0.05937562929352774
16472,1.295075754287264
16473,1.0459961504383612
16474,-0.013872608845319379
16475,1.441815201057144
16476,0.47322201071785114
16477,0.6005843582631298
16478,1.6969711875406461
16479,1.258160971110308
16480,0.011136686132347876
16481,1.4164655144196927
16482,1.2017859908439186
16483,0.7991528993291188
16484,1.495705648276735
16485,1.1658944896974794
16486,-0.07310797749100634
16487,1.0548040166457868
16488,0.5871919736937159
16489,1.3882270757929203
16490,1.0577272960786435
16491,1.1449665490416185
16492,1.7497235516583705
16493,0.6524346924504792
16494,0.5531942127469858
16495,0.3492434886041217
16496,1.3378133381984674
16497,2.4050372465136114
16498,-0.008301581036043199
16499,1.0605185937942154
16500,1.6422056415622182
16501,0.3374762369622849
16502,0.4808964696097905
16503,0.30446996265261805
16504,1.6728539282552775
16505,0.9187266263517726
16506,1.0451783402695147
16507,1.7462431990418918
16508,0.6450570432734969
16509,0.7864837187261415
16510,1.280603526894483
16511,0.15907759825222545
16512,0.14535964999566298
16513,1.0193726400672858
16514,0.6179376803224681
16515,1.9461255855369315
16516,-0.6161007367893676
16517,-0.3282879539998794
16518,1.254381523344335
16519,0.7603448840227116
16520,1.600903818761288
16521,1.1290465261459635
16522,1.5829040054216612
16523,0.5798834631329314
16524,1.2135936370419267
16525,0.8953976235203657
16526,1.9960617226588666
16527,0.07199119272538257
16528,1.4622744259448195
16529,0.958480838532825
16530,1.2535085445447745
16531,1.58729225150728
16532,1.438857260790377
16533,0.2846119258016447
16534,1.7716326504300626
16535,0.15933733745352957
16536,1.7490703505223477
16537,0.12597995071588297
16538,0.1108216670250748
16539,1.5720641499591186
16540,1.1450547605408545
16541,1.5080972710216545
16542,1.2755004821393852
16543,0.22547734828534394
16544,-0.9457467502367118
16545,1.116184398800632
16546,-0.22476470057755024
16547,-0.007465633226968332
16548,1.3834996993849085
16549,1.1436774620471422
16550,1.205878701113857
16551,0.9749673345179204
16552,1.5998712444051189
16553,1.2935313292589923
16554,1.3793685265283133
16555,2.1942630356430968
16556,1.98291774850467
16557,1.6330742937520972
16558,2.1101476060562065
16559,1.458818653135531
16560,0.6857126021363462
16561,1.6484989674344115
16562,-0.043980992028192334
16563,0.5910991290191903
16564,0.9088199876873915
16565,0.32392713695252906
16566,0.09091108025464496
16567,0.8207572766496427
16568,2.11264917923744
16569,0.2906128582518197
16570,0.27623135723678666
16571,1.085632037108981
16572,1.1774059192895385
16573,1.2513399769502451
16574,0.1287402778105759
16575,0.6834080658450441
16576,0.8947327034538461
16577,0.26006116679832647
16578,0.07705470179968486
16579,1.2048129684805957
16580,0.00617597725924314
16581,0.10182667710859118
16582,0.5366510428601642
16583,0.8825554085505809
16584,1.9516876713677391
16585,1.1474235887480568
16586,1.7343860919298595
16587,0.0047526603339122855
16588,0.9795564179854203
16589,1.1158268336579198
16590,0.7033680653758485
16591,-0.00861274195073862
16592,0.45185345081814227
16593,0.9576225382643356
16594,1.3724919221678031
16595,0.6723779486792639
16596,2.064209355664088
16597,0.6333042834898757
16598,0.6361898092978424
16599,0.16846339852419284
16600,0.48784844638575653
16601,0.609599930549703
16602,1.850902588786442
16603,0.9222620221733882
16604,2.4835446935371626
16605,1.0662403407133563
16606,0.3365852892553785
16607,0.14067779408669145
16608,-0.2779885546723953
16609,1.2128742502911087
16610,2.287917848545976
16611,1.0715930596284187
16612,0.4768233620624255
16613,1.0846386532444825
16614,1.4951642621937322
16615,1.2022270931463102
16616,0.9509784459661119
16617,1.001445175841944
16618,1.6460285734443902
16619,-0.05133019662025541
16620,0.736964690417824
16621,1.7285166432831784
16622,1.8155298149012356
16623,1.3712387622327937
16624,1.4615995309312038
16625,-0.7052369717449507
16626,2.1140859035939488
16627,0.4477808237967169
16628,1.1494456676175508
16629,0.8561823930013306
16630,2.0717553928681927
16631,-0.1854283889128713
16632,1.629712671808422
16633,0.8496462286981148
16634,0.19333477351490486
16635,1.2295005959647112
16636,1.1515458683954494
16637,2.3591088593823493
16638,0.49356785323030633
16639,0.404158487940511
16640,1.6434585844001541
16641,0.503782380552527
16642,1.614169114996228
16643,1.1544743690334431
16644,0.4591273644647425
16645,1.2815828163752672
16646,1.2828004929488412
16647,0.4898701273592502
16648,1.5808782428365622
16649,1.1603947904331056
16650,0.6216830376642
16651,0.5940841902546253
16652,0.9177977044691287
16653,1.2335952412880922
16654,0.08470754262617178
16655,1.5985592623780416
16656,0.36184182596249465
16657,1.869076032826041
16658,0.3253969453220818
16659,-0.03739106450768098
16660,0.8688970438781731
16661,0.8440780972781076
16662,0.8467183120113171
16663,1.3294713293594902
16664,0.020651464764394722
16665,0.10745995604688494
16666,1.302232670996074
16667,0.7179657779044213
16668,-0.1859374599439105
16669,0.5656597184878149
16670,1.1935167575840058
16671,1.8864433993768204
16672,1.523073107394774
16673,1.1457155002956303
16674,0.9041302013550996
16675,-0.15326487756136215
16676,1.9546868260720793
16677,0.08940284311842231
16678,1.0916948147439205
16679,1.7941140350648976
16680,1.2317463279894096
16681,0.7653737027215213
16682,0.08582933227605506
16683,1.844180902899014
16684,0.5431283962880448
16685,-0.10974944105374373
16686,0.8038630042957107
16687,1.1276659825546587
16688,1.2268192612102045
16689,0.1456395535946346
16690,1.7573206620114235
16691,0.8624316973787989
16692,0.15166573765642277
16693,-0.00351323869711119
16694,2.0855475121049163
16695,0.7720356259440877
16696,0.928519941040818
16697,0.6678828967982534
16698,0.9079036323690599
16699,0.31967077741254046
16700,0.8116860554917746
16701,2.120925468307146
16702,0.6503687137105092
16703,0.6376116574823434
16704,0.18025143012948097
16705,0.6143192500945596
16706,0.9866179990031021
16707,0.8135889709511402
16708,1.9260868707836816
16709,1.4655505680924068
16710,0.47394026671347145
16711,0.5484826686760573
16712,1.1181000998599457
16713,0.33072603485511165
16714,0.9101246848987248
16715,1.382435660036749
16716,0.057264040091010104
16717,0.8830182287176491
16718,1.2363557211731917
16719,2.04708436948097
16720,0.11844230464711435
16721,1.2402158368679839
16722,1.9550107609321001
16723,0.16932197459626402
16724,1.3359363243998141
16725,1.0352625233476376
16726,1.56139583887829
16727,-0.14040801981997986
16728,1.429670618691562
16729,0.8124457388108224
16730,0.1245794724488977
16731,2.9872212873416872
16732,0.00028407701021240794
16733,-0.042724466065211596
16734,0.33957806999296375
16735,1.0892330794551155
16736,0.7444136837371568
16737,0.41074615461111474
16738,2.009125697059118
16739,0.04155469999413591
16740,0.1116043301884872
16741,1.0238615086718457
16742,1.4446954679074704
16743,1.7755872207781118
16744,0.5690171800142168
16745,-0.16672366634746308
16746,1.2089523426334428
16747,2.4009926125310876
16748,2.003331888247782
16749,1.273248836757632
16750,1.86295969006574
16751,1.4861432551938774
16752,0.5416576744775199
16753,1.1490284215002822
16754,-0.025249539729335663
16755,1.7292450973641507
16756,-0.046429415545484826
16757,0.04315351375522525
16758,1.7140670380406813
16759,1.065937584471943
16760,1.5269136682400504
16761,1.0547508016515248
16762,0.5770085580212836
16763,0.08197847188515228
16764,0.010773601763802015
16765,1.1560058064570118
16766,0.14763802909799614
16767,0.7417374973131299
16768,1.5398577864525491
16769,0.0705523960706689
16770,0.7484236983317676
16771,0.8028842652671255
16772,1.1370268559765035
16773,2.139948834839175
16774,0.21811084966774508
16775,0.35615686171046906
16776,0.3884401498615405
16777,2.3667752065628225
16778,1.6184532412700219
16779,0.832464176976722
16780,2.4112021528128618
16781,1.115908700552788
16782,1.536730899609259
16783,0.05487187982229036
16784,0.5949404135181902
16785,1.2116721950890037
16786,0.6436543533288233
16787,2.1140540079476513
16788,0.22018169723040876
16789,1.8575070281460282
16790,0.6047020476475641
16791,1.5811629715760058
16792,0.12116259684546724
16793,0.940919513221429
16794,0.9278400509989799
16795,1.5963077385467925
16796,1.584962276727319
16797,-0.3183832530189645
16798,-0.09412885929736572
16799,0.4072083528236403
16800,1.3240237777870842
16801,1.2200083608147771
16802,1.822946686928562
16803,-0.02330557415134696
16804,0.1472928071371512
16805,0.8278907849284212
16806,1.8021605672561054
16807,1.6908356792549137
16808,-0.004458533418169361
16809,0.7257075788275368
16810,1.560540716398344
16811,0.7421756519488159
16812,0.4023068893652215
16813,0.6587062432798323
16814,0.5063357343397533
16815,1.0293818855635193
16816,1.9905181215895522
16817,1.041603237252919
16818,1.9219873400106673
16819,1.683272446703093
16820,0.7576139923181979
16821,0.5816833066992787
16822,1.4774120335979657
16823,0.5209795248046146
16824,-0.3250490409369916
16825,2.2808738450645865
16826,0.5299180978658475
16827,1.1976362830546605
16828,1.5670316311347963
16829,1.6516541807230887
16830,-0.9756225131817364
16831,0.6047486902138304
16832,1.5716866717015725
16833,0.8280406180424223
16834,-0.06338480655644782
16835,0.3710658824841565
16836,1.386100608348808
16837,2.0399349051821125
16838,1.1360286695193094
16839,0.43343980639572344
16840,1.7523342009804852
16841,0.8156174804237911
16842,1.7089562997800298
16843,0.5300980542701305
16844,1.3345785239517267
16845,2.396124657090536
16846,1.3236845030208992
16847,1.4025429116788917
16848,1.4755889899581571
16849,0.7703174419506831
16850,0.7218586394338417
16851,1.9730819795038625
16852,1.005774055000185
16853,0.8688097753760404
16854,1.007108484015957
16855,1.2119082036722169
16856,0.42501655836486557
16857,1.5748229501575906
16858,1.1398118761849947
16859,0.6641044255046088
16860,0.23160631511328164
16861,1.4425884962680229
16862,0.4445377696247071
16863,1.8643181417696628
16864,1.7442289739091672
16865,1.8127579939499112
16866,1.3157010912779612
16867,0.7263539356428077
16868,0.09411444283582976
16869,0.34668712497695514
16870,1.4508984769278932
16871,2.122400505072045
16872,1.6098368219783616
16873,1.3246511600209723
16874,2.4902471253115563
16875,0.7759986973149948
16876,2.167312771354192
16877,2.2006958780457677
16878,2.093696478392119
16879,0.7854175550648977
16880,0.8562031847907421
16881,1.291121327961813
16882,0.7796005555526915
16883,1.2833798766708484
16884,1.879428721892525
16885,1.1988982115135973
16886,0.11829374334470656
16887,2.014060761629708
16888,0.8960852850502992
16889,1.1439280560835665
16890,0.27079200801598036
16891,1.0672063251688713
16892,1.4083732285314712
16893,0.9348062783090961
16894,0.08053978446847332
16895,0.8502171001282863
16896,0.18347500796166222
16897,0.5054659281150868
16898,0.9709206177156495
16899,0.22303723029683448
16900,1.817860329679821
16901,1.9716954275170206
16902,0.882724865305955
16903,0.927943104983368
16904,0.8488772111324552
16905,0.642680890153463
16906,1.1270433760599172
16907,1.8061531916910214
16908,1.8835427676851362
16909,1.1804248311023795
16910,0.7485516397748839
16911,0.6422290642137629
16912,0.6838500917093815
16913,1.4178535473381082
16914,2.0194332300451885
16915,1.3515689764234629
16916,0.7818077152563363
16917,-0.06720162393733187
16918,1.485270544624486
16919,1.1263805320554559
16920,1.592583039046272
16921,1.9093393995179135
16922,0.02281254923173707
16923,1.6462344280166967
16924,0.17513634434357678
16925,1.791906224129566
16926,0.9690986705125479
16927,0.5638009001600007
16928,0.3112290796608334
16929,0.7092375660646835
16930,1.853539897745088
16931,0.5908624739149368
16932,2.1008394045414547
16933,0.3095001030834505
16934,1.8607892266341017
16935,0.062101267990485376
16936,-0.1965865670321023
16937,2.1194288868219178
16938,0.9437570323019707
16939,-0.08185836570889998
16940,0.446597796761563
16941,1.1793904564989246
16942,2.2987969580644685
16943,0.768737680913652
16944,0.3301306732176353
16945,2.0310469668678226
16946,1.4200098028453665
16947,0.10212266529698036
16948,1.2551791130210672
16949,1.0827456552225956
16950,0.9225639551270379
16951,1.3928246468545191
16952,1.8098501496147887
16953,1.524272388211523
16954,0.8246129317697175
16955,0.47941126415962393
16956,0.9189706277481926
16957,0.9190478038014708
16958,1.1276974123438217
16959,1.4704797807697056
16960,0.6038640450131776
16961,1.91481472620136
16962,1.3859172134661102
16963,1.9856525084326688
16964,0.6152123961496183
16965,1.271456813673939
16966,1.7394996636690325
16967,0.43969835040145155
16968,0.18042413315592096
16969,0.6430146264609296
16970,1.5738857502568802
16971,0.23988132747029714
16972,1.3580501408227876
16973,1.606425602605413
16974,1.2703141628018124
16975,0.8816684231925321
16976,1.5840407082966643
16977,0.5341677140647881
16978,2.1148603674293636
16979,-0.28961698453661583
16980,0.5135835266203079
16981,-0.05922961709821026
16982,1.8259177425589426
16983,2.313395697207201
16984,1.0613713656820118
16985,1.1812733915898403
16986,0.6270558473751424
16987,1.1920219080031111
16988,1.8131052922195259
16989,1.1074842310706967
16990,0.8597249519703516
16991,2.0697636485240842
16992,0.19530336872895523
16993,0.5345060199862155
16994,-0.1684970937697543
16995,1.718157131257617
16996,1.1555773914833525
16997,1.3449051511861987
16998,1.4127805232878268
16999,0.10346868288668326
17000,0.2946190857462694
17001,1.8839524257533102
17002,0.4987714044839325
17003,0.36831510396166445
17004,2.0037171007926275
17005,0.9749830130696047
17006,2.2090660847886636
17007,0.82808579053483
17008,1.1315369787925447
17009,1.8048071668508527
17010,-0.038005897184276716
17011,0.586423224249681
17012,2.168257813455474
17013,1.6277669490293507
17014,1.5868578346975326
17015,1.2402422815016867
17016,0.9858045975594503
17017,0.8099280320118204
17018,0.17888202440472997
17019,0.06701357425909843
17020,1.2330815992016906
17021,0.32661057618559597
17022,1.3469802733269014
17023,-0.05849497774368692
17024,2.576489868687189
17025,1.2567336439901315
17026,1.7468853483777056
17027,0.8780983892277385
17028,2.5461243988896105
17029,-0.14158777210128434
17030,1.1348891486844241
17031,0.28502569189662386
17032,0.7902845994027351
17033,0.7094207652194735
17034,1.9274161867128041
17035,1.5929492675274837
17036,2.046817983274942
17037,0.9130477756815734
17038,1.002091926373257
17039,1.0654416113141436
17040,1.4872319939095795
17041,1.1571140099018922
17042,0.7201384216256967
17043,-0.05188804094695013
17044,-0.00724578110561655
17045,0.8519516684302797
17046,0.8634858643825465
17047,1.410739996551708
17048,0.8885720807347706
17049,-0.11128346096612163
17050,0.6258224262303115
17051,0.22676795242175055
17052,1.821692807414251
17053,1.766718721333902
17054,1.4158074263666687
17055,-0.1703294363674605
17056,0.360025802133191
17057,0.901903149164859
17058,-0.075820432990398
17059,1.8382276285963282
17060,1.2599429541612306
17061,2.089343834595801
17062,1.4102483157294716
17063,0.4297085558089671
17064,1.2170788382400122
17065,0.2740742449937049
17066,1.4380205016325285
17067,0.8473151532432235
17068,1.6525377813109805
17069,2.2776271420896843
17070,1.696734477879769
17071,0.5806447219425754
17072,1.097233753793454
17073,0.2424249954731053
17074,0.26130133977745496
17075,0.4378314873384753
17076,1.9174530380799804
17077,1.0406403158213935
17078,0.8244366014568272
17079,0.9484440475563136
17080,1.0150838394993782
17081,0.8199330143427666
17082,0.37616053938824395
17083,1.4013868992836302
17084,0.8783458954676613
17085,0.49918135694049026
17086,1.8158556916851518
17087,0.39176712852406614
17088,-0.0983584314982743
17089,-0.4806306634449366
17090,0.83033099246695
17091,1.9576535152354666
17092,1.8337298624860305
17093,1.4690848401617962
17094,0.3508383251969829
17095,0.5970367950745523
17096,1.1606288718063533
17097,0.6512780846121555
17098,2.4302240919076636
17099,1.6491701593731052
17100,0.3541918183844074
17101,0.18852168751133186
17102,-0.05376799400117005
17103,2.199264496805073
17104,1.5083364254178837
17105,1.1189911885999226
17106,0.19287730638072031
17107,1.0210141959908974
17108,0.4358478828364586
17109,2.3221557261744405
17110,1.0442139883660737
17111,1.3524422960234341
17112,0.8069482910191375
17113,2.1520149140425886
17114,1.2277041082024867
17115,1.5703130037233057
17116,0.6499348204583579
17117,-0.23219272539878866
17118,1.2496941094028904
17119,0.12587202810807874
17120,0.7399512620569707
17121,2.0679257306698076
17122,1.2187719955144323
17123,0.3913537646786672
17124,1.5687601087608551
17125,0.46196612835973905
17126,1.4609448150778688
17127,1.2257564100045513
17128,0.9277029016211761
17129,1.238074265305814
17130,1.7179077639168425
17131,-0.1705640408727594
17132,0.5740895150276861
17133,0.40000772823870284
17134,0.4511231102333047
17135,1.8405532729752108
17136,0.4807381422552478
17137,0.2700328953679408
17138,0.46575069310385636
17139,1.3925208846644583
17140,0.8564459927689818
17141,0.42944208167576037
17142,2.4563489636606994
17143,1.0133198529121008
17144,-0.033343888168147956
17145,1.311959907296386
17146,-0.13486647342344346
17147,1.859335634579452
17148,0.01889916359601662
17149,0.0649920984724919
17150,0.38217581940863043
17151,0.8481944925579235
17152,0.22708084571932385
17153,1.552611402910696
17154,1.2146892369040094
17155,-0.44497302824835844
17156,0.8236824998457012
17157,1.6901520810726018
17158,0.9906256975664071
17159,2.195098016365383
17160,1.4135482650783913
17161,0.3322029791829523
17162,1.1609268028408495
17163,0.8188730256879146
17164,2.20046793879368
17165,1.5547863024994
17166,1.800255368309766
17167,0.9411476020245874
17168,1.093927553116347
17169,0.5849169498190965
17170,0.8171579546785116
17171,0.7189932534064409
17172,0.44790090321932535
17173,1.1988851321795129
17174,0.1561240527914878
17175,0.24150834995432924
17176,1.2057051598401005
17177,0.8992300161854723
17178,0.6272617334373922
17179,0.6598838233623892
17180,0.05196727401861456
17181,0.7428899041831016
17182,0.5261414096751894
17183,0.5805264267503263
17184,1.9657613703173926
17185,0.9585033608798734
17186,0.8630042235817013
17187,1.4639364859287554
17188,1.5192062467867
17189,1.4140847734553514
17190,0.8946890899980506
17191,0.7923819139610586
17192,1.7345709395467412
17193,0.033060842928703656
17194,-0.06139396940747352
17195,0.18875939270557596
17196,-0.05476944555018619
17197,0.8232700247790811
17198,0.7002870391884368
17199,1.1477969930278755
17200,2.667459735575329
17201,1.341786094116123
17202,0.3896290078459429
17203,0.9550474237429157
17204,0.8394471480868793
17205,1.2170050798802716
17206,0.71697435542564
17207,0.5955443020523469
17208,2.011804135980584
17209,1.8550469917168286
17210,1.8710142894574806
17211,1.2717548220656076
17212,1.335801863915526
17213,0.2672379114906843
17214,1.9683930434674801
17215,0.8610918991711873
17216,0.9945746142782161
17217,-0.4915121176009885
17218,1.8290345107604202
17219,-0.047280146346690505
17220,0.17336024451411639
17221,1.5001035846207766
17222,1.8145882782140452
17223,1.7891236495393874
17224,0.8032119307751744
17225,0.3439065338702332
17226,1.289000352998148
17227,0.1898485823526942
17228,0.8794593035391793
17229,2.134486521077018
17230,1.5801171492444068
17231,2.1596407842106093
17232,0.10317235413178051
17233,1.5437275005954492
17234,0.09213384966128348
17235,-0.0679795911724572
17236,1.6550342489135248
17237,1.6929931559686002
17238,0.6874299246499953
17239,1.537319503351601
17240,1.0559323370135605
17241,1.8583128780026514
17242,-0.043555287159055586
17243,1.463431579693202
17244,1.4491873782073856
17245,1.7865727798645752
17246,0.3293596151079458
17247,-0.18905238603873348
17248,2.127086492585377
17249,1.8690449356191752
17250,1.5223069936976066
17251,1.8098003594246772
17252,0.061379274235794805
17253,1.804569415798719
17254,1.482170257629161
17255,1.8533334639330845
17256,0.06481096452534994
17257,1.293473019476491
17258,0.28936684543415536
17259,2.271280261026405
17260,1.2656972680003302
17261,0.34218914148998314
17262,1.4031305997560963
17263,0.13360061020469358
17264,0.8093384193981928
17265,1.1194880678642398
17266,0.3972999413291667
17267,0.7129005614160946
17268,0.17422822405359367
17269,-0.4522711803944449
17270,0.531847153296789
17271,0.8914661499034855
17272,2.188704955654183
17273,2.0806862219429503
17274,1.147313230720227
17275,1.19242854851435
17276,0.2935919633297909
17277,0.7412055302346743
17278,0.19732599618542745
17279,0.9758097640895738
17280,1.4332233881454113
17281,1.4539511845004782
17282,1.3481940526759875
17283,0.21966518233980026
17284,1.7814008012741547
17285,0.6313203885618465
17286,1.548321826369198
17287,0.7288814295514623
17288,-0.24069886049314382
17289,0.41886496110328386
17290,1.9858203211709071
17291,2.0585784152287054
17292,0.25177865470079175
17293,0.6730446411118189
17294,0.9113158486490587
17295,1.3722834507487756
17296,0.6569762639885752
17297,1.9653243376535887
17298,1.1934690625169422
17299,0.04992853032311999
17300,0.8123500757425088
17301,0.048696329647199124
17302,1.680910043247549
17303,0.5012374987410463
17304,2.0178449595881194
17305,2.193351562649082
17306,1.6604467944168968
17307,0.47057523878093993
17308,0.554688069719649
17309,0.23184208299778689
17310,0.4580890568027087
17311,1.2070236539201762
17312,0.7580712050592241
17313,1.239578735399808
17314,0.8589817452238744
17315,0.41337931618736246
17316,1.0426228516361864
17317,0.23549818127690014
17318,0.5133696278012156
17319,1.0477261858332645
17320,0.9066418310138746
17321,0.21175719277006502
17322,1.4936460038068236
17323,0.035349681638289956
17324,0.22764187077854278
17325,0.9390643771352309
17326,0.5616424958644095
17327,1.0057863127385689
17328,-0.07950575907716487
17329,0.858276695436867
17330,0.7715551537395082
17331,0.7968224795371791
17332,-0.18261199719408128
17333,1.1029716952921187
17334,1.6040762735300806
17335,0.46964996119625535
17336,0.5636636547465765
17337,0.42784451796524414
17338,0.5845969107135929
17339,0.9004164790453182
17340,2.257298313788069
17341,0.40225506111818077
17342,0.5686822833683958
17343,1.2726809844620324
17344,1.0407643936785231
17345,1.3389027747137732
17346,1.4021907943115344
17347,1.122999253057629
17348,1.7474080573029454
17349,-0.23423159662488616
17350,1.27088049152246
17351,1.181563366113141
17352,1.0298312850344296
17353,0.3018561809559177
17354,0.9208215444515555
17355,1.1286304686325008
17356,1.1677244636129314
17357,0.4735522946220355
17358,-0.44336901258569944
17359,0.0544529822554186
17360,0.6463176230286347
17361,0.34900097041359507
17362,1.2674566851169642
17363,1.4839917789655157
17364,0.022512549861180994
17365,1.5926951398087483
17366,0.19300831950717
17367,0.78918326937949
17368,0.7566119065405548
17369,1.6711931910978894
17370,1.5984485688553236
17371,0.9802205050899779
17372,0.026637027295423985
17373,0.17866355061312436
17374,1.780430767479689
17375,1.2726182308658625
17376,0.6309266927068173
17377,1.8201388276748294
17378,0.01410695143652932
17379,-0.14113233045744086
17380,0.13558878254138063
17381,0.5314940826615514
17382,0.27220934108510086
17383,-0.10704144228200987
17384,0.19362183099605312
17385,0.3217136877585765
17386,0.23834032273980013
17387,0.44037450011010315
17388,1.982595619733468
17389,1.1057258967254557
17390,1.3332567573786454
17391,0.1652464605824226
17392,0.9729408293203201
17393,1.115891484545498
17394,2.6453012093453308
17395,-0.03816102762831863
17396,0.33267929348409675
17397,0.99359198099845
17398,2.2034007073279147
17399,0.8896909981687642
17400,1.863997254353044
17401,0.1052735033685783
17402,0.6430878310487227
17403,0.26179585285683
17404,1.544781932263187
17405,0.7365634169216084
17406,0.7902175870598462
17407,0.4430582965685453
17408,0.7138181347828272
17409,0.01571542512833235
17410,0.5064052010247292
17411,1.7564730318750292
17412,1.9278259910672149
17413,1.2248294666675528
17414,1.412930048661937
17415,1.8321389253036273
17416,0.37030433477635377
17417,0.46898612246245414
17418,1.4496485623405295
17419,0.7832185677230894
17420,0.2608098662586269
17421,-0.20253043746404614
17422,1.2076137661193345
17423,-0.11504682069051034
17424,1.059808208091729
17425,0.848934703061462
17426,1.6114349818180755
17427,0.2555225818699302
17428,1.5082119138460008
17429,2.27824612317596
17430,1.3701747312788854
17431,0.6211249877109775
17432,1.034074732743899
17433,0.7546656728169261
17434,1.5595687231371198
17435,0.2648789818660111
17436,0.3980208306518448
17437,1.0963681020969598
17438,1.533929115003117
17439,-0.5878461556269755
17440,0.7061467862419089
17441,0.7994714915294212
17442,1.5767110314506816
17443,0.783794725864654
17444,1.3255119539624565
17445,2.0534405815055825
17446,0.33273851472867516
17447,0.8502046860219525
17448,0.6579966666444069
17449,0.11363977176421697
17450,1.2597044439672405
17451,1.4408316399389327
17452,0.32204423613467514
17453,0.42051576077423714
17454,1.9137107903071067
17455,1.0015081455084005
17456,0.7133229856069865
17457,-0.027607307106256224
17458,2.32590201147375
17459,1.6125836953734265
17460,0.4186952071811974
17461,1.8910686996298103
17462,1.0474840453423528
17463,0.5843330117483018
17464,0.18019645380009502
17465,0.5308421615783459
17466,-0.054973963985811475
17467,0.3077091070101081
17468,1.4576001907208116
17469,2.080080172267809
17470,2.1374983002577723
17471,2.267078764400149
17472,-0.09946218632234355
17473,2.000111779324929
17474,0.2044370518955927
17475,2.1953719997609253
17476,1.2630488518759315
17477,2.0721706764006926
17478,1.4336375372965104
17479,1.7561232917736975
17480,1.3103711100349515
17481,1.4449812432296492
17482,1.1948012517311175
17483,1.75024657565631
17484,1.8352143995247703
17485,0.6369553018995107
17486,-0.13727725472350705
17487,-0.1214274569103442
17488,0.8453926354579984
17489,2.018116066526907
17490,0.39249463672948837
17491,0.5688269069572857
17492,0.2511228334282274
17493,-0.22685998582401787
17494,1.1760897722424732
17495,1.514472975729443
17496,0.8395203236224607
17497,0.19014540685749248
17498,0.9483560117100586
17499,0.15633615770223033
17500,1.5360875056745025
17501,1.0426478782764017
17502,0.7491148230413385
17503,0.24150178998167957
17504,0.9669041179049145
17505,-0.04465330786282415
17506,0.8885324413965672
17507,0.6534325837253784
17508,0.8265449333074562
17509,0.4138903103937708
17510,0.07379871881363684
17511,1.1679844531418058
17512,0.9812817448111275
17513,1.812760269634297
17514,1.3767215147699583
17515,1.193653938359168
17516,0.25871598235293775
17517,2.119120505780166
17518,-0.4323423509132112
17519,1.6875433487184264
17520,-0.14200166538265213
17521,0.8162494644250962
17522,-0.2353600211223703
17523,0.778432666754427
17524,2.9757167919162555
17525,0.17972472161522424
17526,0.6262960306248806
17527,0.2728985962080851
17528,-0.6440310337937575
17529,1.644621162619516
17530,2.010539278217543
17531,2.175873442687676
17532,1.2122245873566773
17533,0.011787486581651699
17534,-0.4551973228469155
17535,1.3144702955759948
17536,0.835115743084673
17537,1.2977881705706538
17538,2.629758955434289
17539,1.611580506395599
17540,0.03181893706370942
17541,2.7081522864143803
17542,1.2363565538315118
17543,-0.16227160532739143
17544,0.2550728799862573
17545,1.1956588513525663
17546,1.1741141017271122
17547,1.4856193451141249
17548,1.4599899367821179
17549,1.1944958728331074
17550,0.1630124822731447
17551,0.003220627751230179
17552,0.353128186378229
17553,-0.37771546773288783
17554,1.503603168004281
17555,0.40632761226861414
17556,1.8407389251595616
17557,0.4118602631896805
17558,0.38745209515155066
17559,1.1223016043533496
17560,0.19295157925615453
17561,1.1533262876505352
17562,0.9574380507348808
17563,1.0766531183750243
17564,1.4467305897451008
17565,1.4518283539046373
17566,-0.15546623301701998
17567,1.115727720979228
17568,0.35428126715378666
17569,1.1596870125370053
17570,1.764292588792924
17571,0.44875063666363635
17572,1.2179711234352313
17573,0.6908704895003561
17574,0.6956550389372254
17575,2.21006894173404
17576,1.2533270061781914
17577,1.1301178474379614
17578,2.0901290124450753
17579,0.23945087827179173
17580,0.678191744653694
17581,1.5830479786668037
17582,-0.15689338114558643
17583,1.246159050239625
17584,1.2481913525018573
17585,0.3361813593312147
17586,0.4941405826287202
17587,1.640006419583347
17588,1.8061445516757961
17589,-0.03937058359928171
17590,0.46141103743295
17591,1.1837448574104297
17592,0.5052442665926128
17593,1.8264427622833141
17594,1.1555136867816946
17595,1.4459853796319926
17596,0.8185178282733104
17597,1.059360780909014
17598,0.9683867416435414
17599,0.6261892658297172
17600,0.2561180696185516
17601,1.7762761949627182
17602,0.1566192475069438
17603,0.37351695189188705
17604,-0.09347467188575395
17605,2.6738343051722615
17606,-0.07327444447142953
17607,1.680975685146301
17608,0.7477889664663733
17609,1.9441049450253356
17610,1.254836566747594
17611,0.9736738058772509
17612,1.2200964719793548
17613,1.3056660747363362
17614,0.9089177528172578
17615,1.6044453220931685
17616,0.4419762959029071
17617,1.3678538305506207
17618,0.8593331389938591
17619,1.1174197596056592
17620,0.7971772094755986
17621,1.1276003377783363
17622,2.348250607698748
17623,0.9366095911387486
17624,1.3456902899709398
17625,-0.20390970472417203
17626,0.9210543912350357
17627,-0.12242896494078695
17628,1.319455663157091
17629,0.632048447653428
17630,0.3702225197169732
17631,1.0952109556821368
17632,0.7735146956825447
17633,1.3795207249254169
17634,1.4678309239264367
17635,0.8714457216950702
17636,1.4739660296733355
17637,0.17619668823516899
17638,0.5824672846347042
17639,0.2593454156228485
17640,1.5018419691311766
17641,1.3617924556178378
17642,0.9208521705521935
17643,1.910295530829107
17644,1.0093822837460087
17645,0.5504361240193814
17646,1.508913247283344
17647,0.7552672597821182
17648,0.9631709468916299
17649,0.16083092765128948
17650,1.6141789583714212
17651,1.077949766951207
17652,0.024021478856450174
17653,0.976956920612962
17654,0.6063009754548578
17655,0.5941940840546645
17656,0.26889636607505574
17657,0.9406461211347565
17658,1.1352502350014109
17659,2.2566717448705593
17660,2.033725706934046
17661,0.7626763695595351
17662,0.6049417660508247
17663,1.2610803599079827
17664,0.7224584218844555
17665,1.65740514214621
17666,1.3549011589031486
17667,1.9308003960002067
17668,0.5626098705739088
17669,1.7183567395725883
17670,0.9250214062671395
17671,2.0509269568151893
17672,2.265926247721249
17673,0.6622911797193081
17674,0.03266928109991106
17675,1.2586642343074816
17676,0.398047748100686
17677,-0.03727150572894894
17678,0.7796216691330673
17679,1.5195902336131852
17680,-0.24812231897679007
17681,2.359582004836654
17682,0.7646887457223535
17683,1.346738996208217
17684,0.11112650721250619
17685,1.2675608706424342
17686,1.1980342543709603
17687,1.8112349898951723
17688,0.8779505539069374
17689,0.8100091802992166
17690,1.512919958860016
17691,1.9498589289341968
17692,1.9474370923636208
17693,1.6590195274038133
17694,1.1493505251928406
17695,1.5585639115180923
17696,2.4460238004554746
17697,0.5241025079767587
17698,2.176592176160852
17699,0.8796098377653547
17700,1.0170400741923804
17701,1.8041984225656478
17702,-0.1601497185467578
17703,1.0165716400642537
17704,1.7704574790932217
17705,0.6431108717768583
17706,-0.024164965627605922
17707,1.2586313950162595
17708,1.052192365789318
17709,1.2282113809517536
17710,0.2536829442948576
17711,1.6592228537622047
17712,1.4306741562316765
17713,1.1812322434147338
17714,0.6327789443930766
17715,1.8180628957825369
17716,0.1773339084909023
17717,0.49082311197784756
17718,1.066929055900486
17719,0.9605721612540818
17720,0.07043231171868516
17721,0.7823108791645859
17722,0.12535431041315026
17723,1.984523825916701
17724,0.17520640401517618
17725,1.5292114051888828
17726,0.34107218735428757
17727,0.34201094075540656
17728,0.29975048518149755
17729,0.4351222745394034
17730,1.228807059376043
17731,1.5845434663608002
17732,0.332007051810001
17733,-0.10126060216625529
17734,1.3716380256796563
17735,1.9524123138755536
17736,0.8442071867061389
17737,1.4071305039667716
17738,0.36818313742284003
17739,2.026511081591548
17740,1.2688649122320217
17741,-0.005677675512944305
17742,2.0887629764547917
17743,1.1356447551337459
17744,0.9973773277288736
17745,0.7683173244452806
17746,0.6116312363040018
17747,0.48840536820245417
17748,1.4150683166484554
17749,1.8917073889187421
17750,0.26460252877120644
17751,1.741250289154423
17752,0.28874680226538835
17753,0.41953903348597926
17754,0.23119227327788583
17755,1.4723182762097933
17756,-0.30674964563666024
17757,0.11932551346310379
17758,0.5881919877807611
17759,0.6341969629643796
17760,1.4328749904422768
17761,0.7118798225962097
17762,1.218561959011176
17763,0.9984347817428874
17764,2.412417625701657
17765,1.871433450787575
17766,1.5340847160843103
17767,0.5001448909259265
17768,0.9385101499239382
17769,1.646429783460016
17770,0.4954190547100747
17771,1.860287660926373
17772,2.02960648940968
17773,-0.07172674553826261
17774,1.2199064525370362
17775,2.5322673043380615
17776,1.6297079773554637
17777,1.5801625341425733
17778,2.198218676925989
17779,0.9003446132630025
17780,0.2241024817836238
17781,1.2422154025846024
17782,0.17579404648196778
17783,0.5362130555869903
17784,-0.11683601127146467
17785,0.3027082771710434
17786,1.9440690450195115
17787,1.593674024972194
17788,2.1592223740681358
17789,0.7770563785700757
17790,0.6674317318369163
17791,0.31200256140462757
17792,1.4395377189130416
17793,0.13641214605626806
17794,0.8522984297443732
17795,0.38928530045596216
17796,1.2763422481641258
17797,1.5861111054532717
17798,-0.13786433119729183
17799,1.4831315637699551
17800,0.30957915283064863
17801,1.1972778938503632
17802,2.0190287709638826
17803,1.4034517084404818
17804,2.002908307520539
17805,0.8673608982916139
17806,1.2333618846271883
17807,1.967391062282052
17808,1.2135881364420573
17809,0.23172263205770016
17810,1.1918426602771537
17811,0.3624696265030975
17812,-0.1453643161714014
17813,2.2396785812189544
17814,2.2574152030950083
17815,0.5705912856204702
17816,1.5015205024184939
17817,0.600072211944066
17818,1.5804200837972813
17819,1.586169142442946
17820,1.0601711581369062
17821,0.25080762016521574
17822,0.04709874573242234
17823,0.11931372084920137
17824,1.2572424369080615
17825,2.0237270478647114
17826,0.8306661494430927
17827,2.5061342422324797
17828,1.4993106715856248
17829,0.36806387895193515
17830,1.2268767598882424
17831,1.3091387416939868
17832,-0.07859680188421964
17833,0.3677899076809476
17834,0.8144026809475757
17835,-0.14695280190164867
17836,-0.10627873297759721
17837,1.7015604622915381
17838,1.3615773529900956
17839,1.45377321798585
17840,0.6926374421182409
17841,1.7714927260320474
17842,-0.00893789337999941
17843,1.8412293859360354
17844,1.1639201528265524
17845,0.7270567640867591
17846,0.32943387577150535
17847,1.4588555883671945
17848,1.6658883226062962
17849,1.0525869030916013
17850,1.8299980848918531
17851,0.7693863950270398
17852,1.0425458572549875
17853,1.273725810041571
17854,0.338588747280023
17855,1.240230639003895
17856,2.145893143249524
17857,1.0392013225379553
17858,0.23208878337229932
17859,2.0056242251005463
17860,0.5788325363105431
17861,-0.20450717961911735
17862,0.48562861961114234
17863,1.2354797080787503
17864,0.2301404141228298
17865,1.3810262796909436
17866,1.2911006401812095
17867,1.5541712799591447
17868,0.01939206392124363
17869,0.8712695008292055
17870,0.3797273606806631
17871,0.6542088681499789
17872,0.28659132275779864
17873,1.4550761945506516
17874,1.2747176728015597
17875,0.03605711914341283
17876,1.3012173532403966
17877,1.2615296287845519
17878,1.8683229494951947
17879,0.5462465226766768
17880,1.551177638545137
17881,1.323814437560272
17882,1.846426722445528
17883,1.849638056071344
17884,0.7551385430035393
17885,0.7731011328654909
17886,1.2421852659431316
17887,1.3372032902684625
17888,1.0970460407864329
17889,0.6492859355863474
17890,0.7101113390894906
17891,1.0058153462477624
17892,0.1827669119281054
17893,1.925714552079905
17894,0.5956466343362778
17895,-0.08580749596425102
17896,1.5708622482493406
17897,1.5482277244742775
17898,1.7515245055016473
17899,0.2062129283895369
17900,0.6997638537364061
17901,0.5568797297897241
17902,0.5555437951653914
17903,0.591585495928804
17904,0.09727358482832066
17905,1.5762910166358233
17906,0.11225267105491185
17907,1.8204115358939528
17908,1.425979651775268
17909,0.07864969409725076
17910,2.0903939029977483
17911,1.4022900430940406
17912,0.09053843053792221
17913,1.7638136311700676
17914,0.6844768994533075
17915,0.8108971120273012
17916,0.1892235100307382
17917,0.5120271176950167
17918,1.5151662636975054
17919,-0.40712439652829635
17920,0.8270104366408888
17921,1.7325884289783904
17922,2.08006577545255
17923,-0.23164525976538633
17924,0.3239861016718731
17925,-0.09698596764744019
17926,-0.15338662506447504
17927,0.1758982327867772
17928,1.1883189745990825
17929,0.10160364652334607
17930,0.009837978317220514
17931,1.4434334319629065
17932,1.8464907770344274
17933,-0.0013253086906464956
17934,0.20082307348647932
17935,0.8530127421684341
17936,1.4635567423440845
17937,1.3497374461237477
17938,0.22474480588309717
17939,1.1829588498991075
17940,0.46660479945485517
17941,-0.05934099213878785
17942,1.6895482237046475
17943,0.5612021752801317
17944,2.0893904773451926
17945,0.28542374055202424
17946,0.777731922498086
17947,0.9299104622098193
17948,0.09900743446690753
17949,1.5365905327002267
17950,1.1235052304947728
17951,1.5904504862141633
17952,1.9824843914935324
17953,0.3537045590539956
17954,0.2995930085551878
17955,0.4898795863391224
17956,-0.25838136798672584
17957,1.5962958300730206
17958,0.16337407232638457
17959,1.1558806177251244
17960,1.742493230310106
17961,-0.18298901957351985
17962,1.3867202148120459
17963,2.1475696723144457
17964,0.035526202092621084
17965,1.387908984057736
17966,0.7170739125431446
17967,1.698812337444477
17968,1.726330595573692
17969,1.7704694312463525
17970,1.7461359360664002
17971,0.5428685910233872
17972,0.8156395622327355
17973,1.1554691393212198
17974,0.01295056999395866
17975,1.8872421500459136
17976,1.1255028442301884
17977,0.9714935717847449
17978,1.747985436643749
17979,1.1711801878991708
17980,0.03953154722251083
17981,0.2968311518611298
17982,0.3741520453901631
17983,0.8460484515047896
17984,0.9625809321511725
17985,1.0236139745400428
17986,0.5139291614072623
17987,0.8528516241073113
17988,1.8013997898031278
17989,1.12247819553238
17990,1.1689626069232313
17991,2.6035053913475803
17992,0.11627270975680372
17993,1.3775932652099556
17994,0.529305510956174
17995,1.4070259610563343
17996,1.3173174367128944
17997,2.4963298428609773
17998,1.3136760144201434
17999,1.677364150039662
18000,1.2179460625213387
18001,-0.009707991906020404
18002,2.3527581851281663
18003,0.08499426687069232
18004,1.8169537736294041
18005,0.46200714042100377
18006,1.4625935979002278
18007,0.5367310148468898
18008,1.7649785540694687
18009,0.2847486329530158
18010,1.716826486563723
18011,0.6543336212338778
18012,-0.20160271944950375
18013,1.1372809894291669
18014,1.1525757264366565
18015,1.8597819257124288
18016,1.8563355269342663
18017,1.6654881636664305
18018,0.7416608121173629
18019,0.4105194424694639
18020,1.2349239822835836
18021,1.1847392685664258
18022,0.9835576548254465
18023,0.47025486996423316
18024,0.13404072929167943
18025,1.2377354381361103
18026,0.3036453425619321
18027,0.9176066603751036
18028,2.785005977336759
18029,1.041046614403925
18030,1.4825036897968638
18031,1.0680576764789123
18032,1.7201484253958899
18033,0.800598747608581
18034,2.160032587104551
18035,0.2893334078252766
18036,2.973321012031894
18037,1.282137116555739
18038,1.7116519209324983
18039,0.946300547460479
18040,1.3737952643976648
18041,0.8543369418262303
18042,2.735410124128626
18043,0.9468607397755007
18044,-0.20515177833486764
18045,0.7933214926946431
18046,0.3063697190593435
18047,0.16736657162598884
18048,0.7659948597476098
18049,0.2746284288470486
18050,0.8775850795446729
18051,0.8183493160605451
18052,1.8555555501231522
18053,0.28704587367319173
18054,1.0218275953636302
18055,1.3744626954473018
18056,1.402631968178267
18057,1.8006743333748707
18058,1.820982195364021
18059,1.6102368987486626
18060,-0.09008542845299969
18061,0.5210879687289038
18062,0.5176943453511234
18063,1.8921062160558093
18064,2.0069272933832987
18065,2.0716263071539878
18066,1.6907010519112742
18067,0.8893591620629018
18068,1.1105937894442013
18069,-0.02768522889810246
18070,1.5403015836683465
18071,1.7940715820175483
18072,-0.3544654980264502
18073,0.8419150156290702
18074,0.4718724384837407
18075,2.700666551335215
18076,0.23279026549217824
18077,0.539173874226851
18078,0.22536682111777562
18079,-0.07113837723374222
18080,0.6349020407658988
18081,0.20093039597475582
18082,1.0731611322787094
18083,1.93537895444955
18084,0.406242624635841
18085,0.04379206117611362
18086,-0.27302773178984546
18087,0.24830662999886266
18088,0.3254861868194726
18089,0.987400090011695
18090,1.8368288011812517
18091,1.4526255311263419
18092,0.5336876860999499
18093,-0.3379790068941774
18094,2.103567484754958
18095,1.8093004494333986
18096,1.0569947123252394
18097,0.25885989511699015
18098,1.2017017583700793
18099,1.028510578293833
18100,1.5344775384389513
18101,1.9610814125346296
18102,0.30049692841551345
18103,0.8267884335343682
18104,1.3919506191303976
18105,1.1846628935712116
18106,0.820854464358896
18107,0.06006275695403959
18108,0.14678046837931907
18109,0.908813130922058
18110,0.25001578706581135
18111,0.9280011609269945
18112,0.7011972602717598
18113,2.109295961934757
18114,0.22766367104227914
18115,1.5733698503975404
18116,1.0860938379803498
18117,0.0652440745954008
18118,0.933551669187948
18119,1.1054629053676075
18120,1.6497597897654583
18121,0.031844468504560325
18122,0.8853656255402873
18123,1.9643378038426413
18124,0.9264242960338502
18125,0.5327203499710981
18126,0.7669226050542857
18127,1.0840122845455096
18128,0.21530661099184184
18129,1.5216543993922045
18130,2.2200134944983225
18131,1.2881199807875283
18132,0.31366976573112476
18133,1.714392949301125
18134,1.4952869463374991
18135,0.3188916267923488
18136,1.5538059172778675
18137,0.7069269753356516
18138,2.0067070342124103
18139,1.9194056896058487
18140,0.5152873457091345
18141,0.5158077068506043
18142,0.03893281439824102
18143,0.5945758206189811
18144,1.3636703913474881
18145,1.058624756213693
18146,0.20137885636725011
18147,0.811163512805676
18148,0.9341414261154718
18149,2.2347583326619813
18150,0.9091183332292425
18151,0.5912686850787274
18152,-0.19398724427413938
18153,0.3474943816067626
18154,1.5100635547265802
18155,0.9344780072557273
18156,1.1463596567119652
18157,1.1635888230480917
18158,1.2146571451055463
18159,-0.19100682201622135
18160,1.7785684519153644
18161,1.6402769725870168
18162,1.579369377639574
18163,1.3193776527298822
18164,1.5194643325180643
18165,0.839875462509698
18166,0.6941308714143422
18167,1.6013624469170626
18168,0.1649231993569828
18169,-1.1540868588037085
18170,0.8195535767615523
18171,1.5032424940258764
18172,0.5970429398811816
18173,1.5230253125644557
18174,1.6074652610192215
18175,-0.028200327560100574
18176,2.251425319738306
18177,0.7816898938285051
18178,2.3312365876400287
18179,0.3248698929568167
18180,1.8459657945365069
18181,0.15119045131633066
18182,1.0629744022280025
18183,1.1857476564587643
18184,1.6443782204268418
18185,1.1431645722430792
18186,1.035291495039234
18187,1.7020913160844275
18188,1.4658001968754855
18189,0.26694060541830034
18190,0.10647248886131133
18191,1.986482002901475
18192,-0.006520841668123972
18193,1.8670852836440368
18194,0.47403206257271285
18195,1.764157876299939
18196,1.7573103702305222
18197,0.1475906503445135
18198,1.4005780465960487
18199,1.3271159887318904
18200,0.8345089439785444
18201,1.2281169921793846
18202,0.6495809844998044
18203,2.093687175123776
18204,1.3003477766728628
18205,0.19360304228102138
18206,0.49896602372360654
18207,1.5066407786535214
18208,-0.0964377020107807
18209,2.4527429679272736
18210,0.6216819221259755
18211,1.3270222361176534
18212,1.2494451168671068
18213,0.811378517821067
18214,0.7274599855391284
18215,2.0098927345695294
18216,0.9362044276923802
18217,0.6711220193122256
18218,0.45410818356085314
18219,0.992474625569402
18220,1.0709473129236833
18221,1.3523147698362905
18222,1.8633027811370224
18223,0.21704578000514668
18224,1.5487567332965897
18225,-0.09133224617680444
18226,1.582366608917336
18227,1.2852476060453344
18228,0.5614918563361703
18229,1.1345510546790591
18230,0.7316920019182631
18231,1.4225978160550858
18232,0.8086149807410028
18233,-0.07022280379426278
18234,0.2604922696072083
18235,1.1545506975515498
18236,0.5888057647336712
18237,-0.02897129221464785
18238,-0.07987324049537037
18239,1.6176431903528194
18240,0.15481242291420869
18241,0.9594721585293869
18242,0.8751596911345356
18243,-0.043287758165362
18244,0.6116116533442342
18245,0.23200018648380055
18246,0.990228174955402
18247,0.8357647560286273
18248,0.4977999895403221
18249,0.35963918206773043
18250,2.046791431523071
18251,1.56615145011935
18252,1.0333164004853452
18253,0.06545782735262702
18254,1.987277459722416
18255,2.0557380465268187
18256,-0.47497952830207807
18257,0.6370734856205741
18258,0.3915143221364115
18259,1.4013642682943293
18260,0.23440671715434871
18261,1.680023358674538
18262,1.8148080230125776
18263,-0.3699147512372143
18264,0.973465489370977
18265,1.0168985908043195
18266,1.6954785799255918
18267,0.7750691048219139
18268,0.6090827063033833
18269,0.8236759033654726
18270,1.3571959183218956
18271,1.6340848994917363
18272,0.6622820266146558
18273,1.4482515885620453
18274,0.706572203117638
18275,1.5329960852111115
18276,0.7637693103755598
18277,2.0345408237083245
18278,1.6619724650702885
18279,1.3513340017744964
18280,1.8399553921647847
18281,0.790042066937144
18282,0.1415419498579983
18283,0.7644851391512051
18284,0.6443901538513392
18285,2.328461166062943
18286,0.6255427001335339
18287,0.32604001747439454
18288,1.729639210267966
18289,2.20087479731056
18290,0.11141064604690835
18291,-0.006146787486784017
18292,0.6849720653049534
18293,1.8435145526173224
18294,0.28149179691656834
18295,1.637941259410965
18296,0.5087249845182081
18297,0.5697858890755889
18298,0.3600421301697178
18299,1.5019642024730577
18300,1.6423669540006902
18301,0.38193216643415634
18302,1.9465563537924029
18303,1.1989258094061335
18304,0.8697294189078187
18305,1.3041473890551147
18306,1.208323900366448
18307,-0.181281298851275
18308,0.910953986991939
18309,0.22433246560874215
18310,0.02467176255710056
18311,1.9576255415363555
18312,1.1122320951471636
18313,0.825912634399932
18314,1.9585858748997829
18315,1.5600831674565065
18316,0.3787765777160528
18317,-0.06033483908679507
18318,0.09193161680625596
18319,2.1677447240048444
18320,1.2743751254453881
18321,0.5779740408216594
18322,-0.15609378686673092
18323,0.21874452126286179
18324,1.4421626878091143
18325,0.6551062300163193
18326,1.5309434333377014
18327,0.8901422505196481
18328,0.11658078066329633
18329,0.8046855272209837
18330,0.9143685961378054
18331,0.05697567669013353
18332,0.8255303710069812
18333,1.3049936112502845
18334,0.22726873214301613
18335,1.746126017035706
18336,1.0340978419568199
18337,1.1622847825918305
18338,1.6838501548653462
18339,1.881010216288415
18340,1.6259040518543963
18341,2.0048402252625332
18342,-0.004806934204505675
18343,0.7602216111377813
18344,0.8137040196646388
18345,1.2663415752418785
18346,1.9423972438498627
18347,2.3615758961039925
18348,-0.17570725793012573
18349,0.2934085791125842
18350,1.5098234809075128
18351,1.6570211708449734
18352,1.0922809668652953
18353,0.01146666195282426
18354,0.3735610229537185
18355,0.7089799820049553
18356,1.2118139141707105
18357,1.6792491556096099
18358,1.0462287585111592
18359,2.1512230313461123
18360,0.11762216004937315
18361,0.1390170204611795
18362,0.5787577779038213
18363,1.4421875450461268
18364,0.6191657218724587
18365,0.8411243609001662
18366,0.31668332362914114
18367,1.9894840378438257
18368,0.5527986202031134
18369,0.7810635304500584
18370,-0.6122128461787978
18371,2.2395807437159463
18372,1.6824032063305867
18373,0.9584403985869221
18374,0.14488904807106212
18375,1.7480925427208833
18376,1.7910860098089203
18377,1.792570691320906
18378,1.1525148367581253
18379,0.4443272011958503
18380,2.0235032284683654
18381,1.9803897779255977
18382,0.6819795518275038
18383,1.2855476831478618
18384,-0.027255042782129882
18385,0.4883819303433069
18386,1.419499300484451
18387,1.8814860018046955
18388,1.1306363211334516
18389,1.8166984810264828
18390,0.16958629156650964
18391,1.3421381711702007
18392,1.0334144238917615
18393,0.05775201356735628
18394,0.057264720764269084
18395,1.468059745801968
18396,1.4587085977409442
18397,1.822107448450781
18398,0.6670257330341154
18399,0.5496707067281101
18400,0.05986901496874468
18401,1.1670567041125468
18402,-0.21073088694341702
18403,1.2292935926425579
18404,1.3842475971696304
18405,0.22344329001658003
18406,0.8807341350320834
18407,-0.22273031219333023
18408,0.7206593150010944
18409,2.255303735338312
18410,0.8341193608079713
18411,1.5730283150594977
18412,0.9565032245995114
18413,0.992157776080598
18414,0.31136309742754775
18415,1.9034947838441314
18416,0.7997500059145917
18417,0.5892535718640703
18418,2.1443093834719655
18419,0.06942451140232249
18420,0.3249244447147021
18421,-0.09905135164944023
18422,0.6889870576926463
18423,1.4784713912650276
18424,1.094601355858618
18425,1.6237585032224566
18426,0.3002859204513999
18427,1.785033006830309
18428,1.7816023635457425
18429,1.4839720165831134
18430,1.4897384166309773
18431,0.2184035095555896
18432,0.1742592112440758
18433,0.15311503893086204
18434,0.3123610493125192
18435,1.550972924398043
18436,1.2850317527405588
18437,0.989380392628197
18438,-0.08437799573631638
18439,-0.028483735256792903
18440,0.1567056593193355
18441,0.2886694727333168
18442,1.3192432355725094
18443,0.6743955193752309
18444,1.390317883999356
18445,1.5643037201485746
18446,-0.30289708108942276
18447,1.07909599167425
18448,0.5708218117329606
18449,-0.2530620500593189
18450,0.38009360074082665
18451,2.114163764317083
18452,1.2484957480472987
18453,0.21869003247798985
18454,0.7090806796931279
18455,1.437092246061726
18456,0.7229904247769826
18457,1.1145495549746198
18458,1.079267751834361
18459,0.540077440185392
18460,1.192469189394898
18461,0.07260709732902079
18462,1.444153866244434
18463,2.0956259655367573
18464,0.676867962550834
18465,0.4469838476268003
18466,0.446865562055935
18467,1.4917063006389712
18468,1.0141722138460119
18469,1.5393433332157385
18470,1.068371380544419
18471,0.7461194628398999
18472,2.076273369877645
18473,0.36961166015162045
18474,2.3474634126023504
18475,0.5819483112791077
18476,0.5492452542743638
18477,0.23424623558208651
18478,0.05247376800275534
18479,2.019759668267106
18480,1.4403849749883553
18481,0.5299552933209177
18482,1.5579282843251274
18483,1.1407970615343899
18484,-0.2170295447396039
18485,1.6697994916233536
18486,-0.1251497851621128
18487,1.5985896401479796
18488,1.76608406551073
18489,0.2754585021973637
18490,1.120146607028828
18491,1.1418302831824045
18492,0.8143710782728126
18493,0.6350520468091817
18494,1.163080566976948
18495,1.6384148767336502
18496,0.9751507757782367
18497,1.2825121039699492
18498,1.6096432514905776
18499,0.3976955067504525
18500,1.1209489963891257
18501,1.0596235318496514
18502,1.305104342381086
18503,0.9310930182240953
18504,0.4730303065524415
18505,0.22721375023687956
18506,0.8180410599072659
18507,1.3853686359762871
18508,-0.04103989789366176
18509,1.5812278871941357
18510,0.7459525936610866
18511,0.4863645654209786
18512,0.19328676917702692
18513,1.6054026447168663
18514,1.849960855324671
18515,0.13504951325406606
18516,0.11472670100963685
18517,1.0023406666628765
18518,0.16872105043649027
18519,1.0897935810360009
18520,0.8730214632461855
18521,1.3338547119831685
18522,0.18484343844249806
18523,0.4583054368459008
18524,0.03595197771349293
18525,1.3192876607352158
18526,0.5100481747458283
18527,0.9110484323976329
18528,0.9773129301966066
18529,1.6201054637544865
18530,0.41547408346301257
18531,0.7020162767109785
18532,1.3351607437482709
18533,0.08960622833918121
18534,0.7146530838995335
18535,0.6944193156094249
18536,0.43024931699955404
18537,2.0668294456811385
18538,0.23105288411319103
18539,0.009742053410502806
18540,-0.1971947170879016
18541,0.9273782861349815
18542,1.1613807503724873
18543,1.186975263269799
18544,0.17548135984058438
18545,0.5063422360596742
18546,0.17602942058263532
18547,1.0646824465811662
18548,-0.08710515899881352
18549,1.9823237800331777
18550,0.7248183255144658
18551,0.8853633240047714
18552,1.1800385825992952
18553,2.1184494861269134
18554,1.3158180878308312
18555,1.868684789012105
18556,0.727206362855692
18557,1.777222755851939
18558,1.6463664867306023
18559,1.526543022739751
18560,0.11665389688083122
18561,-0.2376535520988583
18562,1.8626760500438322
18563,1.984614330785971
18564,1.402813521587585
18565,2.470144632003985
18566,1.6598171803785589
18567,-0.08950241888418517
18568,1.6144269056809946
18569,1.4741304666921398
18570,0.8550391281657233
18571,0.02109859482916475
18572,-0.01586679443560214
18573,1.50508801067438
18574,1.7081040794246694
18575,1.5138847003604987
18576,0.3338115172927925
18577,1.6461347351556095
18578,1.4329602097261642
18579,-0.03832308290951915
18580,0.16496309672182666
18581,0.6684100415105119
18582,0.7745834808917191
18583,0.016516119060827193
18584,0.6101141252470144
18585,1.3309138677790346
18586,1.9283047263063087
18587,1.366528599589741
18588,0.8347774211072159
18589,1.3067184182947127
18590,2.556841972824392
18591,2.174220951844228
18592,0.5194869292650494
18593,0.09800047366924436
18594,1.6228388897942598
18595,1.468227322562727
18596,0.564099171038542
18597,1.278420555495568
18598,0.7054682432715995
18599,0.45465712550186166
18600,-0.1515325500214145
18601,1.8242729209245432
18602,0.13221943757094978
18603,1.3375713538848548
18604,0.47288046361353947
18605,0.15031470512512465
18606,0.09284602163551535
18607,0.34066619675547627
18608,0.9967656592630805
18609,-0.055242973746505636
18610,0.8749753131041293
18611,-0.14032713902924485
18612,0.013127740026288068
18613,0.04751714332488957
18614,0.40021662358540977
18615,1.9104148442356856
18616,0.38600650837701966
18617,1.7386624844494991
18618,2.109665840678989
18619,0.36904394337468666
18620,0.9080239602093079
18621,0.8610650509416433
18622,0.5742218960267618
18623,1.3877797994039789
18624,1.4872672679971881
18625,0.33484730828942827
18626,1.5397896978888663
18627,1.6205180836463193
18628,0.3921054929389464
18629,-0.17459764424736482
18630,1.4608638454076053
18631,1.4216074068383382
18632,1.6532684410354128
18633,1.1319863373088426
18634,1.4488676899237396
18635,-0.08625312395981219
18636,0.5237283470242979
18637,0.08483525230380998
18638,1.7663982676071777
18639,1.5535878092955206
18640,0.06838904060944254
18641,1.998857048694842
18642,2.2624374616480245
18643,0.023366243334820812
18644,-0.07589855934902026
18645,0.25152858274706263
18646,0.8491870795188363
18647,1.2989929508312605
18648,0.32912698991486794
18649,1.7482186592940527
18650,0.7140768893103244
18651,2.513354943860529
18652,1.507264415175499
18653,1.3297794168505717
18654,0.6362988354912942
18655,2.2945703830507362
18656,0.2281901359670005
18657,0.9451783805478589
18658,0.5596088418239106
18659,2.073052089515644
18660,1.1209808231424565
18661,0.004829418743041096
18662,0.6092039776522236
18663,1.1864162417857411
18664,1.3839273321583954
18665,0.16580818932037106
18666,1.799267487352294
18667,-0.13757302922221779
18668,1.0399515369661254
18669,0.30942944482269497
18670,1.8349050818359984
18671,1.7048106420677842
18672,2.1393485388217743
18673,0.9023453538853521
18674,1.2054397281076523
18675,1.3802287728045033
18676,1.6320254276833779
18677,0.2972160472018722
18678,0.9376144083077085
18679,-0.23234289313110615
18680,0.2521565740850457
18681,1.8376377876363632
18682,0.8561643742678093
18683,0.7859412792814143
18684,1.2124405404541558
18685,0.801932061437153
18686,0.7453214196390038
18687,0.29421126794493513
18688,0.27361362611405227
18689,-0.04791311032168283
18690,1.3352090175217712
18691,1.00690525000881
18692,1.4226246760169943
18693,0.5765306783251041
18694,1.1289604767836894
18695,2.001536157612252
18696,0.9867667236288569
18697,0.5276497042180283
18698,1.3127749051547524
18699,0.3594970053834951
18700,1.6574665472066046
18701,0.5401291330830856
18702,1.3197404239350066
18703,2.0342242979141547
18704,1.0145919256895561
18705,0.9486763678850187
18706,0.1441658515893737
18707,1.6326589961189073
18708,0.21077412561071746
18709,0.83388824183728
18710,1.5543903688325342
18711,1.5722338924651722
18712,1.2311436414880756
18713,-0.12905980330625721
18714,0.839495139605335
18715,0.29155879452503725
18716,0.8028086909015677
18717,2.23721416158663
18718,1.334103892118846
18719,0.7903491587922502
18720,1.185888651043258
18721,0.638820902852714
18722,1.6143664169705116
18723,0.5846267054656297
18724,1.934931336115608
18725,0.8438950589674483
18726,1.7941702869268732
18727,0.86935780287665
18728,0.6077050903233054
18729,-0.0382273657701229
18730,1.227427159427988
18731,1.02195574955554
18732,1.061481702269552
18733,1.3621873204564658
18734,1.711540080312133
18735,2.4334535678251523
18736,1.9672398319859552
18737,-0.1852922450226865
18738,1.8025255233959525
18739,0.38767831435643807
18740,1.4800637320381294
18741,1.4781253923075781
18742,0.9263157152102722
18743,-0.4259110376328277
18744,0.12731763267241458
18745,0.7026546960132298
18746,0.4760194224226256
18747,1.5034507610685162
18748,1.1536101044971903
18749,1.0984835137184608
18750,1.9836832449189044
18751,0.5129969704251437
18752,1.8185136262083657
18753,0.381318539079768
18754,0.13325209145161376
18755,1.095122151961833
18756,1.1713540505385183
18757,1.4059059533851033
18758,1.525684001845009
18759,0.6527922090645499
18760,0.2786933102613771
18761,0.2719922844448
18762,-0.04253289327655044
18763,0.6912068617268838
18764,0.610687841486125
18765,0.6345987252134175
18766,0.1420751775384963
18767,-0.060602253109246364
18768,0.7477422181789803
18769,-0.07396498128620396
18770,1.6785555246422843
18771,2.03160621194133
18772,0.23709482477936195
18773,0.12250871820968945
18774,1.5156178416512889
18775,0.6459416870420542
18776,1.597028371056409
18777,1.22258628137114
18778,-0.06559131556465614
18779,0.800911115367594
18780,1.170603225713138
18781,1.2544617089330503
18782,0.6604201373636039
18783,0.6540419770960164
18784,2.365685923490039
18785,0.49602927065458596
18786,2.187739647584126
18787,1.2226502065212823
18788,-0.2831113801111256
18789,1.2424302824422482
18790,0.8288665457758955
18791,1.1924870217159913
18792,0.13976092385187328
18793,-0.1626896957671907
18794,0.17760364811654467
18795,0.3550733752765883
18796,1.7430855751871361
18797,2.1299601253338043
18798,1.4484034598446587
18799,0.911396593169842
18800,1.7079880827140803
18801,0.9626547432468237
18802,1.7876106003432828
18803,1.5059508911311048
18804,1.3959597054295307
18805,1.5077719947873556
18806,1.8802517036255963
18807,1.4421709297751335
18808,0.32474001304136085
18809,1.6251376421329662
18810,0.5841062811281788
18811,0.132435480661818
18812,1.0419384358563712
18813,0.2677270030380643
18814,-0.011947889679463225
18815,0.5964833568556361
18816,-0.14796052442152963
18817,0.24750787760300472
18818,1.323999807156319
18819,0.49731393722613326
18820,0.24753220725751135
18821,1.242893525702159
18822,0.35237150349082436
18823,1.6739347921116297
18824,1.3573505201252973
18825,1.1425301611841387
18826,1.5914796229653194
18827,0.4835616122496855
18828,1.4803261554510205
18829,0.5229939629503344
18830,0.09298765132013714
18831,1.2289251011358011
18832,2.1430317507945187
18833,1.4244549274209817
18834,0.8726809294431765
18835,0.5468428538371514
18836,1.174744519581129
18837,1.954491139993625
18838,2.385562812636992
18839,1.588464157742342
18840,0.6067551778030685
18841,0.9797145216710057
18842,1.9610296840256367
18843,0.968346612335192
18844,0.9421248092622534
18845,1.9748590725777793
18846,1.6398846524674975
18847,0.9104959304310706
18848,0.8655747648941914
18849,0.7141062274567336
18850,0.08317203587800316
18851,0.8530412668112854
18852,0.889290445787913
18853,0.731996860501041
18854,1.4765148052838932
18855,2.3296329353042813
18856,0.967706849623708
18857,0.8595257049793259
18858,1.8479072028403518
18859,2.036951207037618
18860,0.38023378584015266
18861,1.29205764730419
18862,0.42944082678915957
18863,0.04482164574568414
18864,2.304335850366242
18865,0.5072091835168128
18866,0.43042888459594436
18867,0.770538084458497
18868,2.0340265097347783
18869,0.8190168360758614
18870,0.39891792756905425
18871,1.1001320741524434
18872,0.9132248995578567
18873,1.3193712443795804
18874,1.1950663794924532
18875,0.7474109073024986
18876,1.1997267778262786
18877,0.15519347589219323
18878,1.7172462197169223
18879,1.1530712755006702
18880,1.8905094111194836
18881,1.3427357038012198
18882,0.6788685144275034
18883,-0.15703073008940863
18884,0.8331917340290504
18885,0.345214205131607
18886,0.2562317802883657
18887,1.5541803876366374
18888,0.3848248791019965
18889,1.1841466102030171
18890,1.2517397858567227
18891,0.726414978313087
18892,0.7257100942148023
18893,0.9322444662901492
18894,0.9907703542579862
18895,0.9206550947501542
18896,1.73936240007693
18897,1.1114701215382568
18898,0.8502778347584841
18899,0.3544160062950832
18900,1.4985742844249637
18901,0.4341696949675258
18902,1.061220646442755
18903,1.579940145363672
18904,0.2883596179148473
18905,2.041636435487729
18906,1.2463456581264858
18907,0.5896016279409586
18908,0.39813468588903683
18909,1.6398957566645556
18910,1.3645387630322097
18911,1.7352164226604017
18912,1.812123254094519
18913,0.865602753920626
18914,0.003120017505344297
18915,0.09866791319546458
18916,1.003910145106234
18917,0.4918721280427178
18918,0.8884421019964229
18919,1.2487091343564365
18920,0.8088919521328484
18921,0.5247593930844724
18922,-0.032767310675533484
18923,0.3762373543332619
18924,1.1517013733776342
18925,-0.07703564664067539
18926,1.1949661289078848
18927,1.3866018206571675
18928,1.3212511237394013
18929,-0.008568847528120732
18930,0.4102163037871703
18931,1.872948224420461
18932,0.7745148193824356
18933,1.562564519953851
18934,2.0328077469109
18935,0.4320139439658093
18936,0.34797866704129843
18937,1.5928861458880845
18938,-0.06399630537876538
18939,1.1904788811489941
18940,1.0468548244857694
18941,1.2968829085373546
18942,1.6701481521982684
18943,2.0286507396500597
18944,1.7937655318797157
18945,-0.10802407381157428
18946,2.2078365621482607
18947,1.7928253060318695
18948,0.530022972122554
18949,2.539637680081628
18950,0.5869546373589463
18951,0.12591892041730327
18952,1.122879722529636
18953,0.23801850572298525
18954,1.690549878305745
18955,1.955112542984999
18956,1.5145315447662473
18957,0.653726540368675
18958,0.4300806512451384
18959,0.9131263559330278
18960,0.3054781703680649
18961,0.6172479245317046
18962,1.6661514983452528
18963,1.2533530853102615
18964,1.9992235115899348
18965,1.3903279196456801
18966,1.1036096132978863
18967,1.7338561685532816
18968,0.02680264701401245
18969,0.8470454330133459
18970,2.249112874285053
18971,1.684716057756199
18972,0.252988644682578
18973,0.7972966351451047
18974,0.10027929754530482
18975,1.6080243604527293
18976,0.1058094841138646
18977,1.462300379897168
18978,1.031732196181985
18979,0.5853735776937448
18980,1.72977395897545
18981,0.5368606233477988
18982,0.18443541069511182
18983,1.1625244333707931
18984,0.7421964942220334
18985,0.47488915182225516
18986,1.009802205379772
18987,0.7252451248799041
18988,2.560758399618464
18989,0.6618298340325217
18990,0.30793400658681697
18991,1.4629219201406558
18992,0.7587567171718098
18993,1.461320851231374
18994,0.7722184089730169
18995,2.45581136187735
18996,1.1922001564041664
18997,1.7802088543331671
18998,0.8045765543229813
18999,0.7914486906816867
19000,0.7673441978619912
19001,0.9896880316796124
19002,1.661576837856871
19003,0.22358859678673793
19004,0.30353826019521984
19005,1.0137146309165257
19006,2.0628959334155894
19007,0.2648361715766414
19008,1.2173628299095267
19009,1.295028965444871
19010,1.4767020449163475
19011,0.3875824315081517
19012,0.9378962278637826
19013,0.29868338412334805
19014,1.5090707944065136
19015,1.172541718817513
19016,0.7343928575836198
19017,0.8407647537217554
19018,-0.10174724468142174
19019,1.2794820367820632
19020,2.199467387818376
19021,1.2205138383149456
19022,0.8183489275749021
19023,0.7557602152228418
19024,0.6747362099087707
19025,-0.24447990367466385
19026,0.5364343918811962
19027,1.2221803713045318
19028,1.4925175436354394
19029,1.1994629538999384
19030,2.2890707692045384
19031,0.8667912840612775
19032,0.6062799937962654
19033,1.1923649117580057
19034,1.9959478068467627
19035,0.5823152478705081
19036,1.497905161366657
19037,1.5010713876504327
19038,1.1773515273646284
19039,1.6347375671872677
19040,1.200861177314801
19041,1.1591390667420673
19042,1.464609971356578
19043,1.2339771209742274
19044,-0.13247128713621972
19045,0.9975999329417372
19046,1.4967322528077793
19047,1.0713530370969158
19048,2.1116301527862866
19049,1.5092706618869962
19050,0.6426176311871183
19051,2.131704363069207
19052,0.25587475726014136
19053,-0.04561934807179596
19054,0.44684080546288285
19055,1.434889738218303
19056,1.1360069300949094
19057,-0.15325386459428217
19058,0.16351252187674647
19059,0.9426904550409452
19060,0.6273926399773109
19061,0.36583488938467523
19062,1.0152384689410638
19063,2.045411215116085
19064,-0.16813493960757953
19065,0.4919099455760281
19066,0.32016281393763674
19067,1.236372426494879
19068,0.39007804882776115
19069,1.3420360307287251
19070,0.5338711761582061
19071,1.9702796437171115
19072,0.09463797599671188
19073,2.193185946218363
19074,1.044198197535872
19075,0.9077604383075212
19076,1.0157725019018353
19077,1.2383313195328367
19078,0.4447637285413917
19079,0.9269453440597526
19080,1.4032380447909174
19081,1.0311800990358808
19082,2.2747792727955702
19083,1.2158554495602176
19084,0.6584835670457547
19085,1.3943301730252404
19086,0.902895945548677
19087,2.6781996262398584
19088,-0.6266760395680544
19089,-0.14535379250658048
19090,2.1001331431969095
19091,0.9485758597222028
19092,0.9096627268351555
19093,2.0173928160242376
19094,0.9192901061438437
19095,0.12434366945107811
19096,1.7584585708372786
19097,1.3549180990188834
19098,1.4267910568682283
19099,1.4318431849431792
19100,0.4958787090362918
19101,0.45564222180796066
19102,1.8306362719499996
19103,1.513898109172624
19104,1.8852977882038404
19105,1.771716763471998
19106,1.4624650455127126
19107,1.930102900597577
19108,0.725392810140902
19109,1.2532666642018757
19110,0.362520793546108
19111,1.6370448249303837
19112,1.4490941462265596
19113,0.626126463122255
19114,0.7536263248036943
19115,0.2843212720559608
19116,1.2192669435338177
19117,1.307862823345516
19118,0.3283791214494736
19119,0.787725363232626
19120,0.016545777297291092
19121,0.7461666819521799
19122,0.006218414582788774
19123,0.1864217270192849
19124,0.8356994341466677
19125,0.36367344278000197
19126,0.7691402524488685
19127,1.764651543570459
19128,1.7358823340626555
19129,0.7407322163095589
19130,0.03358278962305858
19131,-0.14045335597632982
19132,0.35105228989685106
19133,0.9911569773517027
19134,1.5767991428531938
19135,-0.07979061715555935
19136,0.18056996589374413
19137,1.0911462118104887
19138,1.3081208814873475
19139,1.0845798612562052
19140,0.3355341478349463
19141,0.2905870120532887
19142,0.9843949266007846
19143,1.1832473686019944
19144,1.6106644676327448
19145,0.2601474576073487
19146,0.7562279534458851
19147,0.2143411771898279
19148,1.207231292829305
19149,0.6101463795747604
19150,0.9757051414152198
19151,1.160776203068064
19152,0.13314942756147316
19153,1.242996255554733
19154,0.3066236372975337
19155,-0.08939225425520225
19156,1.7263431757318064
19157,0.27425103844461907
19158,1.6039028475481139
19159,1.1670174403203508
19160,0.7204579369340169
19161,2.0288516111971524
19162,0.9026337885888744
19163,1.1614303737351088
19164,0.3659081656089851
19165,0.9405840123412996
19166,0.3625169725290073
19167,-0.3788485657500751
19168,1.305390274646722
19169,0.18087677562430612
19170,0.3918709897058732
19171,0.5535930401618993
19172,0.0027543350449568543
19173,1.2045572199942978
19174,0.6916070063190247
19175,1.0821432440244538
19176,0.23353828082160588
19177,0.10903644766896436
19178,0.3042667212836706
19179,1.5504764343744972
19180,1.0945279544917574
19181,1.085948068491656
19182,0.737588962655926
19183,1.8794867575483278
19184,0.01944758417426136
19185,2.069397373184583
19186,0.1467733656808234
19187,0.9410632030611596
19188,1.3449737374849997
19189,1.5027073868854997
19190,1.100052142354751
19191,1.8767342609532738
19192,0.5779214413350013
19193,0.7286588856786249
19194,0.27598462030591653
19195,0.6552136713573864
19196,0.596075681521854
19197,1.0870129472979575
19198,0.700763496449994
19199,0.8201604518169541
19200,0.4643025374283711
19201,0.4854295895962304
19202,1.1818473133626797
19203,0.6989787179302185
19204,0.629111241813041
19205,0.46335463614735706
19206,1.8393734639545745
19207,0.9451238570002148
19208,-0.20756195865001018
19209,0.0014020925047948107
19210,1.9741070540684327
19211,0.6529784666074694
19212,0.11279079133644274
19213,0.569749968172063
19214,1.1972717103125947
19215,1.1324599419453296
19216,0.3411428027994712
19217,-0.07293579311735603
19218,1.2227743184267874
19219,0.5453187019801985
19220,1.858661929337773
19221,-0.04993787252147075
19222,1.6232706447669993
19223,-0.11458431764711163
19224,0.4794749974808675
19225,0.37167878732011095
19226,0.9302594900551795
19227,-0.09081380023610411
19228,1.5090915840727397
19229,0.3245320296749381
19230,1.0108977951968665
19231,1.7537307570580984
19232,-0.2870412887578988
19233,1.0525784036624741
19234,0.8801615288511204
19235,-0.15043670250162297
19236,0.464123045509845
19237,0.6263114436818502
19238,1.5103398041692309
19239,0.9560551869186078
19240,1.35959879823433
19241,0.5200505243506262
19242,1.3265270761927737
19243,1.8617022559925425
19244,1.423154977114911
19245,0.48281570168079213
19246,2.7415184626480213
19247,0.24989280658661434
19248,2.0791405075891154
19249,1.5486388762288905
19250,1.3449186568213713
19251,0.6675825947259588
19252,1.7054647410959585
19253,-0.2539794932910313
19254,1.7079782323269965
19255,0.779713379280792
19256,0.728010532652253
19257,1.0725242105010446
19258,0.954952682173173
19259,2.3285886600005754
19260,1.4999987947496067
19261,0.13132853491333074
19262,1.4354273159352602
19263,0.5734981568894838
19264,2.003212170672694
19265,1.7587864624192802
19266,0.43395125177309507
19267,1.1484282591080073
19268,1.3538228137679893
19269,-0.09201684985082889
19270,0.8383199720497513
19271,1.5162711819004144
19272,1.9971743967127649
19273,1.8241477891350533
19274,0.24811357642587464
19275,0.0822102111633067
19276,0.8376282755907849
19277,0.7461043605222775
19278,2.4881271368339086
19279,2.137936561821733
19280,0.7718701056175197
19281,0.8127951858450372
19282,1.9369674641950174
19283,2.229214414840678
19284,-0.08167881000251434
19285,1.8853458230079818
19286,1.6326662192466195
19287,0.8652471790957421
19288,-0.304394005566405
19289,1.2874066858286106
19290,0.5078377517538836
19291,-0.06681749401234893
19292,1.3978317168798782
19293,1.1288092171664812
19294,1.3178274488463264
19295,0.5227440346242562
19296,0.2967732905449801
19297,0.03876394978282453
19298,0.8983335094071344
19299,2.2550687070757345
19300,1.8555592172637911
19301,0.07207372643500115
19302,1.2153453914735857
19303,1.3244319339487314
19304,1.6306660263086554
19305,1.2242667426833111
19306,1.5972028185773404
19307,-0.2811222585776821
19308,1.746639978611355
19309,-0.06777556947279642
19310,1.9023556673834927
19311,0.5985828613014579
19312,1.783442989968978
19313,0.2038487308457106
19314,0.7092959794882565
19315,1.1166899235807537
19316,0.3016874894581295
19317,0.1342243880877828
19318,0.5619746641909382
19319,0.6321223688991964
19320,0.7551237893638262
19321,1.7699921382429857
19322,1.0705313713290467
19323,0.085233092584895
19324,0.3884917773663827
19325,1.945510106998886
19326,1.9160684670848767
19327,0.34235422322205333
19328,2.1178977640898036
19329,0.5732289231426898
19330,2.0806165912484955
19331,0.4864204370645777
19332,0.2620613232645453
19333,1.6387803027410361
19334,2.0036379504399457
19335,0.588554489787207
19336,1.496402018685695
19337,1.1555250703208133
19338,2.0537644458994917
19339,0.889496475557809
19340,-0.010800113808685619
19341,2.424211696965002
19342,-0.14605183708289768
19343,0.5587912790916991
19344,0.9226474486875418
19345,1.9667320585791581
19346,0.5027682541278549
19347,1.0701501410693641
19348,1.3097279406578488
19349,1.7546132922473334
19350,1.87913383916711
19351,1.9616118728570615
19352,0.16130557368679477
19353,0.13643644025000454
19354,1.5662880134410806
19355,0.7926760266600132
19356,-0.15842516310499938
19357,1.0698170201918389
19358,0.5098289334351755
19359,1.9779913309685435
19360,1.035790866021494
19361,1.9374614133859656
19362,1.9002414687117184
19363,2.1231489515950703
19364,1.1462769232071133
19365,1.561752254546449
19366,0.4720240019997336
19367,0.690657835575992
19368,0.16294699046798916
19369,1.367584649194529
19370,0.2568459968657372
19371,0.4739949683275953
19372,-0.11089209275028208
19373,2.1310852068292867
19374,0.600250310462283
19375,1.3615852520439289
19376,1.689852559434139
19377,1.2271165824822852
19378,1.2340301863648597
19379,0.6987662676878301
19380,0.22854877058690592
19381,0.9984163192666946
19382,-0.218776991736927
19383,0.16835035436437593
19384,1.6801291043684803
19385,1.900259087598013
19386,0.8033333819169457
19387,0.6263789863199409
19388,0.6770957669902338
19389,0.6636971055134989
19390,1.1618267358513608
19391,1.016193645786345
19392,1.0558454537756534
19393,0.2339745722195173
19394,0.04162354850520097
19395,2.095994394798619
19396,-0.2139104803414979
19397,1.177384179054873
19398,0.47026981683789665
19399,-0.3247257298094106
19400,0.6045451712913659
19401,1.220784037159365
19402,0.9709113075578858
19403,1.1316321815338644
19404,0.8751695858579127
19405,1.6073869191379226
19406,0.9009348005600688
19407,1.1068810998360448
19408,0.4379232452811361
19409,0.04144784823847188
19410,1.1858554216758004
19411,1.6985229097328343
19412,-0.11810849949015846
19413,1.6671538445665837
19414,2.1509610757941444
19415,0.2681860888950127
19416,0.40250746337400395
19417,2.183480797594256
19418,0.37694685972950015
19419,2.044158982077624
19420,0.03920600214934029
19421,2.045033146184382
19422,1.2165465388311638
19423,0.5185156686981574
19424,1.6406793714182386
19425,0.8338249447510251
19426,1.2485907104283929
19427,2.1445418208178175
19428,0.9147101134864231
19429,1.0677372831675245
19430,0.417829530440559
19431,0.5634243150134697
19432,-0.2245925878033205
19433,1.6746540881121816
19434,2.396791136156312
19435,1.5127791738700735
19436,-0.1254548276469737
19437,1.5586438195561327
19438,0.18230376251627897
19439,-0.0726805086560258
19440,1.268089231795183
19441,1.2355240239527263
19442,0.3716895474945554
19443,0.21418782886548907
19444,1.219407299278208
19445,1.3128774706300486
19446,-0.1424219510785287
19447,1.144737828838353
19448,0.7721469505229658
19449,0.8836083220789832
19450,0.11800417399158021
19451,-0.06359502592288409
19452,1.3085285995340494
19453,1.9176274624804615
19454,0.928593587106639
19455,0.2950298512063289
19456,1.9480033328673614
19457,0.7943491312829626
19458,1.7059103280488783
19459,1.322186322420291
19460,-0.4496563053635284
19461,0.9622623329842717
19462,1.4225131948784058
19463,-0.06774755425535643
19464,0.5750737118066707
19465,1.9052075262566832
19466,0.053798587555863385
19467,1.8980280481072302
19468,1.862826165923643
19469,-0.01809109827659787
19470,1.0877776062375943
19471,-0.16227707919370735
19472,1.8404114745206426
19473,0.04923954635055945
19474,1.4175044455973438
19475,1.024941834643155
19476,0.13463432027240624
19477,0.4656582970732405
19478,1.3559137937231145
19479,0.7324538245598934
19480,2.468127534745651
19481,1.2327975248915788
19482,-0.04211837011647611
19483,1.4848031719377888
19484,1.621892075079499
19485,1.0417915738742183
19486,1.430710881840088
19487,0.7503316110779135
19488,1.3710492488533403
19489,0.019222871326950802
19490,0.6596092940688647
19491,0.7161324483313722
19492,1.429514298614762
19493,0.6205984166580961
19494,1.2750782938780867
19495,0.7954666933225065
19496,1.1910924869810844
19497,1.4029094667962174
19498,1.9625977431692103
19499,0.3779001664334099
19500,2.220798797453389
19501,1.5797678809647324
19502,-0.18440969983347147
19503,1.5163334913284738
19504,1.4174840630560035
19505,1.8980748725086718
19506,0.5787355162768519
19507,0.3962720664511739
19508,0.8655441846659799
19509,0.02672560010083669
19510,2.200094217824119
19511,0.7530075831023462
19512,1.5491739130763422
19513,0.7485569277397661
19514,1.0932931397289578
19515,0.1754451940074345
19516,0.21698380535685044
19517,1.0927751852762342
19518,1.5436170041294195
19519,1.942895953772355
19520,1.0968464024887838
19521,1.0907968122178975
19522,1.0283443999614759
19523,0.48700347066271094
19524,0.7952902248780983
19525,1.9438407027735343
19526,0.8966766723016883
19527,0.7336488911326762
19528,0.516408521352352
19529,1.7237974303419303
19530,1.1549014055045814
19531,1.6752740388158878
19532,0.7190632153694583
19533,1.3186569414314764
19534,0.7697439191201663
19535,1.27769967664972
19536,1.016802751618935
19537,1.4430905789627697
19538,0.8475349773885911
19539,-0.024323254658579888
19540,-0.3235443554453205
19541,0.4099115603952579
19542,0.20673481411476646
19543,0.40813457965020106
19544,0.9610429124727995
19545,1.1777537571413754
19546,0.27974908151836886
19547,0.9013142634813973
19548,0.5662818341690183
19549,1.2184159667247407
19550,0.8533553032419453
19551,-0.09150941865806402
19552,0.8923907785227907
19553,1.9164901946786916
19554,1.1097066662553223
19555,1.3024275373073888
19556,1.485226143296153
19557,-0.2622022630772036
19558,0.7838808442931501
19559,0.8144078145299334
19560,1.6701161411719356
19561,1.6839228315759474
19562,1.1021528186145564
19563,0.4535204687704775
19564,0.11858783965298327
19565,1.5003636019768922
19566,1.8617514597356015
19567,0.8244643295809763
19568,1.4790968204802089
19569,1.0394226753342448
19570,1.1350696537992209
19571,1.3188344916225667
19572,1.5559137590847063
19573,0.9844339281817014
19574,2.082070371912708
19575,0.42062560355839473
19576,0.15250238229486274
19577,1.9500210406109075
19578,1.7610948524474428
19579,0.6057941092952848
19580,1.1511518980571807
19581,2.1323823810442057
19582,1.0912358704603111
19583,0.7500338075305988
19584,0.4903552888418265
19585,0.6497566213955197
19586,0.5772710249774751
19587,0.7293516185912283
19588,1.9607395635900944
19589,0.5185228475000494
19590,0.14398346831316883
19591,0.3704806105531207
19592,0.3709208893589551
19593,0.5646831702007535
19594,1.1357084443485792
19595,1.6877862693638455
19596,1.3884273791798205
19597,0.5214755020952533
19598,-0.08194888983459234
19599,0.3969436329046366
19600,1.1126409726938904
19601,1.8255229369088593
19602,0.7645521465704453
19603,0.27056499187976746
19604,1.1331887416470998
19605,-0.02823929575060062
19606,1.1727640853119836
19607,1.92549845092175
19608,0.0545218925374479
19609,0.9006832376538035
19610,0.10020776623068334
19611,0.185353692130649
19612,2.181718280591411
19613,1.4920652697849235
19614,0.9723653413883512
19615,1.1584650078335454
19616,1.7396186609300284
19617,1.2382865306831854
19618,1.0123326960359569
19619,0.5624112843524784
19620,0.8394323542169024
19621,0.8364905772165456
19622,0.008268862353873946
19623,1.0358296257899524
19624,-0.050386622218049584
19625,1.9411984017599517
19626,1.3482206092910614
19627,0.9478632580469553
19628,0.9405574125099359
19629,-0.015690697690834726
19630,-0.09400373254023439
19631,1.4787179009471343
19632,1.684622831400164
19633,0.7599314691865147
19634,0.1460779143748552
19635,1.7307512122043043
19636,0.5584592684995046
19637,0.13840136980272752
19638,1.821075244032541
19639,0.6615730281266576
19640,1.538527496784605
19641,0.8132821317069179
19642,1.9162646913032437
19643,0.7241522849643851
19644,1.2746842119461639
19645,1.6078589238297878
19646,1.186654871077602
19647,0.3488654345884821
19648,1.2061353890287783
19649,0.17807586271776996
19650,1.3622537068938336
19651,1.5987354579533775
19652,1.4787296933128617
19653,1.4636934442249043
19654,0.12765939167487056
19655,0.7703263998402121
19656,1.7694126844232398
19657,0.3609540123609601
19658,-0.18326359713631943
19659,0.5866994522835979
19660,1.4001481169487737
19661,0.7881102311561765
19662,0.32170962346321397
19663,1.5494281690658753
19664,0.680596428686324
19665,0.9905267513069962
19666,0.28231495011189767
19667,0.08664762984087174
19668,0.34885707421101236
19669,1.3764701912854973
19670,0.3384192815185808
19671,0.9654732465316133
19672,0.35011231450109037
19673,-0.03493893670910772
19674,1.4666138036204237
19675,0.7468050389370926
19676,1.253120707190067
19677,0.8989716018282459
19678,1.2111321278466374
19679,1.3315404573486957
19680,2.264832762540822
19681,1.2095929312669051
19682,1.2934801488187442
19683,0.6749914335814795
19684,0.7749899508279964
19685,0.5213350427085437
19686,1.1620276768390239
19687,1.3040754080773904
19688,0.6712307161059954
19689,0.4850563977038509
19690,0.767508045572981
19691,-0.07334089388523765
19692,0.21164084809174133
19693,0.35398042580253575
19694,0.15312064818636392
19695,-0.04011302650667675
19696,1.5450639239209119
19697,0.3799511000557125
19698,0.8884448652609616
19699,1.5431098972047423
19700,1.8659802051225587
19701,0.10746846328541337
19702,1.5735168409345863
19703,1.1448643483550476
19704,1.3755740128423528
19705,0.5954844886631059
19706,0.1309943643305552
19707,0.9123952526692575
19708,1.0129490985571876
19709,0.9834990754325638
19710,1.8134316306022318
19711,1.7541633131858343
19712,0.5095147871169722
19713,0.3150993065479547
19714,1.6367999184643747
19715,1.4181428085240673
19716,0.08139730460777063
19717,1.2356347694822432
19718,1.60915442454667
19719,0.028858012155858905
19720,1.685061005952858
19721,0.0811880144166426
19722,2.172745561466773
19723,1.9163051757814185
19724,2.110313691168844
19725,0.6520348167789335
19726,0.8547374321671645
19727,0.02999788574173723
19728,-0.03086119086284554
19729,-0.31542856015970294
19730,1.116742644372028
19731,0.19664647453168954
19732,0.1854321068686467
19733,0.27947589832593145
19734,0.02845726750810809
19735,0.12879981412682792
19736,1.0389256424282103
19737,0.2507844200094842
19738,1.6927007069267963
19739,-0.44626919709318563
19740,0.9093626377048092
19741,2.0634511725373685
19742,1.157908679618544
19743,1.1434941522604132
19744,0.4130159699364405
19745,0.2541651849946212
19746,-0.15209120601330584
19747,0.8282597209042935
19748,0.2527931659809688
19749,1.1785608441799826
19750,0.23290398186481212
19751,0.9105596542048153
19752,1.6017265801981058
19753,1.3032625233628556
19754,1.332884501177527
19755,1.5342927503164232
19756,-0.0460499150413958
19757,0.2718716192114571
19758,0.404433765562356
19759,1.578504213009848
19760,2.311766367701232
19761,0.8077090304921792
19762,0.28913046669433695
19763,1.6151344730346586
19764,0.8653127004016004
19765,0.12837039318782012
19766,0.12955798192202178
19767,0.24830733178809256
19768,0.15700633288610244
19769,1.1953299255803629
19770,0.13211015405668292
19771,1.3119820931680246
19772,1.8462778160008586
19773,1.217923762817979
19774,1.3050012197242646
19775,-0.07715793144277996
19776,1.8318666416003933
19777,1.4944003747969852
19778,1.5657682868397436
19779,0.0675327628656151
19780,1.3129779746802102
19781,1.164395456217661
19782,1.301773937763431
19783,0.7013629534625443
19784,0.9898209504913749
19785,2.0337482951513057
19786,1.2889278479555297
19787,0.9293265240874653
19788,0.16010927609651404
19789,2.1036283858294684
19790,0.6276151445200074
19791,0.07045543467645352
19792,0.7872383995040118
19793,1.4137283958990843
19794,1.2617553944223758
19795,1.890267963521963
19796,0.17114565243051585
19797,1.0134893448592186
19798,1.513917080137937
19799,-0.19168556995227765
19800,1.1198165234602402
19801,1.4303738256102032
19802,1.7610405965810343
19803,1.271884588363883
19804,0.7142819409275145
19805,1.6782827919143608
19806,1.6270896046689283
19807,0.9604223268417686
19808,0.28461169962778793
19809,0.6893042531215352
19810,1.8053048859821492
19811,0.16601653941656405
19812,1.8725392194989414
19813,1.637164841337945
19814,0.4077767847354587
19815,2.2618064975499053
19816,0.2827878566716958
19817,0.3270144292463227
19818,0.37949857680495974
19819,0.5267364143048885
19820,0.7333861848452554
19821,0.3400240581799949
19822,0.40803570375174625
19823,2.469955512677808
19824,2.101188059263783
19825,0.5355370102292003
19826,1.2380976661946408
19827,1.8688310420135252
19828,-0.6899495702029085
19829,0.6837964228524553
19830,-0.1819618605423041
19831,0.4813314311160829
19832,0.46993241634412536
19833,0.8687916743282982
19834,0.3370288571524489
19835,1.6122231422895552
19836,0.1272111079846353
19837,1.1755718814369214
19838,-0.20518696697387623
19839,0.8514093234339455
19840,1.0752607967178067
19841,1.9836732692690577
19842,0.022895146573329223
19843,1.666827406651735
19844,1.194188710064887
19845,0.5239347709477573
19846,0.09100601138052672
19847,1.2726802734105116
19848,0.3559350252073114
19849,1.49551843157336
19850,0.4214688703987467
19851,2.0872009894257704
19852,1.661565289641272
19853,1.416301828333666
19854,0.9118008703588303
19855,1.1629888143208222
19856,1.4556521345830358
19857,1.1365724890267763
19858,1.7013732856982136
19859,0.4941345008617334
19860,1.685507129673326
19861,0.40899262136152154
19862,1.7922946975787015
19863,0.30953177563844564
19864,2.1757087436542295
19865,0.3588295623699427
19866,0.6757379178317138
19867,-0.40073815140197566
19868,0.8918482800523726
19869,1.0937412874676242
19870,0.9257408048988625
19871,1.647505357291846
19872,0.8677165888560785
19873,1.268344174425562
19874,1.8518996422506508
19875,1.699078633343043
19876,1.5783335722304268
19877,0.2417941175034914
19878,1.1513216478539496
19879,1.4296021024990466
19880,2.149218406601105
19881,0.7459262132686753
19882,-0.23315984277479226
19883,1.8681161993804927
19884,0.48780610842868827
19885,0.9703055559322187
19886,1.9705059735125268
19887,0.2938284901891621
19888,1.1099946374449954
19889,0.9811722790995405
19890,1.3318382839906513
19891,0.2634559545084429
19892,1.7323395978541458
19893,0.944229080194229
19894,0.9901630578947206
19895,0.9159269442007028
19896,1.7214859082720855
19897,1.9744764420445216
19898,0.9977895590780231
19899,1.3274255653215945
19900,0.1962008357022953
19901,0.9661525383441861
19902,1.10056115914779
19903,1.1417457185752538
19904,1.1352710938219615
19905,-0.21605221996551488
19906,1.1786734650579267
19907,2.249676020095291
19908,1.445344206532965
19909,0.19202809596765086
19910,0.6511208858468769
19911,1.0574165991208484
19912,0.9840473154014977
19913,0.09180581448847822
19914,0.5853976387306423
19915,0.7400985366060545
19916,0.7341422949203353
19917,0.4400006164459221
19918,-0.16478912304347826
19919,1.6051472963664217
19920,1.4694523562038881
19921,1.699067630729845
19922,2.2413678009386566
19923,1.1383498538198284
19924,1.188003844488696
19925,1.4757297124802171
19926,2.20994167035586
19927,0.015803793459457087
19928,0.5460199853556744
19929,-0.037723152340622866
19930,1.5327362092764183
19931,-0.14558230515294676
19932,2.33747672662589
19933,-0.09230119726557082
19934,1.5756706164877015
19935,0.6550986159656036
19936,0.07176476318639496
19937,0.5066278832679667
19938,0.06084904024743247
19939,0.22280819014468625
19940,0.3032406566178073
19941,0.04040989459953233
19942,0.2625374921681194
19943,0.14952862371338208
19944,0.9482310603572915
19945,0.7248038500990275
19946,0.16054787570554355
19947,1.3813836051839392
19948,1.1954662160040934
19949,0.31105294770544245
19950,0.7366198273552783
19951,1.710452272576909
19952,0.22361675508482598
19953,-0.24031328894427303
19954,0.4793251619022544
19955,1.2701221392323188
19956,1.1870291811263862
19957,2.1180193143647803
19958,0.9709883694019417
19959,0.6706085898220042
19960,0.09634733108647014
19961,0.4606342226460059
19962,2.9514921793343527
19963,2.5910401876052123
19964,0.7205737094423175
19965,0.44241596127319555
19966,0.14136872138904602
19967,0.40640781989143837
19968,0.4777671714969725
19969,1.0525705171760962
19970,0.9060009017092441
19971,-0.12627252921824436
19972,0.1258641332958764
19973,1.640319743402944
19974,1.5449318092739481
19975,1.0038740481060635
19976,-0.06679207549510513
19977,0.24962898468128378
19978,-0.12996082289926658
19979,0.07645549513495263
19980,0.9486410464003423
19981,1.6845611024583078
19982,0.11149515013535052
19983,0.3076901789854862
19984,2.1771684967413676
19985,1.6301594339440317
19986,1.1946203377263427
19987,0.3726875872120143
19988,1.8106508830197938
19989,0.8079210942097668
19990,0.3700411788028275
19991,1.4033046290746696
19992,1.7510797311822286
19993,1.6339049298505126
19994,-0.5269316936807638
19995,1.5451532066240106
19996,1.13344049030491
19997,1.0136620485725054
19998,0.8043649549300254
19999,1.3496805257164781
20000,0.25436575150468416
20001,0.7275947690109361
20002,-0.21453302792334678
20003,1.553942437270373
20004,0.9955946892765937
20005,0.3831473230742575
20006,0.0458756164038334
20007,0.06935027153675528
20008,1.3277963632697805
20009,0.11330761327290675
20010,0.8917698603657486
20011,1.7565489552192735
20012,1.6998936063967733
20013,0.03736579290608136
20014,0.9536936149428641
20015,0.5952673778750361
20016,2.4802816966606573
20017,0.49255700978308103
20018,-0.4646482251577003
20019,0.6816169147252897
20020,0.04421022498129072
20021,1.3866109552865127
20022,2.0865640334454554
20023,1.25718316935773
20024,0.6480966257888305
20025,0.9016824603189181
20026,0.8133295885422913
20027,0.8564212648344287
20028,0.6736452692248529
20029,0.3200010302532986
20030,1.0572980060904944
20031,0.5883555589957272
20032,0.29732254596807073
20033,2.0232357871184297
20034,1.2739422530705808
20035,0.588222844486437
20036,1.2275879757619474
20037,2.0304234068488913
20038,0.35239416842899957
20039,2.3791230541238795
20040,2.129188581544995
20041,1.262942637156448
20042,2.041867015823442
20043,2.1210142645320724
20044,1.7323709324280574
20045,1.1784655498699053
20046,0.596875399666483
20047,0.16793347740913533
20048,1.0317167440490578
20049,-0.3279683671445134
20050,0.539679644919234
20051,-0.11962364123191624
20052,0.3211594468208249
20053,1.4591658853013454
20054,0.3595708270058734
20055,1.2128659855538664
20056,1.6690469510359667
20057,1.166034118695849
20058,1.122683143334551
20059,0.289294373276644
20060,0.34870932951971556
20061,0.041753659632034715
20062,0.6425539045951254
20063,0.7808637655502257
20064,-0.05220566652586403
20065,0.025340368961104816
20066,0.9565913151793194
20067,0.9135767646152854
20068,1.2905851309785976
20069,0.5367721789103369
20070,1.6049111156660902
20071,0.960913078228171
20072,0.16596561592482395
20073,1.3370565866116748
20074,0.6337958070272585
20075,1.1682330357151671
20076,1.9138644066228518
20077,2.322900825735246
20078,1.404279685421112
20079,1.0256478241268838
20080,0.3193459809874994
20081,-0.15393548924226536
20082,1.9503312243274242
20083,1.2436021647022004
20084,0.3123224550611661
20085,0.25449904119371347
20086,0.4422554275422428
20087,0.20589899585544738
20088,1.5084228726784414
20089,1.024143153641067
20090,1.3612273074983874
20091,1.4912605972696755
20092,2.2570662103978485
20093,2.03011296913976
20094,1.3533181243541506
20095,0.763442303484835
20096,0.9239856181370836
20097,1.462416981435055
20098,0.9742145920555036
20099,1.220650587932566
20100,2.0899892853308475
20101,1.2143087613655479
20102,-0.11493575058090516
20103,0.0672927894598017
20104,2.167448276477747
20105,0.49054241618561073
20106,-0.00857308833057742
20107,2.1624237059366087
20108,0.6486697370598522
20109,1.0884592879161976
20110,0.8194172141817736
20111,0.8695349440407173
20112,0.4473003347002549
20113,0.08639478398342247
20114,0.23906277265970832
20115,1.3156834549836873
20116,-0.4546027718530404
20117,1.6305976342972486
20118,0.019871324035783233
20119,1.0203386997509463
20120,1.5655945905385287
20121,0.5979529643264213
20122,0.8271827049639688
20123,1.0571584569251442
20124,0.21053725236335835
20125,0.5090924605662843
20126,1.4800766111061674
20127,1.3496821708415494
20128,1.6997597658718866
20129,1.0710993847642316
20130,1.0126708396586408
20131,1.7888876645966212
20132,2.0384118160703992
20133,0.18581067290359277
20134,-0.19918331817346363
20135,1.2582444896747815
20136,0.3726877979642738
20137,-0.04896492772324408
20138,0.38753759053423315
20139,1.7672612621894668
20140,1.7172523449214911
20141,1.5919400073261942
20142,0.7806690393750166
20143,1.2250276151396857
20144,1.3326305561329317
20145,0.8228058668788152
20146,0.7384045206894191
20147,0.9260058143372707
20148,0.7866969560860777
20149,0.14897417524016607
20150,2.078078329610509
20151,1.4412253874970204
20152,1.13816523771903
20153,0.4068353289961221
20154,0.8043185990417686
20155,-0.04326270528114963
20156,0.4941246438439242
20157,1.4054813950944194
20158,-0.08384396975203717
20159,0.5277315214170396
20160,0.8189172712051154
20161,1.6469561783220312
20162,0.5349228215452873
20163,-0.2463520638445666
20164,0.5953276414276809
20165,1.4675574528425162
20166,1.1237653431066947
20167,0.8441202832198688
20168,1.7008103122317937
20169,1.4986212678161994
20170,1.4152559975341699
20171,-0.20594525556207963
20172,0.9335733574056049
20173,0.6892291321185456
20174,0.28426050905464106
20175,1.3518669030772308
20176,1.9725932874663343
20177,1.713578552967577
20178,1.5518182190621177
20179,-0.6425545143463474
20180,0.4650090512211278
20181,0.8005487621713145
20182,1.1785385952919247
20183,1.0029665563632177
20184,1.6925510218495736
20185,1.0079366906052227
20186,0.5846499669141638
20187,0.6162823802941304
20188,1.5969303584578434
20189,-0.1617613393874912
20190,1.5507177407832975
20191,0.9081793412994907
20192,0.6155401831146907
20193,0.8477786715944455
20194,2.09906365447743
20195,-0.11053307291390203
20196,0.10411006013347385
20197,1.7413560969484423
20198,0.45342056949563575
20199,0.30549423982379775
20200,0.7350529559834806
20201,0.8211485024421155
20202,0.8454005874141373
20203,1.6288835919893927
20204,0.19563162277144788
20205,2.124895805509944
20206,-0.02332978992905825
20207,1.406854114494648
20208,1.066092061213246
20209,0.07887386382521124
20210,0.8482523897770262
20211,-0.0006365861080919327
20212,1.6925398331192736
20213,0.6207548808814836
20214,2.3897490417489267
20215,0.23852428128477537
20216,0.9281288644416641
20217,0.6537311917883215
20218,0.6205617805829733
20219,-0.07987120272914974
20220,1.5667751425805991
20221,0.8458604954910924
20222,-0.016029141708113925
20223,1.2471807868824147
20224,2.348297478753261
20225,0.40105572679882856
20226,-0.11445488486650723
20227,0.8471579258074318
20228,1.0662114385620356
20229,1.698622855124862
20230,1.5440253779706743
20231,-0.3460838954613883
20232,0.7827770934873362
20233,1.4436013743720157
20234,1.8125775140897065
20235,1.802451727058872
20236,0.13321198286119704
20237,1.4058529503830455
20238,0.08489500434486347
20239,0.402224821780439
20240,-0.22382840067051138
20241,0.48285883846878686
20242,0.057786962615782325
20243,-0.06102856923852665
20244,1.6897924002553364
20245,0.16615765811352
20246,1.5146093388031352
20247,0.9738636254535843
20248,-0.0407019524192008
20249,1.0644669822960005
20250,1.0610990709919754
20251,0.5525674007712643
20252,2.300261142717472
20253,0.7613253278452506
20254,1.7117155952297245
20255,1.047540529841773
20256,1.7549845720341353
20257,0.7542806921950176
20258,0.7540662967718548
20259,1.259199888948173
20260,0.020219712439156434
20261,0.5995075930820907
20262,0.8299796287322452
20263,0.22147460401639438
20264,0.7706715826319364
20265,3.018083037870923
20266,1.0449284339526002
20267,1.472045942433379
20268,1.7857331775412815
20269,0.4480383835400545
20270,2.261150169128511
20271,1.211244855310517
20272,1.6724713628828807
20273,1.9822348645389358
20274,1.4211504815084053
20275,0.5928003492499341
20276,1.8370941347279854
20277,1.5116936504668383
20278,0.5657836302739869
20279,1.3868997785322403
20280,1.301662758432065
20281,0.08876900879546773
20282,1.5073641426894846
20283,0.39011060576763334
20284,0.10938324352533445
20285,1.4521624909277793
20286,0.25037651036802316
20287,0.8588174858783899
20288,0.3371482488173587
20289,-0.21082384164156667
20290,0.829211410378959
20291,0.3453532890257324
20292,2.174226126882769
20293,0.735083581247719
20294,0.9221326461171861
20295,1.2960335500889353
20296,-0.4270715900878395
20297,0.14249966100053535
20298,2.172031902711214
20299,0.1803690212961711
20300,1.441508506418852
20301,1.0509600438640123
20302,1.9644268898388584
20303,1.077300006114273
20304,0.15380864832355562
20305,0.2854753429096149
20306,1.1667848994130454
20307,0.8787365771913953
20308,1.3557582994190236
20309,2.153245971855692
20310,1.865881238924736
20311,0.16399314421447092
20312,1.1842022907279757
20313,0.5544273772884032
20314,1.8738082917406034
20315,0.848531810916771
20316,0.3368480573532083
20317,0.6811045223069236
20318,1.9387742078423742
20319,0.5894205436022855
20320,0.5467935247328464
20321,2.080239160607079
20322,0.4684881446058191
20323,2.3992045708625636
20324,0.5655282413945526
20325,-0.0543180475062463
20326,1.1145666320368202
20327,0.05397371757630943
20328,0.19332887811535004
20329,1.823674288227084
20330,-0.14034468380366186
20331,2.2091904494745287
20332,1.6934684976264922
20333,0.24868669568509888
20334,0.3495430181224192
20335,1.5481896255511667
20336,1.1910642359651429
20337,1.0699554509895162
20338,0.9775320011173394
20339,0.822691981700951
20340,-0.04605064932091527
20341,-0.09014358522045265
20342,1.1639044117959192
20343,0.06374148159356585
20344,0.828181489488937
20345,1.5172912060569725
20346,0.9073551101011681
20347,0.06185709388998616
20348,0.3610253531380622
20349,1.2681639822595292
20350,0.40030221243757996
20351,-0.019659592042611557
20352,1.1938540909953745
20353,0.17518281811589775
20354,1.8241436959934616
20355,0.9215574720183995
20356,1.421735614156912
20357,1.2305704643913447
20358,1.3716032846377355
20359,1.2317368878337427
20360,1.8058139648528826
20361,1.098461077154358
20362,0.03312863117217779
20363,2.3680903636885207
20364,1.663059872653502
20365,-0.08179194215840183
20366,1.1122987856629614
20367,1.5643372146521286
20368,1.4519336012320088
20369,1.3294300721919454
20370,0.17957624040397877
20371,0.81487487411509
20372,1.4534950815110381
20373,1.124028866808997
20374,1.2546451280994166
20375,0.4197746387634877
20376,1.467504257441218
20377,0.8017718824050843
20378,0.7146391853246739
20379,1.5226611988326018
20380,0.15907120058076302
20381,0.650555553330787
20382,-0.19498852818841098
20383,0.851943450795958
20384,0.3590328943742929
20385,0.7815162563779466
20386,-0.12538449630608486
20387,1.4208699393214965
20388,1.4893579238210064
20389,2.072516755783938
20390,1.548265386947939
20391,1.6225060940185914
20392,1.8825882371505065
20393,0.17323190204460948
20394,2.053506135611908
20395,1.8915522922402177
20396,1.1452276480027717
20397,0.11907546091118915
20398,2.1957197595568103
20399,1.6416492110499568
20400,0.8525998277827279
20401,0.8577154546619842
20402,0.7856817385849626
20403,1.0871299218319728
20404,0.8271736359179529
20405,1.2692900617056415
20406,0.9934943745773115
20407,1.0827775374569215
20408,1.1696528269550608
20409,0.7076034988720434
20410,0.21708537523847668
20411,0.3513148544667457
20412,0.06896779633362032
20413,1.4832572224509715
20414,0.5169325199901055
20415,1.4837527805544164
20416,0.3737339575246098
20417,0.03985369442834676
20418,0.3037914007307969
20419,0.7262829581012549
20420,1.0550756628013638
20421,1.5962155507053017
20422,1.372973215860138
20423,1.1864710963401737
20424,0.30321804919050466
20425,1.5059940876262674
20426,-0.1237861681248219
20427,2.4122281584729985
20428,0.2890524597427311
20429,-0.0022934378010704415
20430,1.782263301971748
20431,-0.4434914948135456
20432,-0.033204961175865466
20433,2.0765474880347625
20434,0.6458995966035987
20435,1.1483862967364347
20436,0.5947720849605387
20437,0.5840329805376583
20438,0.9537495882565744
20439,1.0475131018176427
20440,2.1846985609919103
20441,2.1863659771785056
20442,1.5058336293791783
20443,1.6587617531896142
20444,-0.33344786813910215
20445,1.4304135142594532
20446,0.019887485425554435
20447,0.4947509088664025
20448,2.2778128081063773
20449,0.9485373068191318
20450,1.9481708024681312
20451,0.12320333764429967
20452,0.9834026619517616
20453,0.6741683012185309
20454,0.9427606581344707
20455,0.46590684778648284
20456,1.4010839701884672
20457,0.3227616366494203
20458,1.1875030354616392
20459,0.8684832199397122
20460,0.8419333761505965
20461,1.032706594270464
20462,-0.2666878909762761
20463,0.8403822622313195
20464,0.5720156638112016
20465,2.2239928361611954
20466,1.249917721148986
20467,0.4179576718821669
20468,0.6391644320790979
20469,0.8128598706858403
20470,0.8157484325961655
20471,1.8725672697452103
20472,1.6301194309895441
20473,2.65367025688502
20474,1.2579574611681084
20475,1.9684536262302699
20476,0.061371904443322356
20477,0.2932520713606372
20478,1.0770352868071291
20479,2.0183590922093795
20480,0.6193453047442739
20481,0.16724559211000295
20482,1.6160798233616946
20483,0.5573488163241176
20484,1.8523490324298186
20485,0.9624152996067716
20486,1.1170465128675617
20487,0.8182704220083983
20488,0.8384443838766777
20489,0.42964842929656183
20490,1.6074520686415956
20491,-0.21022689221500424
20492,0.32408375281773705
20493,0.5743710689665509
20494,0.5067970058169589
20495,1.5660181851178923
20496,0.11711592964927657
20497,1.1745191727758837
20498,1.4920511434573627
20499,0.23503387102046558
20500,2.1757005305504262
20501,1.4575631972784173
20502,0.14191477021005472
20503,0.930193878597275
20504,0.8811402347126729
20505,0.6708729089621562
20506,0.8018568769491075
20507,1.3853206925895103
20508,1.7596086789085874
20509,1.0346760442359257
20510,0.6369531681517564
20511,1.2938286163437218
20512,0.9740448536160405
20513,1.7664190787548284
20514,-0.0030218857454678005
20515,1.5733847750876695
20516,0.3454793463900095
20517,0.4045022286378584
20518,0.491996914088246
20519,0.7689048920961741
20520,1.0929018366905585
20521,0.14349053993866379
20522,0.5814717311094701
20523,1.8675248477672446
20524,0.1987423137016603
20525,1.1159888975015044
20526,-0.6132860013667802
20527,0.6026940388526306
20528,1.2439033212533979
20529,2.4693912340694917
20530,1.1812712728281722
20531,1.2130232249170219
20532,2.2089400401220476
20533,0.8008258804181126
20534,1.9695786968734923
20535,0.1509791621285013
20536,0.4028711835726207
20537,2.365988243070684
20538,1.6973064483939628
20539,0.6220659237570092
20540,0.4268437595481912
20541,0.036116752157814465
20542,0.5480226609442733
20543,2.0058718851986037
20544,1.3172953681459947
20545,1.3919750111628888
20546,1.909368022811315
20547,1.5546264231317677
20548,0.3523389590420926
20549,0.8355874181054396
20550,0.2438662814166956
20551,0.6524075576309132
20552,1.1157647874257777
20553,2.0213601006886073
20554,1.6469238848037078
20555,0.10353424272899941
20556,1.9091420241819659
20557,0.6574803617138605
20558,1.3505756823421977
20559,0.7192994058568767
20560,0.8814121399883039
20561,0.27508369707279534
20562,1.3915765041745796
20563,0.7501538960727634
20564,1.1452001274985257
20565,1.1384679256453112
20566,1.8308129838831486
20567,0.47111183036953574
20568,2.14461953640959
20569,0.19343325524034505
20570,1.6252937868911568
20571,1.486345473233373
20572,-0.33257414338950575
20573,-0.04773742733627706
20574,-0.3194959823276333
20575,0.05584984946493589
20576,1.2393751775966197
20577,-0.028239750972660335
20578,0.9962826291893833
20579,0.07017569587515601
20580,1.5306791318029682
20581,0.9463475231202705
20582,0.23999987284949476
20583,0.02508821433845579
20584,0.009247873331487882
20585,0.5769573534715506
20586,1.5243853666716776
20587,1.574696685062703
20588,0.35163502078139003
20589,1.0972386801173408
20590,1.417522319869168
20591,0.07727091511809676
20592,1.0342888492284066
20593,2.113047308253388
20594,2.1782775340740548
20595,-0.008977766581593272
20596,0.6806462503362299
20597,0.5481189724334797
20598,1.0665487413543564
20599,1.8376455916572156
20600,0.6795817863375986
20601,1.349567451064175
20602,-0.16802913999108068
20603,0.7789312021984708
20604,1.1288541669884533
20605,1.0069367823890145
20606,0.2597277947431297
20607,1.162136822859342
20608,0.5191123288759371
20609,0.9496141303074088
20610,0.613161520609016
20611,1.6632328141659192
20612,0.35655842274181065
20613,0.7827447690265584
20614,1.0556370994529833
20615,0.7417081444018201
20616,0.3882552035073441
20617,0.2698286269745295
20618,1.1022719886032548
20619,1.3160515688591345
20620,0.12079587323219017
20621,-0.45167211739662433
20622,1.8236525087898507
20623,0.8614564325834053
20624,1.9467539587098621
20625,0.40766623284597236
20626,0.5343817498771957
20627,0.5021542576277753
20628,0.684220956026691
20629,0.5982582194033366
20630,0.6040202958426631
20631,-0.37029805741300004
20632,0.04636987175283297
20633,0.6532106451717609
20634,1.0115986181031378
20635,0.7437193510852045
20636,0.5619879226424381
20637,1.1176721040342859
20638,1.8875644386191495
20639,1.7817846866657499
20640,1.1050579107365626
20641,0.3146421533208294
20642,2.503951221844753
20643,0.3188489781670754
20644,0.553214959081417
20645,0.25044307771142366
20646,1.5740400752307144
20647,0.9155199206632965
20648,1.4522536270689377
20649,-0.4341884518856813
20650,0.9241298807627796
20651,1.9178269484503934
20652,1.2657362880822531
20653,1.0499245776460628
20654,1.516943576910072
20655,1.799354441091177
20656,1.999328828668574
20657,1.6878527695335634
20658,-0.10459941342442991
20659,0.14430222861345565
20660,1.9793007969423875
20661,1.7647982375892608
20662,0.8748982893338406
20663,2.186299707944497
20664,1.565774880615444
20665,2.1432380543882243
20666,0.17428013039888907
20667,2.161239138722537
20668,1.5690268445719167
20669,1.169049298031338
20670,1.2914524945553512
20671,0.7642118148903683
20672,2.166825987100609
20673,1.0589387914460617
20674,1.6345494083042862
20675,0.31360152899403243
20676,0.9408399063294768
20677,-0.012647151020004146
20678,1.0365510537083582
20679,1.6446334624188306
20680,0.5428867028284935
20681,1.77517910228072
20682,1.7067317255447203
20683,0.46564332532886066
20684,0.46389294687022176
20685,0.9168961621934035
20686,0.6781382744594671
20687,0.5476971438090805
20688,1.2168419644288657
20689,1.093419913119733
20690,0.36411721569686656
20691,1.2191304737073065
20692,0.8626117486064666
20693,0.5225358569056358
20694,1.5892891022087086
20695,1.476294877219925
20696,0.21106009021355895
20697,0.7258905890596976
20698,1.7654015504135627
20699,0.5192280006639725
20700,0.8476169094159445
20701,1.4090325414199576
20702,1.0744696332352335
20703,0.030978201628270904
20704,1.1695215010602396
20705,0.9775290081140577
20706,1.750989498288273
20707,2.6617993402654987
20708,0.4461188609192097
20709,0.9751552833273492
20710,0.5445681698223714
20711,0.1412949779076223
20712,1.0400210705148076
20713,0.26290448144926226
20714,0.09116446245308907
20715,1.5244023293744804
20716,0.34342320311669133
20717,0.5857816197937402
20718,1.4534096642093999
20719,-0.21643639667379524
20720,-0.6181805949256675
20721,0.171279637223741
20722,1.0948467519179539
20723,0.48777557074614447
20724,0.7179979989505272
20725,0.20440818347701514
20726,2.1638692771726014
20727,0.42380353917095104
20728,1.5112789351397198
20729,0.42501294596800754
20730,0.9783278844962651
20731,0.824328796485204
20732,1.3172293513212638
20733,1.1700365110708457
20734,0.1053538002885015
20735,1.2663241124166442
20736,1.2635917003873212
20737,0.511000314744561
20738,2.0122962164013214
20739,1.6180501260103937
20740,0.5632732161144531
20741,1.4781857654794512
20742,1.2903037648895082
20743,0.3893301167122066
20744,0.24954009256536683
20745,0.08155977648557568
20746,0.14123840485483233
20747,0.3856059357633137
20748,1.2776303414419996
20749,0.6615183207059445
20750,1.3969605288616271
20751,0.38228477092363305
20752,1.052986859434145
20753,1.4979373338021647
20754,1.6228548894101176
20755,0.26201226334683897
20756,-0.03336575293637395
20757,1.7720723639901943
20758,1.4566634881921479
20759,0.03459193570913327
20760,2.1047191841521404
20761,1.3739026443193425
20762,0.40168384637159193
20763,1.9358357743265768
20764,0.9036940669879774
20765,0.7136254498551995
20766,-0.14640184925872346
20767,0.08500231981716654
20768,1.171664731842842
20769,0.9118791927290884
20770,0.06774722858145003
20771,1.9824706547971676
20772,0.6860739691405323
20773,0.6794048067436089
20774,-0.1852612888088805
20775,1.4894047190249904
20776,1.4086019851594818
20777,2.026083977897819
20778,0.4757567269964164
20779,2.6502177157313764
20780,0.84753419248193
20781,-0.08882030831864365
20782,0.05347678956836668
20783,0.5304986463397541
20784,0.6441716765385823
20785,-0.044815235755021526
20786,0.5122003339863836
20787,0.8406161152292979
20788,0.22993718969721905
20789,1.0678511259100147
20790,0.965459877967979
20791,1.4331325552184906
20792,1.9170072791484187
20793,0.6236111324113283
20794,0.1838732443443548
20795,0.04409294653787895
20796,0.864191867045392
20797,-0.020695601484683496
20798,-0.04487165817704358
20799,0.25848346369932873
20800,1.2600371648277693
20801,0.8388760236108492
20802,1.3968205233221218
20803,2.0242059006307556
20804,0.5076232423005476
20805,1.9296727210261793
20806,2.172225758458503
20807,0.6607681151633782
20808,0.9360193697502579
20809,1.000287834957535
20810,1.024740619814719
20811,1.405325969602606
20812,1.7424898924414076
20813,0.8342711501741318
20814,1.9747300033314015
20815,1.3032584422847613
20816,0.5564476051307492
20817,0.7305865398718205
20818,1.3824612481465481
20819,0.13675858333216598
20820,0.055201136984271676
20821,0.7101732074594634
20822,2.118169234416887
20823,0.9256426056616689
20824,1.351347656640444
20825,0.34817068773711457
20826,1.2793336375997344
20827,1.6100762005358413
20828,0.1459685861349006
20829,1.1972986128666254
20830,1.307936865895299
20831,-0.36919832395297225
20832,0.3157613800858723
20833,1.2856919026156648
20834,1.5303896649451256
20835,1.0536167568876706
20836,0.6812201548850918
20837,0.8393539151004136
20838,-0.23642485684500042
20839,0.3551469455504411
20840,1.6129784533221911
20841,1.1351160676601797
20842,1.990319865498711
20843,1.4607238517943895
20844,1.0504319846104984
20845,0.7484519153923788
20846,0.33200527215328995
20847,0.8823350588768226
20848,1.7823611738233136
20849,-0.04883898590494963
20850,0.2212277702001519
20851,1.9541790443168998
20852,0.1631070188554446
20853,0.592207794831384
20854,2.0775646445196667
20855,0.9110784471505604
20856,0.6485624746819689
20857,0.9542762867282293
20858,2.0795645441772708
20859,1.9472724184856594
20860,0.6827829065040547
20861,0.32011472211577374
20862,1.2351851084948817
20863,0.04360618184368793
20864,1.6757896330555209
20865,2.335512124079474
20866,0.5494622363191999
20867,1.8872868570607515
20868,1.368066216672554
20869,0.44075439426032986
20870,2.2702650038876167
20871,1.536166528255927
20872,0.7573265645442502
20873,0.37266378268624095
20874,2.4940745325197153
20875,1.1649473898308935
20876,0.20537699137604176
20877,1.505019123261121
20878,1.5458922243041855
20879,1.832943193730476
20880,1.1084574642380651
20881,1.0847344597553017
20882,1.0292191547356584
20883,1.3570454347249585
20884,0.7393167835422186
20885,0.37734034955532003
20886,0.3003528147824374
20887,0.8707861550966386
20888,1.8399783217269712
20889,0.7439744466793491
20890,0.8378190512630839
20891,1.6035032923906738
20892,0.4587913267139394
20893,1.8460497984904474
20894,1.3048249279886948
20895,-0.23895409040083124
20896,1.8838960044666195
20897,0.3269710618560452
20898,1.836014011978209
20899,0.4509323563641717
20900,1.1372632085478034
20901,0.8146896543632529
20902,0.10012229906563597
20903,1.0394198463990734
20904,1.9373616605292627
20905,0.7790171056690596
20906,0.942949623502088
20907,0.47016895907077155
20908,0.9792267342283811
20909,1.9478061924224837
20910,1.5181258875551293
20911,0.03254614349601685
20912,1.1061442489179945
20913,1.3593724249001828
20914,-0.28014973323558706
20915,0.2734543713744425
20916,1.4812045361580466
20917,1.4451486472357158
20918,1.9066848591775978
20919,1.7151870734850034
20920,1.98760350952997
20921,2.15615203874946
20922,-0.25111585773833395
20923,1.449890147952098
20924,1.1251783693158999
20925,1.29479000112607
20926,1.214878437733636
20927,1.5840067418443173
20928,-0.21188735565262395
20929,1.0817664752963778
20930,0.41163550576209074
20931,0.47359680569865287
20932,1.5549606921215477
20933,1.4852102965106295
20934,0.6471139755395086
20935,-0.08315163665860689
20936,1.5025938612716205
20937,-0.9049951081609068
20938,0.6581338691439607
20939,0.0035461173103572274
20940,1.3913150666011465
20941,-0.13539927894671802
20942,0.26968023702888866
20943,0.6901305370631075
20944,0.8366122602437112
20945,0.9313714612696453
20946,1.8116969194490915
20947,2.0975353094106226
20948,1.6383344072348363
20949,1.807466670064554
20950,1.594988075424649
20951,1.1320838391054167
20952,0.8686046297037452
20953,0.5797499170442297
20954,1.70112385763389
20955,0.7758336599271853
20956,0.1733809501639558
20957,1.5486329283656555
20958,0.8740126956322529
20959,0.836863637348318
20960,1.361218004601816
20961,0.6216297309893273
20962,1.0808313660261137
20963,0.09496669057016084
20964,0.10284481649110272
20965,1.1188808017454153
20966,1.2325856990551822
20967,1.5675876339740147
20968,1.0243341331174833
20969,1.6803012464195677
20970,-0.0739389200545279
20971,1.8990239539797182
20972,0.8717163396197832
20973,0.1554726247612075
20974,1.7149971368394845
20975,0.5044732354097611
20976,2.0348005373756584
20977,0.5227756009531481
20978,2.23069374733204
20979,1.6648398754475422
20980,0.7599493286979444
20981,0.20516244384893323
20982,1.5743452076817404
20983,1.6256782103079632
20984,1.2289159752907963
20985,1.8657500010375234
20986,2.174358448177757
20987,2.4184198550127416
20988,1.2596440683887626
20989,1.5589445859634388
20990,0.470574898038113
20991,-0.12888531418314292
20992,0.08664563055597158
20993,1.1035798184125807
20994,0.46507826986230394
20995,-0.000781972815985077
20996,1.1289363140111506
20997,0.9263708546227554
20998,1.5713105592067942
20999,0.16272455868594093
